0.7739298772819021
0.748031800722352
0.8118607463457609
0.8343313650441919
0.8790679845338396
0.8223911709056263
0.8192098844404554
0.8150217923208959
0.6859358899051757
0.8136848256129342
0.8281370145868994
0.7007639276701471
0.6064548606380001
0.5785566719104999
0.5745152482679411
0.630927741893996
0.6599790578418964
0.6022886429357482
0.6991450837053502
0.8257808045259335
0.8546866533253263
0.7801523353158852
0.8240352706007674
0.8629516459604984
0.8657088334218482
0.8104100974123507
0.8503177786166068
0.807032988555418
0.8330417230784777
0.807602595592538
0.8707403227388412
0.8331128191284849
0.8222728936278674
0.738296671076952
0.7913430473906622
0.8137165649007468
0.6887618091730738
0.8069525710066878
0.7573356043266125
0.6603403865764725
0.7745047684401658
0.7500724403669834
0.6026342280954959
0.6573985463832339
0.8097547497314774
0.7602234880431891
0.8119297091646891
0.8115923554867014
0.779072010200182
0.787923104628736
0.7938106101180707
0.7963141916505038
0.8235138204397484
0.7965071834465967
0.8257671950424725
0.8323895968655113
0.8267443980037621
0.7979508790574754
0.7446908776965395
0.8555232845012999
0.7930306082129077
0.7536086101219414
0.798226855275113
0.8111490379943604
0.8349794707654251
0.8524779796474842
0.785062072799708
0.7897440358543366
0.84713386509201
0.8209789989530607
0.8268896499228684
0.8165656111415562
0.8491088467627974
0.7806274260640634
0.7954025658556513
0.8326317166992253
0.835881638891216
0.7675960093140438
0.8409004057101446
0.7240895507735569
0.7750784854928431
0.7743488233875153
0.8507798955797712
0.7946911571241515
0.7282755212301726
0.7386848532484379
0.7394699702752415
0.8445324572026159
0.739460060538506
0.8461740763019958
0.8214930857515372
0.7653744853326241
0.82154340601195
0.8345087528586894
0.815584584906832
0.8136555185072163
0.812810087692257
0.8024350948586075
0.8181259290560707
0.7675443301155263
0.8241214002643745
0.7119838838705319
0.8294365057905317
0.7097046041110504
0.8048774491017413
0.7722741902760094
0.6567322592540935
0.5984611627065379
0.7207086198019891
0.8179262711693223
0.7786565373156283
0.809939196025981
0.8017936951705162
0.8267250372246938
0.7789158891174581
0.8338367496836875
0.7831595052017551
0.7970259153990723
0.804614246898917
0.8298613758810666
0.8462351232835816
0.8012562327286777
0.8027907970416731
0.7936699585144301
0.7929845677351094
0.6956816085286986
0.7666801101395494
0.8439445459404604
0.6032715642041175
0.5580373780939162
0.739403435242943
0.6631925107876487
0.6542588534946231
0.7852246462594814
0.7580967125601888
0.7963493526487503
0.8147734719321292
0.8232146066299005
0.7555578863744407
0.8124027445362914
0.7526484860704606
0.807365633288736
0.8212435732302713
0.7008891859751138
0.8094185633129243
0.8257294985244008
0.7904775597908481
0.8223562559520369
0.8124995424699979
0.7115560915000088
0.8092379504279603
0.5671593565572667
0.5479464196393669
0.2975629771341886
0.7382586088593679
0.6009349624863217
0.6210078277137963
0.8110296790680782
0.8613753260633598
0.8068633117049844
0.8069969825301395
0.7250878177513173
0.8770326223595224
0.77613067324221
0.7067796267414905
0.7818928411137719
0.7386589103709589
0.6002755684370233
0.26946289483436553
0.3254656062744038
0.32123339898480713
0.32445352559447094
0.4612326785150869
0.4245702849569325
0.3377756879674005
0.5301255084637192
0.6967761417765371
0.7606544705698987
0.8382090431914594
0.7732750811587675
0.849605189606823
0.604749143125671
0.6457645993918864
0.6022596185254713
0.643106479873158
0.4728261530363206
0.7709268371166165
0.7990432946429141
0.7677339698955014
0.8100571896204936
0.7777260271345661
0.8071972742973924
0.8421225124056464
0.8456491994624616
0.845901101237004
0.7922611940442007
0.6982321689905746
0.7853927064044993
0.8608464289731265
0.6608243383770055
0.6850154258446426
0.6368435269997953
0.6249111105282554
0.41960776799201827
0.575505950298585
0.809053147374917
0.8601390356549297
0.8305844095127397
0.8421843839137678
0.7683795479329042
0.7790134701221789
0.47098637747551675
0.4661350412718007
0.47910814151914777
0.2859180706596936
0.5104575340701225
0.4656647017831041
0.42468058898141164
0.4900053399399157
0.4316071727189212
0.6577564592072114
0.7214710032428148
0.840812361272867
0.8669887759797378
0.6777545778463003
0.6016438829978533
0.5956507028826947
0.37335879402097755
0.679801837067368
0.7552029759241563
0.7606051675863407
0.7604926171988106
0.7750979241003148
0.8035270874738815
0.7837734643844065
0.8195888294462859
0.8298499558809134
0.8664302962659367
0.8683020865434108
0.8297101519224513
0.7732638094849521
0.8356862761971245
0.8455761499510911
0.7555637765954062
0.6014452182131617
0.5801852565802562
0.738520615908758
0.2766010803527327
0.5758782940162468
0.6005778236533256
0.8001070970695042
0.8248124907809676
0.8325837337149881
0.8450141988290132
0.8147952362662249
0.7095200546195491
0.40080077079055054
0.29377457455929484
0.2493794973975294
0.22865809572705662
0.5313800117073115
0.40373242956561173
0.2862542611859586
0.2829108720937235
0.5204754446385157
0.6956785347060904
0.8166049226450156
0.8084310739446776
0.8089811627484075
0.7978475778763174
0.7644943603639274
0.6884178529190212
0.7634143804275402
0.727275666210702
0.8546245847361873
0.8632981039208295
0.8219464825687745
0.8617946314677457
0.829350787412832
0.7347617673089998
0.8204107127071343
0.7564764157274739
0.6079456353792835
0.710630365439473
0.6341061879174184
0.7599241463833942
0.6249266091172468
0.8059064084586463
0.8231960982553411
0.8261428994681682
0.7964173049855241
0.8481030262587731
0.8034818133451798
0.8122592855214192
0.8001846639525609
0.7632600343584864
0.8275523796195193
0.876928238025353
0.7853620419370714
0.842148225391914
0.8213989647354094
0.7981346060837167
0.8178104819299533
0.7910227460333279
0.7591536398025914
0.8028770784738058
0.8142641116131664
0.8303147726983036
0.8228105137230962
0.8725157884130791
0.8038091406406481
0.8215531930773595
0.7967643361331125
0.7467765403397223
0.8133959366477099
0.8630756069415685
0.828338676428082
0.8057260366618527
0.7332230198493924
0.816650625506847
0.7936570866467667
0.8645706719877608
0.8222848161182896
0.8576507277945928
0.7521455390943166
0.7393234868824409
0.5376111056254477
0.4485693429317445
0.3777534825264477
0.4363551887661536
0.41641622791709165
0.2825258555979622
0.5032240457168361
0.5187826747077033
0.46978704805173926
0.6918768733578776
0.800889468452948
0.7462043284664024
0.7864022675506535
0.775875359275745
0.6887874471659257
0.6079767270425479
0.6417471181241843
0.8081192341751753
0.7557648238686733
0.6097301016958085
0.7942709053510921
0.7282561050726108
0.7863943720457911
0.8448542798879413
0.8704307354903493
0.7708533723343447
0.8268991239099815
0.7260722856882231
0.8161692839985143
0.7834186652901737
0.7769864213712183
0.6777619117326864
0.7395778825584108
0.8205653287321196
0.8010682059378884
0.7653511426662412
0.8137747134016776
0.8061462185657332
0.7411653748146375
0.822596157028404
0.7023688607006542
0.7974074867033667
0.8330137117960434
0.7185273716506703
0.8223732744792575
0.7355160414571444
0.7753444557702255
0.8261511687793773
0.8479070445373575
0.7835042236572641
0.7954860545449307
0.8274401941034975
0.8395022449874421
0.7882479513944567
0.78302739929766
0.8223812366525355
0.7741279557054129
0.7917717359631005
0.8154492819412212
0.839499882395867
0.8673769383789142
0.8275384498326424
0.7136683871781131
0.7127910743557619
0.7857137646791231
0.7800149134903788
0.7778864503771545
0.7685075525142215
0.6298376966825492
0.8165672797248393
0.8275582115363508
0.8314118144482008
0.8635102232711849
0.7982054271340127
0.767935348679818
0.8006332056555475
0.8067523583364787
0.8746743294406918
0.8196615155760847
0.8155394715593036
0.8266875981604076
0.8284518082854321
0.7792255167108644
0.7691268850630418
0.8765250401379732
0.7704641790034793
0.8038612315577545
0.7688885846358247
0.8212449924681222
0.7690591629760429
0.7841246897639763
0.832251247666308
0.8211419846172493
0.8446496607876217
0.8272951779850338
0.7706416787885911
0.8068522735190933
0.7855346993060895
0.8346618687382112
0.7871794227524807
0.8161011694000457
0.8203347158472841
0.7912235014794681
0.8361377902682483
0.8188914051382432
0.7405769578964525
0.7387903954208571
0.8109495171354945
0.8387847973739491
0.7890730975240525
0.7853272206792933
0.682597251165048
0.4526393031107073
0.4200975393881032
0.4093081528523554
0.5807097213423502
0.27644084181603346
0.37363590686749093
0.2624312317300126
0.5172349263100646
0.7157615163779666
0.8141079366196355
0.8432362337593754
0.8192981476247361
0.8018773024514292
0.8165036564340837
0.7455940389358205
0.7873949596811939
0.7943164937089704
0.8108359691467087
0.8032602412280017
0.8467585801475237
0.809306329713684
0.8320581469357604
0.6419305557945466
0.669361704835094
0.4886471044948138
0.2999387350369606
0.29791807002825726
0.4622689521764788
0.4251553970125956
0.49678619667596235
0.2979815249920096
0.5289457752489479
0.538145220832965
0.7923740311324637
0.8072626057170961
0.8182103221781771
0.766905493526171
0.7362107936902176
0.8087174097947682
0.8759858828902922
0.8341892400099912
0.7945817245670003
0.8278344852203088
0.7509034860756553
0.8684123335132732
0.8246386563130534
0.8133605879768531
0.6609406212522104
0.4280848049090422
0.270403839342194
0.3906656032767439
0.3527163381377093
0.30152737554672554
0.2696292817143099
0.3994436465853223
0.28475913435738287
0.5592666424547239
0.7730454595509645
0.8145117716663216
0.8375689703239915
0.7473066227366368
0.7981763625509514
0.836913749756385
0.7203945630635257
0.6734368232782263
0.775695657942744
0.66947158062175
0.6618989093274741
0.3685536612640333
0.7176058189531535
0.7629308061901425
0.8100003585207516
0.7518840606404723
0.8304135766778021
0.7981332184044148
0.8133930018661688
0.621657320000912
0.5002984337089209
0.3798503935022909
0.3708430947940522
0.34389236894929687
0.16658123006392045
0.28608596963661503
0.46711467344537305
0.42449771794033286
0.7826973418305601
0.7952819657744418
0.83517015273696
0.7955635791662716
0.7798784540709498
0.5923034730781791
0.7979121834827879
0.7012256801288597
0.571732465695023
0.6255311358068502
0.6782760729468942
0.8041347039528144
0.8503502856918188
0.7284781940846011
0.6027355032392717
0.7031525578713322
0.6575721764934472
0.6475865425025717
0.6672413834673111
0.6465132758959393
0.7869241835210148
0.8285224274826538
0.8685731408227899
0.8380437631319074
0.7707476579918222
0.7453361935336664
0.5087574072594581
0.4236453719045729
0.2797653142792673
0.30578773828255723
0.2973767818202234
0.2957738537760074
0.3814701242841213
0.5503184143842378
0.7762506252613389
0.7679920395007785
0.8268764945616678
0.7997022275658765
0.7724397665985984
0.7161491416000922
0.484244831115921
0.755697763779978
0.6208044628909428
0.6643520615601882
0.7576981193315881
0.7500692777401287
0.7114608565584176
0.8051788111452963
0.7921240437066888
0.7773206365569598
0.8168456384875971
0.8636451925481035
0.8234444186144974
0.8256806010271477
0.7635107123676275
0.5651035549553454
0.34192614309935515
0.23292675808981997
0.4096910356025797
0.3337295233865422
0.22218281535153975
0.4069562987063006
0.36092882292433814
0.5778381675769139
0.7718937857692721
0.7968029487913927
0.8360455422823938
0.7597018026437509
0.8097237052320939
0.7627571273789286
0.816565256271874
0.7348762621780601
0.5668355689787181
0.7892852216690629
0.6230469345621209
0.6334859011720321
0.8174325314391472
0.6152674956165665
0.80546251315686
0.8321532402584058
0.8495841008004129
0.788434778494078
0.8208694222998332
0.6329544543720367
0.47161742217596236
0.45857942137415725
0.32112267765309893
0.41153046296705864
0.41239505914309194
0.3735147961737091
0.5204729237246984
0.6741960575272996
0.7762087805573497
0.8047912834102885
0.8076769556472714
0.803787161098496
0.5686976572531826
0.7314464255157044
0.6598099130058046
0.6764598252878885
0.7660263310523676
0.6016438829978533
0.7636068508411675
0.7303542944817853
0.8216965631730134
0.7900838798792094
0.7806833331957428
0.8089865279191116
0.8778916216837104
0.8515560739079112
0.8127759181105577
0.681228306042065
0.591868466457467
0.414226633956206
0.32477518020139046
0.38496718572473854
0.49709202806712505
0.548582148790526
0.2943517999768979
0.25349691268000624
0.5032294671603118
0.6511484874627889
0.7899773096504299
0.748396949708841
0.8300502677404357
0.7829350352752857
0.8137651542132699
0.7793798958452405
0.8248119683430576
0.7837133374133586
0.580025921937615
0.698830418138771
0.6274661847512057
0.7340844690953543
0.7610207175716315
0.8022722625653428
0.8274095713375769
0.8252208714165294
0.7539365073485805
0.8177419929688432
0.8185469945881685
0.7223734686185618
0.5329863942048537
0.4432593445713453
0.3722972179613576
0.431234972933399
0.3799161219944981
0.49173012129164584
0.5457170800832479
0.7372352702226322
0.7414632276127467
0.7911555648865091
0.7653980326706575
0.7791100553775447
0.7664533799118824
0.7618530989365857
0.7487815337783083
0.7378463721938772
0.7525150918156551
0.745771148583095
0.8089016567247961
0.7337765760611578
0.8085877856333272
0.8340160927262787
0.7846995690080639
0.8579673315204889
0.7513745842314696
0.7362810149089786
0.7681998186908348
0.7550280593561784
0.7461603735497472
0.8084534901143346
0.7454364762178666
0.8677392460705231
0.7679152916766964
0.8191253921894276
0.7901854734160932
0.6810157853713363
0.36925055177938787
0.4151712489988498
0.3396968447527339
0.2885456387188814
0.26473865982680556
0.3943693136755118
0.4564014361908415
0.4201050393350142
0.6677939032158848
0.8114650111869496
0.730418928761849
0.7547872933730669
0.7896723079327927
0.755800281190554
0.7701368556858277
0.8092753419748676
0.49405526132361316
0.33412782189875345
0.6135005546266669
0.31414020942826987
0.6033028805028977
0.7888459975672597
0.8203481389340003
0.8352131796614347
0.802703552582275
0.8535699107249435
0.8086022848082373
0.7238388496669532
0.4597437639006469
0.4413199692287029
0.2512495040915081
0.43588347809712913
0.21645779970158155
0.4977005554748878
0.5543844713605042
0.6891929100801658
0.8198764111754753
0.7900070102494157
0.7817115197801308
0.7372003838706679
0.6016438829978533
0.6763972314062033
0.6649965755965997
0.6273321391785185
0.6094800628604424
0.6302378840275119
0.7845034377701053
0.8739361162306649
0.7806941736699676
0.7735985587197126
0.8373046945566207
0.8358897908441116
0.8540408069839179
0.7100860704049965
0.7794429517018014
0.7286756570046049
0.7692652128704373
0.7198586106258574
0.7114632373505227
0.6272422230791116
0.6934146919185116
0.601995570236705
0.7998143245054423
0.8321284072548286
0.8229894566300466
0.8343027197836398
0.8315979162900422
0.6891509480946791
0.6513801691915355
0.3935574135729356
0.23958407193171838
0.2628606021465444
0.35283441422576106
0.17329380785665033
0.5978456945620195
0.7116143799966312
0.7711459594048694
0.7985793179458804
0.8431339430085927
0.7974943196191013
0.7694449951630956
0.6037312791572539
0.41982295135875025
0.6902974973520685
0.6580116693778257
0.5007985051118319
0.8084017176193096
0.8151588483302882
0.8006421253050715
0.7563205470757124
0.7414516198386834
0.41372128376578293
0.4182668380814778
0.3632609984732254
0.2885801880056316
0.3033960864703179
0.4145805258979452
0.2581425433420478
0.3186159249328757
0.49090037864670394
0.5998147972347767
0.7626963633024952
0.8124233499581669
0.7782282063173986
0.7945729451280661
0.7400535777421239
0.7700970526839295
0.6901762887728422
0.758683233121123
0.816248664064208
0.8276759801280191
0.8759133007484001
0.8608387096867613
0.8141428910668732
0.7901663694261428
0.597669056548337
0.3717751960916498
0.42226747424907046
0.38177999706104365
0.5540475630205012
0.36366785423016346
0.45068080623605594
0.33941006272290486
0.5300058640004258
0.6917165582142085
0.7996615947066842
0.7911533664122236
0.8195590332797099
0.7938443263275079
0.8192541692393631
0.8471308943268295
0.810721355883183
0.8600460140171512
0.7948332862107066
0.7657394716553493
0.8094434482447685
0.871262053998111
0.8329528668769473
0.7019313613937315
0.7831025258927256
0.5012801644473592
0.41869477452932297
0.22591327848811552
0.26269048013690005
0.28719195453492213
0.3311108826815628
0.24101483542158564
0.30163196651664737
0.3876162889766561
0.6438349644296127
0.79230970633125
0.7871573275281989
0.7827932980184461
0.8593475836739668
0.816614706503166
0.8505222509434966
0.6764085280825407
0.4999999604228419
0.4414716676543374
0.6300726091125415
0.771368090668312
0.5072955999411121
0.6065270803157362
0.81337268763993
0.8251840666990679
0.8457765461558338
0.7813856219530652
0.8005650990090735
0.8076674597884894
0.7361069883639655
0.7209861190429657
0.639477931443901
0.6059490987645973
0.563484383321466
0.6016438829978533
0.8034784209002427
0.7594010028291287
0.7474173774723484
0.784568965200892
0.8145541888363914
0.7453019044112686
0.8217453946983518
0.8037934996445546
0.8009308373596119
0.7555104843986402
0.7118279638355309
0.3853728394277048
0.25001999779659656
0.3033318319268649
0.23275213474572282
0.3441480793382047
0.2892519386295102
0.27814181589395615
0.5276950681616026
0.5935801731733406
0.7746390322631477
0.800747395189704
0.7508686199598429
0.8018176861133499
0.7451161013936155
0.8087811033793932
0.741234266663936
0.7676611475754939
0.5671593565572667
0.5268165456170624
0.6657098229801695
0.6690019642981349
0.6401551319955314
0.6035130218486559
0.8155325362467569
0.8566773318261706
0.8159654336787429
0.8360259906309889
0.7957423022283586
0.8622795109800308
0.7630808326321685
0.70475707326151
0.6073945988476989
0.6063961399941094
0.7713947357370152
0.6032827019672311
0.8163521085481633
0.7182208370442446
0.8293879844910783
0.8505128003548379
0.8203879071928962
0.8433723680618789
0.7785873960192877
0.6759355213602659
0.4387134121885903
0.46632522922260505
0.38400174274631615
0.3072881267609008
0.3392196106891621
0.3460920029893959
0.26408122072790935
0.41048608292315014
0.3921578055714796
0.6151753325373918
0.6915836476981997
0.7898353231958173
0.8269935173095123
0.7705319960036836
0.7692605307625985
0.8146269828075693
0.8451787469958962
0.8119167310874618
0.7979238150673699
0.821456127813369
0.8175138050451584
0.8110550628706521
0.5099968702430411
0.45638912032949014
0.27220013168627033
0.38383584093079615
0.3415493547459886
0.2553120345244331
0.4781715247072622
0.3565249838448226
0.45599555118958535
0.6359207099424953
0.8103253390402749
0.8082257891438445
0.8206540079372006
0.755397779729966
0.7221082488970764
0.7836897029607803
0.7751095711411458
0.799361047981673
0.7512787427137978
0.7635111706576722
0.6202611308509284
0.8616650634292417
0.8831724627418551
0.7248405967602178
0.8656290880948387
0.8581498226471213
0.736616546050754
0.6826901506169898
0.4859949146436295
0.4665208584086041
0.31673872538736253
0.3877321283040761
0.2736832452736085
0.3418121428069332
0.2726970178313807
0.40009237727394364
0.628160531107634
0.8016799918452301
0.7831242337301056
0.8729397441340655
0.8762218616311626
0.8140487771955752
0.777927967206021
0.5678494065615688
0.7825431413180675
0.6969630644254738
0.7102299339426759
0.615448197284201
0.6043857135227118
0.8085308045392678
0.840004688783153
0.8017870093783158
0.69985021755757
0.6513520347103221
0.48275686597614864
0.409536935468821
0.3742620231824722
0.31358013509190735
0.492760403899409
0.3907266544768549
0.5394418926947229
0.5393032229573392
0.7276840274316573
0.8111690465795499
0.8270173127840273
0.834733985224423
0.7938871744561894
0.7921509618439352
0.8328176038944238
0.8069552888114943
0.6012973300847161
0.6956895642956608
0.7054454411818444
0.5738070802484979
0.7662028804978014
0.7725945457946508
0.8310809757027465
0.8083090569818282
0.7955016431802069
0.49990065541997436
0.37855931342615
0.41400240068926863
0.36660652628791524
0.3974838411493336
0.31710784179908547
0.3795540141553881
0.46528773474193225
0.5175113099012844
0.6360624373306085
0.7999617982878741
0.8200822449234805
0.8644043652547196
0.8085609449478629
0.8231451950311934
0.7982549312711431
0.8175516099573947
0.5499276274161246
0.7019925539819206
0.6835041345254765
0.6377601468115724
0.7439873174508623
0.6016438829978533
0.7955140800984823
0.8119197436749641
0.8331825854957038
0.74865818843088
0.8057070647320732
0.7179721839102506
0.383932404128125
0.4294047183193663
0.3624160421090907
0.5911830323354527
0.32308051565420043
0.3959271492602406
0.346592356200713
0.5877961048089141
0.6582941491817894
0.7115399345169894
0.8675565756230834
0.8303650683462633
0.8002971226424431
0.8219178987100898
0.7722323463998048
0.7829151044732661
0.7763295098762238
0.6073818737191502
0.5857042559871233
0.628469524843019
0.7210839863012276
0.6257195946292605
0.803477448415762
0.808366043703175
0.8457107756552628
0.7889158145488385
0.6481291418191403
0.5560888620954934
0.28266834290343756
0.38776106624743684
0.4314754975998846
0.49345970017180973
0.2219796934260415
0.427951222120077
0.3988170066542143
0.5874491380112468
0.7834145066109492
0.8101927952686448
0.773921182254404
0.7931176073193549
0.7277369843068027
0.82345688578868
0.826127394073416
0.808308596029504
0.8772964526023976
0.8087490944753094
0.7929946049240562
0.7192585125085081
0.5993394113562553
0.4889315343370274
0.7580213356230532
0.5909863980890263
0.759242283035406
0.6132238531408897
0.8121387272370414
0.7203348736891811
0.7315762915181375
0.7941655845720479
0.8340369420191565
0.69008838856241
0.7614684332642606
0.839851251555459
0.7969596645783383
0.7877727142119353
0.7894042744296864
0.8560758080315993
0.8084529701417048
0.7958829840721371
0.8208811600128253
0.8207517146231885
0.8005682729423763
0.5544722615139862
0.41756909025465505
0.25925266968416844
0.2928331069672302
0.25516676673937283
0.37278076550338773
0.2723888981694708
0.617581511047592
0.6186707747737888
0.6623535079362235
0.7457656482961574
0.8124353164502917
0.7671869630024589
0.7865275614315362
0.7772772883637709
0.8313100661677304
0.8743192810415925
0.8004130331365884
0.7807034176065971
0.8284354516753522
0.8171792168802711
0.7443974969458668
0.815152452405664
0.7549149307326094
0.7795133246441557
0.8419446122286467
0.8120821115046793
0.7145482587828476
0.6580486947457943
0.33293455581903997
0.2063979681008054
0.32106408440201606
0.3891129596371022
0.3850840388541338
0.21232233379643653
0.5085403098887494
0.656464789673288
0.7912378944784823
0.7954248048873296
0.8574080187413249
0.8809036552645457
0.7776916489595926
0.7964385151035301
0.7441825997751789
0.7630592668474344
0.7594689775512914
0.5997643562069556
0.41822143550133484
0.6526521393339586
0.7275128528155104
0.7511440423249951
0.6354959766012029
0.781036531461756
0.8375252890439652
0.7588788501503484
0.6629962035505246
0.7749008005945188
0.6695730306157449
0.8121205624825436
0.7180773935850577
0.5739662777931295
0.7213702800947793
0.45160822410971846
0.8333972075608738
0.7885978152581431
0.8682842744297712
0.7891298006730857
0.8032209520684555
0.8252092886771536
0.828066638712731
0.7898122879673766
0.670655257845061
0.38217904686841775
0.4205836776770184
0.36237201922917306
0.26296425936427775
0.3832805983737778
0.39942424787272013
0.4127839408091169
0.6326471643352964
0.730644671786943
0.7457559013645044
0.7934236269455629
0.8341077615565495
0.8157096263874256
0.7980843394444149
0.819752794886481
0.749526357379909
0.7593063948176092
0.7598289474509143
0.705407458915365
0.6278694434268901
0.6244000102532157
0.7166798623964094
0.7888595798378942
0.8114233237713624
0.8408059527090692
0.7786126049098305
0.7845577360849271
0.5450701346181278
0.37450300036360135
0.4080839857818546
0.3013050292847639
0.382837611894544
0.4008202326029309
0.29573741973377177
0.24629869900563034
0.2900075114991287
0.5262931163682247
0.590201275892437
0.809046302839813
0.720527211386289
0.8080276675320285
0.851148857777665
0.5671593565572667
0.5962373905440663
0.7555427671453387
0.7174704186556243
0.44201776355141426
0.7314654513248103
0.7806295799202596
0.7330858119717102
0.8231799050813164
0.6439874259677494
0.8332306997740331
0.8255724891249581
0.8018336411128004
0.7264220095187188
0.45204274563971153
0.44278794360338936
0.37595235963178636
0.23083610293267756
0.3098081169342482
0.29102421194092803
0.3660404405736053
0.5513801202162243
0.6592270977724719
0.8420482715766896
0.8067536123386359
0.8564278309131975
0.8159752787678727
0.7959997968008746
0.824047752074872
0.8229701339537084
0.8274816456007893
0.8179718309659527
0.8000172483397698
0.7542192532973141
0.6718822818539436
0.43550049587030465
0.36920301886285356
0.26352149428285043
0.4000488684320064
0.31525613602510183
0.31473098349887335
0.1784513364314835
0.1977801366137589
0.3665231527620063
0.5644288568239154
0.5166987323780196
0.4106320827899249
0.37035209132012803
0.24914193276216737
0.22722974114563066
0.45977635412238027
0.2615997019120205
0.3755072057760416
0.39908069429675
0.21625917854420085
0.603450068773992
0.8013949371189029
0.789414871242504
0.8487320207275256
0.758952534004638
0.6125428518290245
0.6752197520632044
0.6189574991760544
0.8087642956471925
0.7082522141651962
0.6751216724830771
0.7789012187902291
0.8330417495755051
0.8063202412188117
0.8455805043781588
0.8166688831054344
0.7512987336022786
0.4835421589035671
0.40346531951707637
0.3847093625852123
0.3799082866194627
0.49200068157882015
0.29535029287596076
0.32556489946727796
0.6186352847973847
0.7287163564773553
0.774251022297897
0.834922336588918
0.7481468251446591
0.8571439302252111
0.8032851279064352
0.7522519162242273
0.7616034220548131
0.7969679788727162
0.8332284160755096
0.8247008351351016
0.8133459048794137
0.710697859157827
0.4865871106629473
0.24462865209427678
0.2695956836860512
0.39048021823246437
0.35687410528684554
0.3956963156003447
0.14295076195932052
0.35178263195786613
0.23276893872786128
0.33571218461069174
0.33766057296605523
0.1975139845436206
0.27350381085696396
0.266291392099453
0.2731070133376682
0.3243641648324813
0.28807283432981795
0.33094207759948674
0.444443798004655
0.7401637835425092
0.7593842775655619
0.8261560946670179
0.7718653160493812
0.7853843332986856
0.7929410692745027
0.8378020307946252
0.8310503603318772
0.8298778825071672
0.8597097370854573
0.7950258245991515
0.6934310594191888
0.6002517568912757
0.671344485334367
0.7071721249830405
0.7477858114304289
0.777521747716986
0.7887466103902975
0.8457838148083546
0.7079256741951506
0.6405394658072845
0.6888294272622625
0.4502991020697691
0.7793032035710132
0.620702887702979
0.789528295652514
0.8346372819965078
0.8335362094772586
0.7534434638038572
0.8000185411955627
0.7936579492703606
0.7356448495421926
0.6003361687171312
0.7385214767393444
0.6510485046802171
0.6949483324296305
0.7501084857360887
0.4488629767673807
0.6175603857026358
0.816020570977999
0.8345260739481881
0.8707223132699005
0.8672861261516798
0.829719148503637
0.8566806047094779
0.8276737027715179
0.7602701517013101
0.764379878315001
0.6798748538203703
0.626038312575941
0.6326244084076231
0.7623414967887802
0.6196585397462133
0.7483373046956006
0.7740192990240676
0.8301324984741543
0.6910021484040283
0.6042034977486203
0.6647923585971265
0.820274538515577
0.38965450372193317
0.7744026730341091
0.8073514208931336
0.8354886559438384
0.8704168757780443
0.8451380535214581
0.8665347834440921
0.8200994082343748
0.795726308605617
0.7192837046391923
0.7651365784918339
0.558370444933555
0.6982708444654819
0.7099450003714932
0.5612948171943317
0.6389726529669276
0.65625768459461
0.8115832835989639
0.8335804693059713
0.8390386318992067
0.8261215263644786
0.8235735829675722
0.8265866308821535
0.8243970309317307
0.8370568979638368
0.8580029983568638
0.7793639677989032
0.606841121114497
0.6043103091062587
0.7941858969400662
0.6037998100166572
0.7771526144044071
0.6018783411570878
0.7974329300607834
0.8161295430895106
0.7458378941473001
0.8771257424315767
0.8691795904258822
0.8355996354717331
0.782506730831139
0.7592276453281191
0.6981349006143954
0.6005384274376596
0.6289124815970046
0.6443297531359055
0.7780415690388693
0.7053507937895437
0.792329907234655
0.7766077284987322
0.8133922256174538
0.7535921039293028
0.6044709713010206
0.6262308042510962
0.698814761919586
0.7230009978090912
0.6060876031181417
0.7968181733354244
0.8219657078732396
0.8316632923927572
0.870438052582555
0.8201669935749004
0.7616448920711659
0.8087693307378063
0.6617797440789281
0.705132346729267
0.6961342321017605
0.7333671579866246
0.6478976268114651
0.4151426100644302
0.6063066688812098
0.8014820238198506
0.7729224703711194
0.6188404990088081
0.6224168648871802
0.6152283985778143
0.6403529935454515
0.7465890847298842
0.6019070177198653
0.8000611305752204
0.824830815870765
0.8325030395123769
0.8604371273284744
0.8068288985897536
0.8110832254757326
0.8123360317543671
0.7814304883834281
0.6037068478076929
0.6859292732863715
0.6318204710830329
0.7886017572353374
0.7403862695615078
0.7253069940904071
0.5800460069621249
0.761456733002978
0.8332298625057217
0.7248380586335837
0.7502439967534305
0.8257833016921394
0.7348762853909225
0.7517945490340077
0.6142531708964075
0.6485156168733147
0.6735278065767579
0.6519244809071373
0.6029253428859931
0.7434404697377505
0.7741078405740001
0.8068753301804256
0.8132766268931981
0.8135374886395232
0.8162134137730815
0.8552230057492026
0.7098851534139158
0.7648149150599132
0.8244647055461062
0.7828175752321951
0.7253406937361092
0.6444196765588965
0.7547921971443928
0.6064734386414624
0.8074966647600629
0.6308068178506967
0.8075211000122187
0.810682069128122
0.841817445897774
0.8640358672267286
0.8423987418945739
0.7835715484984328
0.7995109128531268
0.7547918136307462
0.6948760878181218
0.5950438573544649
0.6263335296468467
0.7409745667027167
0.6278522330310154
0.5935180051531366
0.8089691693497477
0.8601390356549297
0.8721076509186473
0.7860789696169829
0.8227116451412507
0.7913299075061708
0.8111637041363344
0.8160878546422673
0.8256138534561154
0.8364256011309956
0.8538242834800092
0.868533631162411
0.6727965179513302
0.8140070030786994
0.7962654212079265
0.7365998000657654
0.601997626410567
0.7010391335496381
0.7426662580972332
0.6283261184360078
0.6075883086663932
0.8086912085643426
0.8520874357061977
0.8622445981463299
0.8837997832975014
0.7881433194123446
0.7504162531395668
0.7136374106862016
0.6396013246767451
0.5034400939314506
0.658223536787045
0.7171270469187223
0.7135739055478095
0.8027291118414006
0.8241632003356508
0.8242380676183434
0.8789115911440574
0.868533631162411
0.8547095365949943
0.83283562742264
0.7702972152176096
0.7824413561713713
0.6200361738734054
0.6492982176046459
0.6340912329506782
0.7525504327235021
0.6016438829978533
0.8020175716105261
0.7192642700675574
0.7608157028115708
0.6044518222634002
0.5500162851719803
0.6088529177485007
0.6278235469516208
0.7784706491169614
0.7956911841932106
0.6100299316461368
0.8160288888082421
0.8278313219622775
0.8471655504129959
0.8655292174029939
0.8361466182428174
0.8164872081995164
0.7475740488687399
0.7751404373208072
0.7604145263021218
0.6117960690454548
0.29364305399481955
0.6458391557724313
0.7573455932477005
0.7503743482736543
0.7179635418071098
0.7653768535022022
0.8091340288767861
0.8485676057057958
0.8357030020178565
0.8037346950464637
0.8164185171373523
0.8188414547111382
0.8122414512017236
0.7287073564005138
0.6485503194959338
0.7129034265061808
0.7744179937986067
0.4025342334720375
0.6040106463949594
0.8064566038595972
0.7420919163371487
0.7924023470654553
0.8121222478190501
0.787952330778691
0.8554024873176336
0.8353408376161174
0.7286015853188376
0.788240653925792
0.7646422468573746
0.7295886231998232
0.7536291490406245
0.8291715507318539
0.8494645389699983
0.807717231059338
0.7291220684365772
0.6272327673880557
0.22828076901155722
0.17487281231014673
0.33233515824740756
0.3353581051370845
0.2779653923856708
0.25897937877619576
0.3729867055472605
0.5319317336722305
0.7302243550620308
0.8075525321112785
0.8508201226863208
0.8092116364848121
0.7460417842582753
0.6037068478076929
0.6513946827490814
0.7415518821017194
0.6246254526041773
0.7319060692934768
0.6310640242004648
0.8174072619442699
0.7124180707516389
0.7742977696929384
0.49569495813258757
0.679558221109791
0.7010293331621371
0.624699851311186
0.6718529337243814
0.7987214243504954
0.8106716593404382
0.7869228280371694
0.8292524246933718
0.8715563953589631
0.8676358790221701
0.799881829432839
0.8112058022432782
0.577616297977723
0.3879043090718924
0.3458685870613105
0.37668556837190487
0.3950097095445586
0.28361437245630244
0.27236316117860143
0.26397986653853267
0.5120659135772528
0.49790520640214836
0.7058143641084069
0.7606337109710474
0.8561739276100417
0.8110986867024143
0.774412266412984
0.7203952183709471
0.5958172122193583
0.6647237756482618
0.6927806151098848
0.7832123348181267
0.8012629409754074
0.6340084466383897
0.749232268760609
0.7537224976636758
0.784444272866065
0.6220376030932195
0.7963896152022665
0.6971162093541605
0.5257101715683874
0.7551690676773495
0.6241072199147211
0.7457571035909328
0.8069469129370204
0.8149649709084273
0.7277752076008361
0.819170051654674
0.7630636439778112
0.7203524278917104
0.7514554354300198
0.829946613722193
0.8162565177561134
0.818901637436947
0.7248581002055353
0.7293960818419714
0.7990447168843741
0.8202312335182854
0.8097346749695319
0.7784486694231585
0.8451937297404457
0.8624319706139074
0.7098381798585665
0.7880341100821866
0.7912456771230542
0.6255035960681117
0.6738156423228925
0.7327590159965556
0.7785019193955026
0.7581399451123041
0.651430703448328
0.8722465543040478
0.8675358373218713
0.49465170720502355
0.4218678494280833
0.7919145976987626
0.6625332377279617
0.7867806322382465
0.5529671960916015
0.7947663814255675
0.8438936339385903
0.8834008325878248
0.8215970362132206
0.8048195682400512
0.8060488794337569
0.8014400943121522
0.6965040603151413
0.5523103713480801
0.6690407782572712
0.6636619571436019
0.7076751515327473
0.4398873341584458
0.6021714138561309
0.736125729827001
0.8121560565526367
0.8331619299515629
0.8205231433816691
0.8322682761511889
0.7442130692514612
0.6964636779060568
0.3808367138303578
0.31870796697543524
0.28578879820571834
0.23217104534620564
0.46152973692732246
0.2447040912998072
0.21926610420787196
0.3248410584256309
0.6474196309645993
0.6767113847888847
0.7531596824796075
0.6846077374898966
0.8055958221977074
0.8257412466547117
0.7140061636912611
0.47133101962659196
0.6676090611753613
0.7609854538805705
0.777849386352615
0.8129889813803954
0.7978205364257681
0.8696481930485221
0.8395248201587446
0.8457252236894616
0.8216420493172987
0.7831738575385213
0.593031244255858
0.5944934922249648
0.2622442609988797
0.31878229402148167
0.27503448552724796
0.35910879010940655
0.3928109896509078
0.2074487443972835
0.3047545120244105
0.4015099488434297
0.3898114220598354
0.39500100618330625
0.34517743935520734
0.6846747475915752
0.8103944097716987
0.826490571031617
0.8629755873223419
0.8454850107492278
0.7634882744031044
0.7380328316639231
0.446122082412183
0.34559289087744505
0.2969064637762038
0.24739492102217778
0.2688346385379942
0.47548382257157196
0.23421170784661785
0.25238091633593135
0.49281214038608584
0.6216522648251604
0.7690547157169297
0.8176346828733098
0.8391145869111246
0.8406055847182862
0.7693305736658143
0.7968710185939775
0.7100618522460828
0.6066788833525183
0.571809836584062
0.6236872961734196
0.7447608565486173
0.673132100654623
0.7264847522026553
0.8090149073063607
0.7481945670028403
0.8136177411132571
0.6260220717521894
0.46214064024723167
0.4737243603630003
0.19623048090403533
0.2694192421668207
0.3061284299789587
0.444778203996039
0.3507044810823389
0.35467682512599535
0.4031910449538438
0.33140948401196824
0.4218336108127545
0.4365968972883947
0.5000966223295678
0.6938109461779156
0.8216734280207928
0.7218418345286827
0.8610053384471751
0.8544032817895988
0.827183030733381
0.628041573174138
0.48447378332582053
0.39798405479961546
0.29310987289416696
0.18621412240105317
0.290075010850043
0.4247972451568422
0.11873889350656439
0.233058681374526
0.26192999559569796
0.45383753651113584
0.6754571422843247
0.8056352800313085
0.8198186599377506
0.8136075086564581
0.8156495786616499
0.6471334230182016
0.39707700039487037
0.5998647079286692
0.6857016521880275
0.810629260649106
0.640761305953527
0.8132032511027745
0.8342142461125914
0.8745821891494718
0.8295851094172721
0.7956960715524454
0.8152999318864154
0.738087196722462
0.7874575672370292
0.5976909337914127
0.5698240421267975
0.6617582290097284
0.7517381757343307
0.6057455903024177
0.8090977055452926
0.8865274230886138
0.7768728652361565
0.61280313480849
0.5950385577111392
0.6120359186569615
0.5604256218764145
0.7565353000296873
0.6249747130816415
0.8132920341090126
0.8144027964765819
0.8724411185063626
0.7180702819575111
0.7948596579462646
0.7739477806451163
0.601195831164305
0.35072119215079917
0.6324432650979227
0.8003643731925361
0.7402716441328273
0.6365769847194611
0.8206475620285169
0.8242660441771167
0.8242203785529647
0.8137967119696478
0.780133384358216
0.7568634839689242
0.6016438829978533
0.7703022274234573
0.7005910152945529
0.7036370741103193
0.6031498470148908
0.714554509927759
0.7928466762179975
0.7309809667246157
0.8078055883185672
0.8357675644139452
0.8251903945819449
0.8142772809245726
0.7996222890152827
0.78776150352406
0.6617373111726684
0.6080101109523078
0.6595682223603007
0.7031451192586866
0.7584003208586377
0.7635122158410929
0.8223208927816763
0.7296098001037433
0.6902338444929133
0.823386832580445
0.791770618349176
0.7885412827696372
0.6253373803630905
0.37288269689678083
0.4398490118826178
0.3768041977530667
0.38616188234429005
0.24041132964583067
0.29710809975239416
0.28985596997088836
0.19361056605262342
0.4068900903855573
0.2483323984210949
0.26596516673160076
0.4336098286292056
0.6672236780823492
0.7641712468819654
0.7156458416729123
0.8661369893033155
0.7769404766577985
0.738282982487926
0.7680703312066438
0.6055348851205035
0.7542373781598936
0.7069568594103951
0.5385580781118723
0.6275684303106628
0.615569057027733
0.7379792422000481
0.7944772791701209
0.8237473760329018
0.8568739801104361
0.8129697093546917
0.8070839926937079
0.7788635979461744
0.6087043643001259
0.6641604675019179
0.6158928996165629
0.7480927039980483
0.4382444586012989
0.6088667004558956
0.799744807434417
0.7396541491087985
0.7945541994142243
0.7681893962690767
0.6033227053321635
0.7005619214742578
0.7660597274170337
0.7730307567758594
0.6356888160312559
0.7807420588495115
0.8105565344130627
0.843980348908449
0.7980828843876675
0.869381148465618
0.8642517829555945
0.7547660258409227
0.7438649174841447
0.8279644267734437
0.8333823421546449
0.8191997759870633
0.8455119618106626
0.792588866915737
0.7701768044807811
0.7448263440617224
0.5486685196162753
0.5935637616159745
0.7581260562726088
0.407126661889595
0.751560709595249
0.604749143125671
0.6442952101754102
0.883120765229253
0.8759238471185068
0.8347830581850918
0.7601762915097816
0.7830029941013535
0.7957909077490847
0.7320797764397271
0.6041694233882736
0.6512238185142115
0.5926915376556992
0.6299222700665977
0.7128162958716322
0.4445807936249044
0.6072695002156991
0.7611498931482611
0.7554232580308187
0.8128049362270323
0.8651253148117705
0.8532679827092124
0.8064785591168738
0.8627967090936705
0.7644253558779747
0.603788362245752
0.7818006695484695
0.6847129290933427
0.7013736736648977
0.7580701835424597
0.7136194710721411
0.8099975789223968
0.7142433217062709
0.7818539201211544
0.6016438829978533
0.5065285608781243
0.8010693971607293
0.8175884579383986
0.6257415302593001
0.6511690109901808
0.8093380143236115
0.7891026684661188
0.8513080869513376
0.7643350475789604
0.6573710514260767
0.7998472839938496
0.8033014831083165
0.769372368483475
0.677474835273744
0.6372827951780602
0.7074674655093683
0.4286757248048986
0.7146713897847112
0.8144044319715743
0.8015962619801867
0.7784784540456559
0.5671683779365461
0.741571125741058
0.6992085672748993
0.6569936593697234
0.6224809756485873
0.6831976508931438
0.8154587911415635
0.8786207862927655
0.8764742279312565
0.8579715765750383
0.8147467853129237
0.8121717297668498
0.7945549509652888
0.6013397620702249
0.5253267141639536
0.794523322379889
0.7996628568930677
0.768144742314083
0.604658427079737
0.2320966567676653
0.7075534139571862
0.8048831005020091
0.8235371684360336
0.8355026645763667
0.8055657979074314
0.7157351513257264
0.6046123589316558
0.2936354694378759
0.35313528282338597
0.5679142842951702
0.39635723836555165
0.22785712188849871
0.22229547539147432
0.27627335798567393
0.20857717648012358
0.24293620948689484
0.32311751124897514
0.5577367795585861
0.6010259319957457
0.7477037906002026
0.8152937489065251
0.8200498900243461
0.6850583966840145
0.7593459746513308
0.5992779900449187
0.7018592470201271
0.6451812227929036
0.7503660372937294
0.43815893971835584
0.6015123930787268
0.6903578285888039
0.7834192622255728
0.8350423103892415
0.737686446071121
0.8522293293438078
0.799177920408014
0.7872474907298556
0.6860703724318802
0.618825758328938
0.6429586126319307
0.7493878254009393
0.7214522290228115
0.6304613477733851
0.6066650125022078
0.8102064607040687
0.8186682393493412
0.7286894497675349
0.6072018276459712
0.5642091318873081
0.7313685016055471
0.6598005514950313
0.7114552182887496
0.7227921416923401
0.8198899744375758
0.821219750622811
0.8768880606083543
0.8334832151144859
0.8730785137833338
0.7980401547566788
0.7272006660408705
0.5671593565572667
0.5923949742771909
0.5109938988822108
0.7199512851206687
0.7573625918825481
0.7422489291522462
0.8539125470316652
0.8121749654953841
0.6186399460673057
0.70361533216068
0.6711823336206802
0.6971572905639724
0.7532146038278087
0.7541662967343618
0.8418040843953085
0.816008376481505
0.8585575600407271
0.868114957908364
0.8584230406389248
0.8703417509000825
0.8412765973020518
0.8101918930679404
0.7874420072846726
0.689336429830164
0.5979029809915669
0.567552527169856
0.696414688721393
0.5847599886452061
0.6600588720233814
0.6251526214595938
0.8514033775251707
0.7849740273545969
0.7696211665201267
0.727848733820601
0.6736153064608509
0.5955392632326167
0.7274587257979559
0.7633178716295241
0.6268072605218813
0.8115043497413262
0.8443076998038768
0.8306091980033924
0.8063458944558514
0.7846447384921411
0.7513315993986973
0.8420459865076136
0.8574818298950325
0.8636644343878976
0.772099223830869
0.8263998748161778
0.7896915938539151
0.7557433507324454
0.5924136348570392
0.6358988823214851
0.7981847271796447
0.6717467207198574
0.6792704188674417
0.6048077576654796
0.7946801253864904
0.8241563209227633
0.7734724009941715
0.7898232916662322
0.8633731778338033
0.773421815805786
0.8606369020464071
0.6193907821127924
0.7941068917077417
0.6983114273849423
0.7924982365037788
0.7367768205414292
0.779814817454004
0.6260317077599532
0.8566598496512837
0.7534412512111679
0.8345001524038895
0.8127349796123658
0.8689944298604365
0.8295856815904484
0.7895600996375688
0.7887020657178756
0.5671593565572667
0.6044793152732256
0.7904260756996095
0.6332760692084651
0.704774856341796
0.7741078405740001
0.6326341884964765
0.7329162086866806
0.8195134493415973
0.6025076530730058
0.5863863824068298
0.6428525958909695
0.7990404864874157
0.6787450975035492
0.6016438829978533
0.7917157866496344
0.820881017278683
0.831842114778069
0.8753937333398715
0.7619318782073136
0.8615644518591794
0.8387425825632897
0.7966310105718383
0.7467434329020669
0.4519881887223021
0.6025653108949904
0.6896934003070776
0.6594185944084947
0.7765341813752965
0.6079508712561802
0.8585244152075044
0.8147181208920895
0.6819377697885158
0.6060689928015872
0.5535223201456558
0.7969473955398355
0.7562545976024563
0.6060876031181417
0.7970770391813108
0.8173483215158663
0.8156630814105951
0.8758942061732143
0.7980154281495324
0.8579182041941419
0.7916342106033014
0.8382249531692358
0.7924041621880459
0.6966929057665638
0.7096594489706446
0.6754193818178892
0.5864938536893082
0.5595854770430672
0.6825190657450786
0.8067381311691555
0.8016981655186772
0.8109885476568647
0.6220576809839079
0.44870655795207315
0.4539310679115858
0.3801774803322602
0.40000401285524384
0.36700472687802693
0.329144267713011
0.1596743110637916
0.3148342110114306
0.2790861902277735
0.36085997417229415
0.2991445947262232
0.4441157156001503
0.7259163478197246
0.828026518948681
0.8502034252836933
0.7801440777051605
0.689783483782537
0.8127977806926655
0.7932016567111735
0.7760112094855797
0.7227066148216159
0.7617228904864564
0.7234363785359993
0.6848487141514724
0.6086077135272416
0.8148786937109825
0.8540226312570047
0.862236968467908
0.8641828107837316
0.8153170601871347
0.7867500499118133
0.7877611306940099
0.832696874750633
0.6246872517383735
0.7560496381797144
0.744945698667342
0.7567878709493153
0.6170558011830394
0.6022300283959396
0.8165154305688955
0.7336916438044097
0.7734582745471
0.8379343788408521
0.8231190795323161
0.7869342517244653
0.6393505338490894
0.370861295671641
0.3163026888420949
0.3621701541281591
0.2937694636063267
0.3173757861277284
0.1746365779603693
0.24369491838799337
0.24486078990113913
0.30848805183413275
0.3641442927845979
0.31306097481123063
0.5242741116969011
0.6838572287911411
0.7081608162649736
0.7396043337137699
0.8083149644695269
0.7848541023256905
0.553998062848042
0.6830107683361472
0.8082081338969894
0.7077263690394845
0.7975248591315947
0.7730646392244159
0.8100024887214131
0.8327764656884846
0.7926267267387349
0.8217391624724389
0.8142159178169568
0.7830522839044827
0.6452271513083718
0.25970627268776475
0.3163750960510938
0.23373022180735123
0.3746891546633435
0.3036117411259439
0.24403743762755195
0.37290463358791365
0.3573049790016291
0.2697095981003777
0.27276061645622685
0.29635946357940457
0.18760623533393464
0.31154309319396367
0.2595960347545019
0.3823047844740211
0.3060354406558967
0.380477690014936
0.6750201739427132
0.8006664719791126
0.8443087713421161
0.8238601858741312
0.7213903025131213
0.8090505347163455
0.45402356023089835
0.7702180541984383
0.6603912060327279
0.6717647186996756
0.6124592192175874
0.7448824096972689
0.8339445032849452
0.8069433764678564
0.8687974410169217
0.8182858209654266
0.7824862959060331
0.7075234795621271
0.7816146903729806
0.7243189178526596
0.7896731690482441
0.7662090864589125
0.756874180718911
0.6354861113833071
0.7628725544174496
0.8090393185566535
0.8314616597582051
0.8390707849993935
0.7742242447791017
0.8180394708467165
0.7968091512581296
0.8008549155088464
0.7137433973371476
0.4820446531823243
0.688703073695815
0.7312689882421288
0.7129181919304278
0.651921910847745
0.8758084081883886
0.7438013296902777
0.6032827019672311
0.5962432986979241
0.7013990640504438
0.7603816055500668
0.597743323164529
0.6029335383328182
0.8429334486545771
0.8235138204397484
0.7878616736543053
0.8528562743676986
0.7842861192016872
0.6641363284343527
0.850225892391888
0.7827387594752444
0.5671593565572667
0.6016143329642714
0.8015365634114734
0.5682630461783208
0.44201776355141426
0.6381809148928397
0.7851175468103097
0.8064047004871235
0.7224617099163153
0.6019036885777062
0.6571416533534016
0.6161841287337549
0.7418224426936159
0.604749143125671
0.6315787325025045
0.812087657869596
0.8377512797087987
0.7535639691627252
0.8767061085246526
0.7173323525982321
0.7059365231163106
0.7873963395728713
0.7536289943288452
0.46471027362791034
0.48313884854150807
0.6971242491987553
0.6886417293618741
0.6033413165070397
0.8055937841561631
0.8233554492010624
0.8202286907067596
0.556144895286982
0.6042205924794901
0.6376814839844834
0.7091852762814628
0.6282838017236787
0.6274879931799568
0.7950046020572209
0.8769754842522777
0.8085455062016752
0.8664294672238343
0.8230827941273062
0.8689322340063004
0.6568189055728912
0.7501242173437923
0.47380106238903563
0.6122960567176771
0.647235335894186
0.8212278332744763
0.42794095506818836
0.6347962781894083
0.8372538986868038
0.8595620850168031
0.8245301063433224
0.7807861398491699
0.7955981594990198
0.7630273340907956
0.7576988618854986
0.6008242456795277
0.6313193254436468
0.6001939273263801
0.7694131534084195
0.7537928545704443
0.632940356282768
0.854813547247364
0.8352874395301686
0.7490393947802219
0.6122687026638447
0.6821958046186235
0.6454621807363758
0.800053522087173
0.7907562185633715
0.8084017176193096
0.8131772459540949
0.7752022877799395
0.8555516793009785
0.8624633683849555
0.8193857606812144
0.7259428437565252
0.6159312515794901
0.5601311375917855
0.7958040547797057
0.6963483800167942
0.7793525014028502
0.7140869904999501
0.8215075358283511
0.8524084459808791
0.7550246752609631
0.8000183408821729
0.7331288361196677
0.6503758950334949
0.7189379901577934
0.4343963972332708
0.7394531876935453
0.8111282830313037
0.8369748325575347
0.8052783212142031
0.8787743397434029
0.8522043100224583
0.8447659437705402
0.7907346037082336
0.7666020743380731
0.6107613120769367
0.6229136794843612
0.7828335667319222
0.5064346553992966
0.7547744516265582
0.638321772986994
0.7702127104689969
0.8038298939261381
0.6599113655813427
0.6026127821965647
0.622806607757147
0.6782761450613617
0.7492066282530618
0.7594423482844397
0.796348550947548
0.8351249949795028
0.8572269138832271
0.8643964850001938
0.8162763490207476
0.8429287333191793
0.8021825660322794
0.8132567854239752
0.8122414512017236
0.6866065397002917
0.7489526556524558
0.7452562984970799
0.6042663538293082
0.8512451061930726
0.7633898976625523
0.7218674085428631
0.6203663294200962
0.6885532329087283
0.7033883860292219
0.6477833386138521
0.44863732457967465
0.7753417634679984
0.812751418234116
0.8283227984942719
0.7666599176726985
0.868464360385148
0.7853152033784875
0.7939905217480377
0.8201295882287559
0.6921896226107197
0.6116462315094061
0.6097072136551678
0.5124330222442844
0.7302295639731597
0.6652583525981526
0.6032266110318614
0.6842479478380633
0.8276544038979128
0.8072740586580565
0.8482410434727943
0.8351795549888318
0.7808274405863913
0.6683664964667563
0.8086366555962499
0.8287832082960515
0.8464942695105286
0.8689463011562181
0.8120845162094414
0.7706429577370375
0.7777641041400314
0.6046617242047848
0.6475489612612167
0.7063583412567457
0.7212276724484968
0.8020070342059746
0.22704682274299992
0.7882757044936491
0.7909866603787518
0.7677675112012458
0.4900570513821236
0.3780231248585193
0.6975270214522792
0.7698700853975252
0.6033999310468484
0.7903506554793341
0.7826133658865692
0.8256783250775128
0.8333052285165645
0.8689463011562182
0.8022517184710771
0.7942472455658696
0.7739126575294651
0.6007543081334726
0.42984260758133197
0.7946503160901754
0.5698823433156794
0.5639392858972002
0.6538685455098776
0.8319252771570481
0.778590785327499
0.7432018005870924
0.5825118757753174
0.5941388183062857
0.7461320374334791
0.5526143435222963
0.7148907964255996
0.7819573877215533
0.830134043330973
0.8004657435464939
0.8199184233015848
0.8568380039967374
0.792115179210367
0.7470684737371426
0.7291253124768536
0.629450660037422
0.7878517488721762
0.5989902407980052
0.7066624907992017
0.8126685924697994
0.6855158127423273
0.7748350290240609
0.7762715956145279
0.6067825065746884
0.5030968781067233
0.6101177274872293
0.7046581726081981
0.6839297731474953
0.6009428966654136
0.8059255104815287
0.8280477886121187
0.8210855207917481
0.7582724399186047
0.8198089934533302
0.7819922884014763
0.7729967676623937
0.706512394101086
0.7621447708489631
0.6689067847899969
0.7994294679909482
0.7763193936105026
0.5523103713480801
0.7956833013909091
0.8346985475986353
0.7458364352055772
0.6199902969416522
0.5974075521272875
0.7333671579866246
0.6669449751549844
0.748231173018294
0.801687102557587
0.8104329455882623
0.7476239296212108
0.8379398451163254
0.8307029830408235
0.8148921106702719
0.8252100363596366
0.7963988853071723
0.7940479967170024
0.6014633521317133
0.4971263336989151
0.7587313620513474
0.7419843326794527
0.5843920980850763
0.7841129678026338
0.8073104513022153
0.8321883720702832
0.8385256211601715
0.8193857606812144
0.7612933318237767
0.7959054237123769
0.7783348503553428
0.6024614971832064
0.40472859667420835
0.5995365859550809
0.6674842351977007
0.6829596415515341
0.6059791276438327
0.6575044519723593
0.6824246897969481
0.7361995282844072
0.743053363067076
0.7472692298159768
0.7912285512888673
0.6301380209461319
0.4502590684918213
0.6646221190963761
0.5692048470410769
0.8065037649140767
0.7941916134549598
0.828040298609191
0.8627281288403315
0.829438988616062
0.6922072758516887
0.7965012486247995
0.7703484440877045
0.750441351264066
0.740454700409309
0.6129207350810632
0.7224509790566254
0.692066729999962
0.6238951145196127
0.8276968317207541
0.8006111333234349
0.8157256997319986
0.6747753650545855
0.4091468646794671
0.39219007373409664
0.273817468511421
0.25306526508108396
0.2929811875139942
0.30638529950028043
0.3634504343809665
0.35045761101251943
0.35922569691314066
0.4314450026359311
0.21184688952139435
0.37767286720366583
0.24735850954035718
0.36111073276560995
0.2653131546057955
0.18961614257029102
0.34006371201301866
0.38623727429151716
0.2531597718198302
0.7904363681805532
0.7607161849307318
0.8247579759884363
0.7731525934888309
0.7449710782382118
0.8055411090758732
0.8328126243016527
0.8177767803236258
0.6817744336633578
0.5345592218463706
0.5775209321200119
0.3682731606430748
0.31461437268992115
0.23476229359442832
0.3028944509088691
0.24713239611025709
0.2875752405118465
0.3541396442862985
0.5122551529125677
0.2891742464944679
0.22383042183229432
0.26158334741980577
0.29666418440158593
0.2819749024312612
0.25270615368438704
0.19233113078414088
0.33761844686289094
0.48211222121730407
0.5475420350564861
0.7536530873635269
0.788034028362991
0.8208700202969393
0.8250359436494844
0.7504105900302881
