0.5748497582482175
0.7230661980425858
0.5641107849006507
0.578299666678205
0.720007181071354
0.7002947106525497
0.5813373996937051
0.4750398258911767
0.7132247037387272
0.661724884534288
0.46490188854042364
0.7794022596275257
0.7185825120149677
0.7033595225288876
0.6796480075444862
0.5987914661276484
0.4081736381696818
0.6352058949691425
0.6332001398599185
0.5634885141839926
0.5272691563385705
0.6838091686811468
0.6106908997249437
0.6248516254250466
0.7025131638391102
0.6672198748143324
0.606643576742936
0.639378479036495
0.7141661332683082
0.5130705971552396
0.6924068555393164
0.5750537242230453
0.3089732768085465
0.14918173360590967
0.47981330545843015
0.2556317814739265
0.3503895566162551
0.4504963177104966
0.6071862791274597
0.5367639427944275
0.6928738938066532
0.696531982455477
0.5683609905010844
0.7431632885849188
0.63129483311798
0.6403220290317558
0.6466205730363942
0.5512348661849973
0.643012222683987
0.6627352443052003
0.6062761800941406
0.5884800602994938
0.6823141624628954
0.7085174741749861
0.7349503269728054
0.7375360692603793
0.7323058982289509
0.6200299503487928
0.4775168596606077
0.7087389112340838
0.6925898550758056
0.7393907233911402
0.7077649800595619
0.6690071639129254
0.7522788523530852
0.717509710229279
0.6142768056799175
0.6600254327149441
0.44447665730714064
0.33568474800203213
0.4035854005598374
0.5186998896638172
0.35344117471628556
0.4217119068866257
0.5262194299732631
0.738875327987246
0.6395733126922124
0.6454562209105333
0.5896316850677863
0.5185020828034189
0.6347561949231716
0.6798707847374211
0.721045698695149
0.7435145198582336
0.6927501510541185
0.7748481336762576
0.7759356235545867
0.7048319484763428
0.7941729562103828
0.6950749510670543
0.6825660469905891
0.7506720828326737
0.7196622147955526
0.6884352479940552
0.7758378975197915
0.6972797017173835
0.6379265673035011
0.6679390844981182
0.6696638855150916
0.6454615890878211
0.6746810542006618
0.7106984604611345
0.7673222092582672
0.6881167009684944
0.6359809939368384
0.5964414030033219
0.727635146900509
0.6828068452016177
0.6412694059070703
0.5312548628123619
0.3831588170789034
0.5069136575115427
0.34598481434315664
0.5900508070277293
0.5056610530774795
0.5117708903681703
0.5867983242363582
0.49604063177074204
0.7310942185004855
0.682617175573349
0.6734252276344621
0.69807067767805
0.6901681250080424
0.6439244391138643
0.6438678266949048
0.690973642124264
0.5516599001758934
0.7534225621354609
0.6269958134594372
0.6720746849339528
0.756387447453495
0.7831797186755933
0.7368613631911649
0.7015026299777251
0.7197060123886749
0.5806035405015685
0.7073905891948702
0.7043903112800726
0.6429350444449627
0.7151224138120498
0.6932156889893225
0.5291724980215133
0.7090738318861237
0.5722703302222528
0.49584213598666543
0.5492863611957144
0.42551014461595743
0.36156537194140953
0.3803134341803881
0.5479200151791734
0.296439586383589
0.3664754415773871
0.2826682589014201
0.44040002243656196
0.6292636591551364
0.3654805864242774
0.365259483542412
0.2270059723672441
0.49883425581853447
0.613006997516051
0.6414214398835374
0.6245746680670237
0.5904943212838092
0.5172692885622098
0.3947295734928344
0.6095454614760587
0.7070750458881406
0.6889027459698346
0.6749341777297363
0.7032218845598622
0.6859125716301621
0.71363380976673
0.557601392567806
0.6531377288439004
0.6276975223594542
0.6750952901948973
0.6439433051176833
0.48650709340494025
0.7149946038818844
0.7276486608781031
0.7032170261588884
0.5277579439638336
0.6990090512594072
0.45262572491749464
0.6563954995077275
0.6790805435017936
0.6107733464104003
0.2136122044562528
0.6363687558766206
0.5901956414290258
0.26452173304234483
0.419814720195748
0.6015500636723252
0.6146926487498869
0.45642365044549876
0.3977302187282649
0.527869686391164
0.29527936566207313
0.37945000067767437
0.27425737904500636
0.3871944866655837
0.42755042786622666
0.4847702697239983
0.5634785396048331
0.4901562051676512
0.57732388362514
0.7534268537959588
0.5192684924097076
0.6264462090050477
0.34940828361302595
0.6907449870974554
0.47967045235016464
0.6493595333588609
0.6435141063141908
0.6117104084678558
0.6432834897294774
0.6151391738247312
0.5306843938137984
0.6680118453848998
0.5928495900734689
0.665365484897897
0.6551590383617075
0.6160228319501824
0.6967849484736444
0.5454135806448357
0.5454059506220561
0.3696497784640066
0.3779636917882512
0.35868410263211464
0.35730928105390736
0.21093443875596102
0.33941937168288056
0.4880584633998377
0.4632766415237387
0.555511813413028
0.6288164105688024
0.7276211285619375
0.5312914265471451
0.7145831372140157
0.73619169260448
0.7089025663138134
0.4593455614138209
0.6070680912729699
0.5829142195974027
0.6379477370406519
0.5757103562000364
0.6935383908171205
0.7375029266495815
0.6456488986246162
0.6759267142267715
0.47147578149449787
0.7521821426508679
0.5210840743846208
0.5520816710149057
0.7375905930839359
0.5398812087311349
0.5379554043050644
0.20245232562821214
0.6538380648574705
0.620767532101356
0.6267098668461013
0.6724301773895891
0.4888363683785665
0.3595463685648207
0.5445067704836296
0.6634072184708896
0.7056852534444386
0.644347883421905
0.46752971240783053
0.31799103998890366
0.3979517183753405
0.4368316321203092
0.3461555060357398
0.22399941665180406
0.3431426292258245
0.34503227687394866
0.3605749760220703
0.6062035706357338
0.3571216911939073
0.2033605590538707
0.5077659118118129
0.6883915362497882
0.48399515760898126
0.6477000308077239
0.6861095662827696
0.68558243146307
0.6847691601229188
0.6068214268954901
0.6959617186566137
0.6760294719102755
0.4685473152556488
0.7302860383074258
0.6988085129743759
0.5654032536590304
0.395338532513376
0.6539529215319051
0.46828472973417007
0.5739152111906334
0.42346321719030994
0.6676428665078898
0.5597819319298037
0.3552074893942858
0.6674793791085292
0.6220689615112704
0.5725345188998386
0.6035077692542707
0.3791040818511665
0.34110584405115313
0.35110232558669174
0.24846288381891718
0.2577899463770298
0.4922903990855558
0.5665858820853453
0.5026796021176485
0.5625837268808932
0.7368189476274064
0.4739472443459467
0.6275882996855737
0.697918506814784
0.6915434455473257
0.5723214697908718
0.414464491030259
0.6136901900181477
0.6902681538384998
0.4857339936504917
0.6142854216007821
0.3689381307913736
0.5155727177772262
0.6680437646261121
0.7124559741044475
0.7057590107048778
0.6645501931772221
0.5574855660906175
0.5157073334757148
0.3109937167501187
0.4818254310676586
0.6805258403162359
0.5650885610205616
0.5668802733596406
0.5713759766358809
0.48908961640810866
0.5925283428975681
0.47391203318740266
0.3802214838514156
0.4267947576552843
0.18458947010296034
0.12118698781914702
0.46357234606326747
0.5937723201700854
0.5996990109871084
0.5715888961994957
0.19462664980329886
0.4813379075026468
0.5466004359099307
0.24943420198586508
0.5126321746205025
0.4618675266530704
0.6985712351823026
0.6626503128807673
0.31242047210076596
0.48086768732588675
0.4058554807536074
0.5740359367467903
0.47711969926062986
0.6943728134173215
0.6907348163091686
0.46414572661318537
0.4173215310781573
0.6587142503873845
0.5329133610608516
0.4222782768045824
0.6216417007902193
0.6451498701696846
0.6332362369572787
0.580950380512388
0.6663077755991317
0.610729219121439
0.4267025113112547
0.49841057876326145
0.45617326568025207
0.19288193984897561
0.595507740914524
0.7437043768991142
0.6882681420590916
0.49921820578644605
0.6322868424059813
0.43946520848831794
0.5291601984561032
0.6357970897067002
0.4970622720132893
0.360776757112386
0.4865570752117063
0.16210344630367374
0.3487280628491785
0.42060691288922525
0.38928242409706565
0.4715810243248657
0.5701972445847612
0.30637504300035884
0.5961967146256155
0.5007450710752185
0.5753482162475674
0.5557564890351253
0.6831757688053384
0.5017497305101685
0.6211477546132169
0.5186680873842636
0.6092667047810015
0.23794619977966275
0.5829647301285237
0.5903139729744787
0.7465561336218
0.6331341604132996
0.5611916323400787
0.618334031561961
0.4862413364773603
0.574670380344666
0.7157198295803856
0.6679402554419869
0.6809880490777299
0.6022344700229457
0.527088297811108
0.5753000477050103
0.5343210450793916
0.6048408559307349
0.24705090487205505
0.43751968622067905
0.3175437239581519
0.3349075836876155
0.24106597555850662
0.3779921551558755
0.5608167956989463
0.3919889302785436
0.5777756359915479
0.5087677453884338
0.3135134936880861
0.5792356651145961
0.5508672272685807
0.6138929378398579
0.6266376772255938
0.6202707999082564
0.6305661543458659
0.7118601335259693
0.5412103991816946
0.6608298867230283
0.6615016549253329
0.5865043099439637
0.6557983489526129
0.7091366266393849
0.6192671389367447
0.5736453551955505
0.679630315339727
0.3916179794513568
0.49992183139701696
0.3055046914861353
0.6568481734517058
0.535518323609811
0.6113875446739783
0.552068634358355
0.5377454444600902
0.6248506818684305
0.5117798591373653
0.39475608047871213
0.3604450258523013
0.39515230944935525
0.4244776349244227
0.11913092113849619
0.33014814890085725
0.46503616350194477
0.3252763890698011
0.35912087134489956
0.5172046775603316
0.7083310395147309
0.6039471370318766
0.33440543534068207
0.5271044974034117
0.6515843293555108
0.508254411515622
0.6827843402451408
0.3818736869230961
0.5904456756312733
0.3132929042854684
0.5440099302073813
0.6140618922542778
0.6062045714024049
0.7330325612189074
0.17301151148392907
0.5613737452720754
0.51272512713017
0.447578949016323
0.32515186427813186
0.49432091686984925
0.4270211607247998
0.7228041069858859
0.4936349229155849
0.5212677825278055
0.6890880976877167
0.3991229930214829
0.6857608032699183
0.6776109499374557
0.6156144315885341
0.5309512232886178
0.6551339424636692
0.5952928624066943
0.13169617927801228
0.421152437334444
0.4156495137659424
0.6100774188196407
0.5756902856940747
0.617331868384635
0.47684709241690704
0.45019917335771986
0.5199197609489979
0.49965620249300613
0.4992115811948182
0.3466581578871225
0.49824549415450675
0.31354532497667514
0.47847339365280506
0.4966416689115696
0.3682566984366
0.43919689390217287
0.6670859534541943
0.3690062094333532
0.4326860373628113
0.5052552513969136
0.4270472555994521
0.4073353478160632
0.49682381933639097
0.5692338896592669
0.6476792347389692
0.5651173861943688
0.5235354899558107
0.45986911897320887
0.4383933368384407
0.607339109917924
0.6046495967810127
0.5660230038799751
0.6243419887950583
0.7015212338878257
0.620964064148979
0.5561920577601093
0.6618639223106022
