0.21602853929854204
0.1585400362215331
0.1860452317490221
0.2804613641882032
0.18435271178190366
0.2883613090719466
0.25418031212093667
0.11587474137334938
0.2768608914067181
0.11842078532651418
0.204864480439417
0.36535499519044234
0.297959101949643
0.2266025175309824
0.30460222221061645
0.21945023231206448
0.2904151903486221
0.2655693197260827
0.1646990914996373
0.2707030658628112
0.25930841814198
0.31333272681497537
0.20207762958841805
0.23580251773188837
0.2870557705620554
0.3360066549006588
0.3554706662335018
0.1743913556655389
0.27880608538047885
0.2713466297556525
0.1202572978128056
0.31681293109358466
0.11937196631542463
0.2814637254905923
0.2085001228970384
0.3312316367399331
0.2619437605361502
0.3026558489670208
0.30195903112755196
0.3161799618852412
0.3642775694482198
0.2535188022544044
0.30175645426628395
0.28677129408196755
0.2692145571997898
0.34020888518472636
0.38302676153991627
0.38247190620103644
0.36686351786280413
0.21806686865571284
0.28793283579907614
0.25116159169712476
0.053145327220114474
0.4294514302149035
0.2372944591303681
0.3861553750805014
0.2673144579114365
0.15688529568638312
0.46314892187633333
0.28535087695549033
0.22795401999310003
0.3320615116433855
0.5879252763592833
0.41517301478276225
0.34635110342927505
0.36014966584658337
0.25923621920842466
0.40932599594062247
0.18808769927765018
0.3338988762570025
0.33158168874824084
0.15893520563167957
0.30504233066506775
0.37086978798443115
0.24157513253794566
0.220810968100684
0.10734293743421233
0.33784478872139273
0.3911316429574937
0.4787349203383418
0.24191014625358487
0.3341711785997864
0.386383938647927
0.3927654780800598
0.17160550260270827
0.30991145469371945
0.4989840583123762
0.39048006057807316
0.4141934835563802
0.3767199196156505
0.49727341822401044
0.33118554479728224
0.2621309031237488
0.36053673332941444
0.3865002906255997
0.4790820213505714
0.3975659917994555
0.25890756267186876
0.3125378185070038
0.32321167235211923
0.39708626151249876
0.4133223045238574
0.36582293013095885
0.21455291171961252
0.28356144615952616
0.35014054114333726
0.4959730433634339
0.4069723400190173
0.3744406587570148
0.20723969699975725
0.3553017084524631
0.3935881068744597
0.3552445398520075
0.4884882853708899
0.3071775752750437
0.07979598889766691
0.4180430441562404
0.34010549813139945
0.3145542505729196
0.4233626904689317
0.4142394174610433
0.29059403541097956
0.45965243850551685
0.3866649063006459
0.39199312404889575
0.2545091107209599
0.34517437738701695
0.47183414699672255
0.30438411684242445
0.3088612250544908
0.4724976000555571
0.3502676079816143
0.312834593193666
0.3774321376905504
0.2379739672946136
0.32997168608567107
0.4101039769189551
0.44069354861132837
0.28508850396106267
0.34914712571180934
0.24804956811186493
0.3065915718388539
0.26423978420861316
0.4851210310629386
0.40057564752124564
0.44023192789180565
0.3232461136416097
0.3007513260105423
0.38401581464249224
0.27980848975031813
0.3864612853985503
0.36079137267403
0.3039595760002564
0.12918297745815996
0.4596776175592949
0.33818075590468455
0.3146475833282565
0.45677264785770605
0.3259067964423397
0.37649319138309545
0.5281860725724085
0.41083362581510413
0.34365915618733367
0.43916666624369194
0.440067215797
0.35367228661456257
0.39863672732305316
0.342336240360225
0.4474468375280005
0.3892091806883574
0.3359181841888717
0.4303409418560532
0.4191526675164272
0.18384765366621827
0.5160559698502204
0.4137568706032667
0.22040002611658135
0.4003246045648239
0.42442470674668004
0.43383214704108114
0.3006502803220824
0.39385630364255647
0.47258580611357376
0.3304016701870927
0.4765008847364296
0.28690295988389103
0.3635143666235326
0.36874548490582465
0.40878067803090473
0.07457028496824894
0.48573747012904955
0.4690075463555343
0.30679617448054874
0.3339924845373731
0.45546504910677416
0.5220983914335957
0.3781235059798182
0.37835624819041624
0.1811115909992748
0.2495619131167892
0.5028221567280086
0.5310079085635647
0.561536819464322
0.4559573511355341
0.38130176209963923
0.4140704572170585
0.2789777399501364
0.443058874175347
0.41896228180456707
0.32229643999748253
0.49024600233797094
0.5509682256061642
0.5113786508055392
0.37118298920049037
0.3439255332773544
0.33670530110704233
0.451282948435642
0.4831789058215113
0.4616837887757086
0.4246886878559103
0.5110077095718168
0.3505967988126858
0.44965357598636685
0.44177115616502305
0.46062222603922925
0.4707088869150592
0.5545613827136266
0.40931224833822144
0.27645173447479415
0.43490035847530706
0.46974236382556983
0.4061738184259378
0.3791028818853178
0.38112970347608033
0.5225930204923781
0.5094470972761533
0.3280577079344781
0.4153434211912279
0.4553992149514495
0.37187548049524904
0.4985267046294537
0.19425345900280142
0.47739751373989825
0.4961512227363976
0.405673784843837
0.4544044368322421
0.4337111098352313
0.4564262876574028
0.49608555379191727
0.4210311821181887
0.4864660487645071
0.3229878021300971
0.5586813955188503
0.5553590603163261
0.4991905932109979
0.4626792607143161
0.339581806061867
0.5234340945767358
0.27716126437473315
0.532859097646313
0.514935257895324
0.5242171960941194
0.4875082468326352
0.531313177927098
0.41765824047677697
0.4885594512129372
0.42624886812418206
0.47509742713445813
0.4909968045797928
0.525313392718417
0.6110487193986163
0.43102117159708525
0.40224399124903754
0.33189613845976107
0.5493115927217923
0.46041385249324995
0.3843211139398046
0.34807365930050804
0.336020754608857
0.39747801757763795
0.4682095603402257
0.4541867971101366
0.5119143228224142
0.4336935918474844
0.5014742145932694
0.45975991796795557
0.44726697732399834
0.4661877699395142
0.5600830382905788
0.36492897279620856
0.47187131353192624
0.44849153650608076
0.5620266975472071
0.5719895026320818
0.41785177255859
0.4517789615449454
0.4949682739753667
0.5059380991605891
0.49210957431868946
0.4067414760556007
0.5849679726439732
0.5184769121740156
0.4816513269934615
0.5164739948067515
0.4668083574663958
0.43549331436909533
0.4995694984839974
0.40429864886218503
0.3938222473113276
0.33345262541301934
0.506940574294114
0.38860311923961777
0.45367741836287384
0.39523004303151876
0.47339413898565846
0.4619176641861401
0.42408704555249166
0.558148489104087
0.43487979832737944
0.4304324701890074
0.250378741708262
0.39562966935715344
0.2389476984134592
0.46393500083711153
0.3978589949061107
0.4833824310804838
0.35937114363471667
0.4854973883641042
0.42483406988584194
0.24279912703891782
0.4245236410225285
0.5462735401602034
0.4942494717361579
0.4892626477634023
0.395292057183807
0.5238132819779804
0.4111954503597622
0.38369603743930825
0.23474901247194144
0.48599111549920854
0.5166237343041643
0.5123705688611748
0.5110044531616137
0.5485326624260844
0.4161851993324495
0.46384000943846865
0.55430394368548
0.4029259404265111
0.5898740861589149
0.4022328358801092
0.5501942208124272
0.38552052972179823
0.4750043814924784
0.38160594522234076
0.46766079475459604
0.4907492697928417
0.2771907287755567
0.4413509599097764
0.40445391861540597
0.44293033719282443
0.45297044620156934
0.5041084971158697
0.41661596386787947
0.541983032767041
0.5537567850696623
0.5031354825537104
0.33219732659591583
0.5638349444193094
0.4067012790426879
0.5796834374466364
0.46605519558497727
0.5244521849421168
0.5675666970394478
0.53065702529183
0.5753036327344828
0.5125860177847498
0.532069379973191
0.45804031938800976
0.5105846295123309
0.5518858956447318
0.4858527323030847
0.5315235488376377
0.5621829890857749
0.43851256885651224
0.5307963257075218
0.495132650851733
0.5498050857717184
0.5708575729047148
0.5958916691049356
0.6142002411514048
0.5465352571669776
0.5370359916584967
0.5634958886154835
0.6561127249566167
0.5864262453888287
0.5819579815687417
0.4402655194112461
0.5221544854056752
0.474672426314524
0.5746313780621528
0.5019068753486213
0.5334911506988518
0.5403528934662641
0.5324868704561198
0.6335395455629079
0.5256238905214735
0.47936428409346526
0.5395586187829969
0.6258473965742928
0.49124766015511284
0.6010341027152382
0.5061782158324507
0.6325932561379433
0.5433664120996108
0.5206848992330378
0.4554419518867316
0.5393232183579714
0.6350841205674701
0.6241627476297142
0.5905149440526677
0.34419480314271494
0.5870159954189671
0.6274534995610559
0.5922074146247419
0.6618932743323058
0.5862165521717497
0.4691479148961391
0.6321158532811567
0.494909446079262
0.6639193696966675
0.49223425017959216
0.61557790046816
0.5985573072487151
0.5408977880926282
0.549614387010951
0.6197357750197774
0.5747102480637106
0.5649081735346616
0.6495573185579488
0.5072404043577354
0.5623437771270564
0.5347665598489171
0.6654427158995356
0.5444392819906658
0.595614628342203
0.5649891360662613
0.6103226590394151
0.5385331361275404
0.5563750169109037
0.39263144382358717
0.46745617704235776
0.42514820819351706
0.5286820631390353
0.6008929288171337
0.6223636140197232
0.43544631646675575
0.5321205578335784
0.5742621201584579
0.5835708482601241
0.6250515474272215
0.6352950254143471
0.5422210486987581
0.5223340346428369
0.47489431400239623
0.5438857699200617
0.446976499393164
0.5489512665575155
0.4233537332269323
0.43571356252851134
0.42772895262880445
0.5268188136283279
0.6033275167924822
0.4562714124467967
0.46903707276638307
0.4920367738329718
0.5646212118782212
0.47722581659367036
0.5351229924263009
0.5168027308543014
0.6303315707115572
0.49302383214671086
0.4540091197101285
0.38100212250419935
0.4513852367294722
0.5249242939286761
0.4522354077144524
0.5184748890811525
0.5829305684677031
0.6524284080288402
0.371301447996061
0.506887191573193
0.5748621112801803
0.5122517730901447
0.6227500396858515
0.593330357967685
0.5409382411925057
0.5404237563693632
0.6316885634235792
0.47847690558241196
0.5442679678277571
0.6233739085958279
0.6648108346136266
0.6052827157262393
0.5606782144018119
0.47984589701708463
0.6171779383150762
0.5120198587351296
0.6229381475483698
0.550018161096747
0.6131660639805318
0.5622097039060875
0.638962382028274
0.6231228033410963
0.577949559951368
0.5163453179833867
0.5886068682185971
0.6266080303726356
0.5960283179063626
0.5917554149227793
0.5000650867361284
0.5949676009777667
0.6260822049656304
0.622345891408567
0.5395754646345201
0.5744054710768406
0.5305976584892035
0.6386646524266303
0.5739027824549154
0.5904170049851843
0.564148865638941
0.45007455617355474
0.4384668608713126
0.6099252157444796
0.35814066446350606
0.5696749581551162
0.6582365357636492
0.440769514514989
0.27711005068082867
0.3991330929234602
0.6097143256674292
0.547431478566216
0.5958070887406117
0.5810225676189389
0.5430861964022248
0.5939513111648549
0.5734800733200022
0.5589053706814677
0.534011437460174
0.4853575781420154
0.5622759074146808
0.535805838510644
0.5148419498247826
0.5822644642846511
0.6209685780358313
0.48231531744672546
0.5999586582617197
0.3240308776344304
0.3188652124017322
0.5275882095782054
0.47554507398719376
0.6363281681997206
0.6443168067327356
0.6323039504978156
0.6425010139503452
0.6305470546441088
0.5868822462337601
0.4530729908610114
0.6541673585603514
0.28655365818822803
0.6277992388629666
0.5925888353507579
0.5979609646042329
0.6066534969691504
0.594205849626883
0.6058520223449156
0.5867302256306297
0.6187727779260846
0.47220393371750774
0.655536940651573
0.4867263942009404
0.6234622333936191
0.5790606558195739
0.6489535441298326
0.5811352726851977
0.5921100311983767
0.5932071476437986
0.5474733801715423
0.5644877658650445
0.46067507941847535
0.5403442979386124
0.5934865860803058
0.45232310295869604
0.5070507104041304
0.5611209985144244
0.44039917490861574
0.5657237722501822
0.5835239442775929
0.5337345099230677
0.5478442936119448
0.5021949673432669
0.5419953911120041
0.6179853728062511
0.5444300346149358
0.27869567464727696
0.48069484252334926
0.5829806003510059
0.5978283641080773
0.641478747919787
0.5345260072444958
0.6096643101456884
0.5288717678281177
0.6145879576656543
0.5821468114036082
0.5943069891456143
0.5954153117294194
0.5178166025482421
0.4090446443414305
0.5984521434648689
0.6333687021981702
0.5987109807512464
0.5504549295704984
0.550830405391761
0.4978229989823459
0.557483332341857
0.5583529737262634
0.5572428055215646
0.5294842215919185
0.5006806860991199
0.6077333558589318
0.4855920555773134
0.6142277786574275
0.3875394191913728
0.5495051878432211
0.46395830963834855
0.5728700683630744
0.28524237327102375
0.5070327828269524
0.6703575333955792
0.26117731012117273
0.621667041574022
0.6055713611594026
0.6061086518928738
0.5579436284947686
0.6231286500462547
0.6436418990260375
0.6191745670970206
0.5189652509949926
0.42354050968521867
0.5323222515336131
0.6311362508295544
0.44354161911040735
0.5766360826351759
0.6217977174217143
0.5823277990776374
0.6072426718032057
0.5500906841515989
0.5361322771035775
0.44563367813457844
0.6625285144303075
0.6397163655783166
0.5340077357794576
0.5608688739566906
0.5430528522108375
0.3965958689324278
0.5312544576513253
0.580793989970397
0.5918589846143063
0.5666615687075334
0.6159763332009238
0.29234973074586285
0.5415356404151523
0.6120482251017273
0.6280711442603076
0.41860597026661367
0.44170699646668327
0.567068746714545
0.64407283343743
0.35794489765761356
0.5916180287397677
0.527716454180234
0.4810597904562988
0.5708816749730378
0.4054040097029457
0.608871116426687
0.6242081629398611
0.5309365683405588
0.588005308449474
0.6290676182549665
0.522068865944346
0.3825681075212746
0.5495185843402217
0.5505144628631709
0.6005314391271108
0.5472981420836041
0.5570248353001245
0.6923824663070733
0.5944806968012146
0.6020571853985522
0.5275318344475624
0.5126519789782554
0.6770019094468707
0.6436907667225227
0.6568932513334663
0.6202448807169479
0.5702995780195215
0.5617065396459539
0.24044880407152863
0.5757699903457076
0.6832075650681172
0.5003755805352221
0.5161263785722184
0.4599741417216443
0.4861421928041627
0.5274865700697638
0.4839656553102998
0.6507705590852852
0.5346027602811357
0.5829438721112488
0.4742719745425035
0.5608641310791643
0.5655654404874038
0.5199870894719552
0.5765795066889885
0.5495758303007281
0.5751651148302437
0.6393773735936074
0.6085947617088191
0.6231732554562409
0.6830122247135961
0.556822665874936
0.5918987313337181
0.5331844487799638
0.4246639262536847
0.409256735725212
0.5687360671898272
0.32806783342939233
0.5842589498158266
0.6083985192030337
0.6426255717446826
0.6080297445678265
0.6434471492380563
0.5766262125608786
0.594057566217958
0.6193772702894809
0.5111427824134716
0.6239323063239364
0.6521907749605024
0.510982123473681
0.5639626630555594
0.6171759515679242
0.565646131920553
0.625746166369087
0.6596273111814799
0.6164658729846358
0.5423938566254987
0.5896223007104429
0.6125379378646653
0.5969349669478885
0.637042667981309
0.6441731807470812
0.5860102764111315
0.3881412175650933
0.6398866230833178
0.5546008588436507
0.6549405514014316
0.677779186180004
0.585199333802108
0.6618031442788933
0.3754379726199095
0.5206318474071682
0.5345076881788163
0.6179822872361159
0.6170137019693475
0.5712740882174667
0.6965918529311885
0.6345375562596365
0.6697388623693381
0.6923465008872336
0.6570102911837591
0.6423400531910386
0.6521259614240276
0.627124711063445
0.6548947490103072
0.6671027692443304
0.5185682941309543
0.5469775531870099
0.6216474912098655
0.6690443814774217
0.5941412355446218
0.5898844992056312
0.6577578880415953
0.49112780337593853
0.4450921862199486
0.5123136354466084
0.6307338657095422
0.6122416831140154
0.5124685059843795
0.6532086381129164
0.5860645671325989
0.5861927778210116
0.6454148196222809
0.5464312797114572
0.5268449502206063
0.6315378427741971
0.6411022404031549
0.5800331495532643
0.560488904394953
0.5063390526468863
0.6621934792851275
0.6192076061229729
0.6076399744046609
0.7175680328032695
0.523081536236019
0.6710839526874313
0.474025886710572
0.5936268396330681
0.47483602005512504
0.6801031675310831
0.6705389765412143
0.6786406542939772
0.5965538035577235
0.554817291537998
0.5990148636005492
0.6365368113913722
0.5332900354713299
0.5577028548322537
0.49154179713945195
0.6717551895039638
0.5256132852967923
0.43719121068340283
0.5597579680984918
0.5075773751614926
0.6409712222802869
0.6906681313760498
0.5915777445377405
0.6218290534260977
0.3153307037992976
0.5399975327691813
0.7260224499318781
0.5880633545088799
0.18690493855971918
0.652633821692848
0.5890683014281288
0.5298504971740781
0.6604130080970383
0.6639358474466277
0.5375880694556574
0.6550907918718307
0.6517298980847872
0.7069154090526402
0.6401955098402523
0.580218251712331
0.5606591959378757
0.593161657226197
0.6774696136192699
0.674475182036706
0.7055708465717667
0.6392870977862194
0.6153932684499832
0.37191547788799467
0.5663150178227963
0.5404217445625854
0.5558422339910151
0.5745434332434123
0.658894043964917
0.7054109306917037
0.6695788082686787
0.5577252726240176
0.6900019697578316
0.5049472360961198
0.3267354386860221
0.570646374439453
0.6505290418283475
0.616952614689704
0.678516049098646
0.37239008697042836
0.6668757327833539
0.49022007167805
0.4117635803410208
0.6800530628093135
0.5807529315757436
0.6195398802719463
0.6188096081583728
0.5344403817785113
0.629200272971455
0.60461534725315
0.5771979299870375
0.6016001190344715
0.5231134563963351
0.633580023205121
0.503331767519859
0.586828998010582
0.5246631415785468
0.6654493079813532
0.629253981532797
0.46671024136613837
0.6854284663319086
0.6725358009234915
0.6767256064605692
0.6669170804572027
0.5630555390620454
0.6016855751734286
0.518766910131578
0.5858550541098455
0.6742348660960835
0.6406743975285635
0.583854987090265
0.585790111622859
0.6356406371817186
0.6729900048793462
0.5962028651211129
0.6411829315129606
0.5761201243548423
0.7012761777390207
0.5735064462128006
0.601365052013249
0.6499690683062314
0.6150123274809798
0.6753950145149007
0.6658344897198656
0.6765457470197305
0.7023347992890703
0.6514037629162668
0.6334668655802633
0.5800766655448546
0.6193914821817663
0.5965685995014165
0.5529802531451538
0.6617647140124923
0.48962101757240784
0.6652899009543153
0.6589738529050285
0.5479029260483131
0.6540633085555204
0.6234937142442053
0.6610285521060671
0.6322646164160037
0.704242756755019
0.654516013146249
0.5828196179781627
0.4228596465696816
0.6063109260559932
0.5771737191022797
0.5244647664045715
0.6941082882065411
0.6233192608468372
0.6077778926496018
0.641011860357702
0.6559118116730697
0.6616107544441446
0.5801351594699371
0.5739905316943807
0.6246762578645377
0.6227518375451747
0.5849790885662702
0.7073985673172933
0.6408716674651869
0.62445159937067
0.5530322934593059
0.4320774601361077
0.7003527406213937
0.6673670220396164
0.7100512468690766
0.5791204886443831
0.6449689358184426
0.671220339110493
0.6267269806984064
0.7062444964212341
0.579095785917591
0.6968720247207962
0.6580005742355078
0.49761919106563574
0.6611111480876738
0.6523684217552163
0.561712140031961
0.47991825598934157
0.6170146300379699
0.5923656538921529
0.5870119851218473
0.5317610526740676
0.659616938445883
0.6368505314001187
0.5175340918326512
0.631819151189392
0.6786644794929795
0.6323371185115484
0.4872727750217095
0.7228004072137112
0.6704767464362223
0.597321540161706
0.5860328192121159
0.6138310765686446
0.63226935423627
0.5064362700348316
0.6247756780583872
0.6198513708362924
0.6574371290537807
0.6097943824230344
0.7124210207122781
0.5920835525413684
0.7003837076637468
0.585503655379713
0.604293731019742
0.504692617101317
0.514243957065768
0.6414458165652022
0.6734066669627745
0.6546597514997989
0.6394975002846963
0.6031584243979204
0.5891296300730544
0.4996310431367471
0.5502216736551371
0.6127205686264396
0.43981553039874144
0.49073185688721144
0.5662767689816548
0.671829093502029
0.7116690448354694
0.5736451120749265
0.6318160751428347
0.6428506370378032
0.6922618896570141
0.63388247281828
0.6564759178457709
0.6590744148036081
0.6581616508873468
0.5446422141341984
0.4959039417214871
0.5842820635897713
0.6717563229788597
0.433942893356355
0.5731739243478009
0.674217183374261
0.5931808272211598
0.5253825017424052
0.2879214248679946
0.5084199078358391
0.5449604379724012
0.6273191807796811
0.6419014443190725
0.5492853783450055
0.7213945553082443
0.700599550202723
0.5529234785609167
0.6394270739026483
0.5886191825092963
0.6217246399574816
0.6825272244802553
0.6056799835195887
0.7073091918951452
0.6716275678785086
0.6322945148333585
0.6435269381656316
0.5753397247155841
0.6300267066658762
0.601806347009645
0.5054892033821256
0.5770930351777965
0.6460764253327533
0.671987540100637
0.731245040539429
0.6753125136412589
0.6479036954386714
0.4991525131330494
0.56212420592759
0.5787197502007522
0.63763880601688
0.6661750409285498
0.6163275091800774
0.66205001445707
0.5130912917101333
0.6372654326094956
0.6235186485696248
0.40263322272691515
0.517545695026657
0.48066737032246126
0.4562814767060822
0.6480493363313901
0.6254300204394572
0.6295156755188199
0.6143666529162009
0.5614597942980458
0.6583806821271296
0.6524296342761332
0.4092383559070427
0.6312003665808217
0.5194123536021218
0.6287861332268921
0.6326243107613355
0.6599942621619966
0.5757211964339293
0.723522870830794
0.5723627700332858
0.7210989444187171
0.5689695376852335
0.6314233252586392
0.6220874501967681
0.5653642015162677
0.5398916932332817
0.6861808976136452
0.5760862880672112
0.5857524557266828
0.6134923380951018
0.5997176407222465
0.5879237606665025
0.6482489188416232
0.4226239098312691
0.5898036524959971
0.5209183472450866
0.6702494926048586
0.6654676335474226
0.627825252905818
0.5063850380086903
0.674497548139069
0.4593596221130964
0.6142772919492244
0.4276134153950359
0.5736270055462688
0.6524862512678637
0.6912508731160442
0.6461744340745389
0.5975119873017388
0.6332248851915605
0.6132990382696585
0.5736280460912938
0.6104687590107364
0.6822829073594951
0.6247609065622519
0.6806785675824216
0.6687497128851169
0.7249717760002059
0.7100661500203551
0.6391702229101753
0.5093017647640622
0.5851786356924338
0.5812556401839434
0.41733609639985
0.5956450998680475
0.5695327655965771
0.651273534814539
0.6081761337549433
0.6821960158546662
0.6949862942708006
0.3798434951523029
0.6024661196142768
0.6208260570228853
0.5824020381189551
0.5607915802013855
0.6382066316497806
0.4777477171253225
0.4871263614904946
0.5626349676527043
0.3533454337927578
0.553511459360773
0.5416922588641581
0.6082268231671941
0.6793488297206126
0.6882400958114337
0.6982276888772628
0.6238186593172819
0.6401632852135003
0.6417424938404086
0.6613512921420446
0.6075052568780652
0.6497552778685826
0.6262732707188623
0.5580601285769847
0.653452790463012
0.6265151095497956
0.6172221229262701
0.552565883998858
0.6831378643098444
0.5529329753097505
0.651414889726864
0.5668822951418635
0.6062173844873232
0.5542906193825959
0.5561292115634626
0.5815841232272685
0.6996721997387947
0.6084624333338275
0.5815952383884396
0.5863590953094945
0.5772127549626581
0.6511754516914949
0.6608791455531362
0.6375530216266102
0.5804383336261182
0.4853457262535998
0.5873133949508568
0.7027427447387669
0.6777797217219691
0.6669273564758036
0.5016089398124158
0.6157828050607033
0.7163291844307832
0.7284148987416935
0.48167646227546607
0.6738638387524493
0.639336529425941
0.6798452942228006
0.5867881204532277
0.6514980285006776
0.6474749107960553
0.6379422733249935
0.5328473479444191
0.5859951654011922
0.6646950541439688
0.6663198039759253
0.546950451168868
0.4293914140746986
0.581186490409314
0.6153955797896796
0.6666920021627556
0.6462209306127729
0.6420925689659143
0.6365411971504416
0.6246539010154052
0.653235793000169
0.5955519812647827
0.578447526045919
0.49705853640103925
0.47944003409260605
0.666734477670647
0.5969999836870167
0.5622425008104653
0.6995329607820264
0.6677911348533782
0.6449377826020459
0.6966016344006631
0.5589016117595366
0.5895870932393295
0.3342473299790907
0.5436418627398332
0.577518561699859
0.6843483498870323
0.3810111745817026
0.606410949296604
0.6272912197779597
0.6507591510600313
0.6012842531512707
0.6821689580550779
0.6708947534710064
0.6111997956190361
0.5648593950398773
0.46076382861236814
0.39010595099053785
0.7022661003483823
0.6367447249386232
0.4371362405863728
0.6531660821472297
0.6557249643086167
0.5740064317308091
0.45069237579372884
0.5783903077839382
0.5351856180844767
0.37475375853407333
0.6716802459044062
0.7064181642921206
0.6784090684844735
0.5445764553254718
0.6233469768893078
0.5467334907657747
0.5894881604729246
0.6473910980253507
0.4095677389941661
0.4236229702239914
0.6536731078480608
0.5566604274394928
0.5955128147489895
0.5745233713449781
0.506839766098085
0.7093979005787533
0.5288515700801012
0.6662397810925873
0.6465776944273667
0.5759513873881876
0.5391808398842575
0.6202055572200126
0.747674434020868
0.6455291377459845
0.5689512838335609
0.7005121529998075
0.6419812559457838
0.6959001009563553
0.5972484010007754
0.6005276295079693
0.34222752045456395
0.44582550033810797
0.7135742169781129
0.6405700450153496
0.6668190942689107
0.6935163082067113
0.5712776186777352
0.7111910286085654
0.6643666588700806
0.6865720452082297
0.6806856612864294
0.6675349883195263
0.6809898154316971
0.6976151659637843
0.6927091780021858
0.671412986922855
0.3467666750317776
0.6841964855808277
0.5979950078153183
0.5710765450814673
0.6419280692241338
0.6357219915296398
0.6791278452843565
0.4689518252994114
0.677928186195344
0.6782883291412023
0.668370376465358
0.6680316437432083
0.6948078796584245
0.7198666509130511
0.5109041890408699
0.5629347835459355
0.694938136542728
0.47630220721151706
0.6318077845481448
0.38597231582868013
0.38701964573568587
0.4751876117822256
0.6828273724234881
0.497268747213653
0.6591007999735891
0.5219108495589144
0.634723050999019
0.7119929885062406
0.6665554896692178
0.636352451523152
0.45255143095706346
0.37257541352291645
0.5587376627320556
0.6885791880502139
0.6477483597411984
0.595607011229816
0.576469021711899
0.6731356655019459
0.638393860473234
0.5464425789878011
0.4692286551303853
0.4563457381160017
0.5191279596528119
0.5891386168561413
0.5863303029176786
0.6398108549434408
0.6481886050407976
0.6101032958849042
0.6482694226813283
0.6585493611840384
0.674545089522617
0.6636417634024968
0.6494360548270066
0.7095051346969652
0.6663643128564624
0.5934340617965925
0.7238816522157197
0.6361115664587536
0.6738809008601774
0.6911150101561975
0.5181123906067935
0.6258850348569811
0.6766346647059838
0.6916703851923396
0.6099756374730294
0.7206819932764461
0.6523380598108008
0.7051164465612507
0.7021601378809618
0.720258064262354
0.5865160128878015
0.634101076915092
0.5043006392450397
0.6521824703937864
0.6359185822141759
0.6247681180997289
0.613239707983881
0.7161617693195085
0.715156893952258
0.7113555110253283
0.6029238275601316
0.5589366768290545
0.6973243742181207
0.472999608085117
0.7325144972177108
0.6756884025401658
0.629389971851748
0.6825384592862414
0.6520006533107997
0.6193449141677608
0.6434731902859605
0.6154934209561005
0.6834061519746514
0.5489030668184036
0.6370850964708994
0.6563344419831164
0.6492177257365117
0.7143110581660156
0.6955063354207748
0.6976847148119484
0.6429252445372511
0.5732522946814113
0.6482987188472495
0.33399754452728897
0.4982407822265103
0.6938543402789495
0.6629407015509707
0.5591565174302342
0.640170384155893
0.5292543788751412
0.6354491377433893
0.5296026383541571
0.6543268215044395
0.6441081673287072
0.5898880045154125
0.6739965548400868
0.43819868316227134
0.5302689061858235
0.6370875835366626
0.7289395298192904
0.7006266088598174
0.6798283916941221
0.679601631501678
0.5939065279549464
0.6156679882376817
0.6409064800379448
0.5914166349802136
0.6370759838317521
0.540533502156752
0.5830708582150573
0.6177103881236948
0.6791528201602808
0.6016434265383276
0.6544222756597265
0.6778183180630306
0.7503111287235866
0.6123978202813273
0.6251170915052434
0.6492935068547312
0.6096778912067429
0.6739295357268604
0.6161856110977799
0.6791712095843464
0.6669961032051356
0.7139628459810922
0.6545222796908774
0.7129550326764138
0.6562063271382489
0.6592695929158553
0.6497662834695376
0.6250489907661213
0.6826468789320758
0.5064508097177796
0.5882592493078497
0.6520217380274334
0.7066947486777476
0.5192187408741359
0.6244265588550928
0.4938147180897925
0.5169276246801722
0.6428971380317408
0.4965240556421156
0.6126587648414799
0.6775764426771402
0.6487667075941767
0.6712059183331816
0.6616718372606825
0.7013529400634979
0.680928639360944
0.6515364229904868
0.48619650971485484
0.6437124487980603
0.7081460944942434
0.491816926648444
0.487609365517293
0.5659440516306488
0.6517349296909282
0.6272798747175724
0.6198867354336922
0.6051772196224808
0.6654663129682434
0.7320994482028295
0.7196079543613527
0.6426815748366874
0.6816341566031545
0.7174649911922498
0.6889005494044735
0.7536779321941691
0.6797226420800319
0.6371263379396441
0.4971056808032378
0.7013134723021406
0.7069560135369499
0.7141377715378051
0.6005010735487919
0.676645517258176
0.6179816081773479
0.6272581545099178
0.6830395759577976
0.6059039584599204
0.660101028153166
0.6435739943967904
0.5789703413617859
0.6979974498859807
0.68589533577382
0.4974089615542548
0.720604842649049
0.7289575646488552
0.7367506538194901
0.6749992062398339
0.6710582521808276
0.7332851128520552
0.5994038682895865
0.43005094393749566
0.5899564028817766
0.6363195637899975
0.6571284349612264
0.5882495828087942
0.6795058120482617
0.6972228523848234
0.5325428872139897
0.49481989086356826
0.7182063693171206
0.6221490041514555
0.7319559153283618
0.6775854333166487
0.5683635214923346
0.6618871968361926
0.47316537818264465
0.5550659611034091
0.5374276645545291
0.6400024706906396
0.6081613639151237
0.682923894366849
0.5832746730937148
0.7039136023209336
0.5981031307296072
0.6369249668412831
0.6812695704444068
0.6333765224328192
0.7186696725388786
0.680238552741607
0.7066876599644791
0.6649223036436134
0.6670116912085841
0.5508229285961871
0.40938093550011806
0.6788291222751529
0.6174976369916623
0.7031486200122238
0.6826186072033014
0.7153406317018407
0.6688919806465237
0.6217121308157729
0.3511102767328289
0.7216840006315255
0.6610459428162018
0.6217374509055241
0.6230301885787127
0.39126463292629354
0.6775888109287089
0.6344730001106906
0.6414415924530457
0.6715716088529841
0.713623209004389
0.6340028867158611
0.6287222825181463
0.6226161089193315
0.472155820036739
0.6548981977052795
0.6562679892071815
0.6711134098813593
0.6300733020228062
0.6121227829420859
0.7158914236525247
0.6349452671766269
0.7002392923897307
0.7293952456666197
0.7041426242077278
0.6284674139790445
0.6475155345383738
0.5863531015211543
0.6895951917805957
0.5657067347767543
0.7223072469585659
0.6973811229985536
0.612198759566521
0.7584143657701493
0.7149484959851455
0.639263405438333
0.6088793582151364
0.7013036238030932
0.704465508783138
0.6608188095265422
0.43143240726401266
0.5801485280898615
0.6971172918342701
0.7169669465152991
0.6968189468054585
0.732192264136573
0.6968833300976621
0.550037570961748
0.7157857050122629
0.7369336134134226
0.6896200336445716
0.7010266200218754
0.6715468711715319
0.6051109176549838
0.5363191580250983
0.6038939197031074
0.6209517853005585
0.6686534728307539
0.6255483341743372
0.6730106721970737
0.683184537056723
0.5709816056017523
0.6424390904057605
0.45650151768440916
0.6737512226019159
0.6688379497389542
0.4239445786408019
0.6512334717286936
0.7038277069780802
0.6617018325003352
0.7446239929975595
0.6684551690514613
0.6345749425574407
0.62568724752289
0.6461036145433351
0.6768623479499462
0.6214741143689173
0.6576267629887493
0.6854367166758327
0.6868547406373334
0.5054421858560607
0.4286060377255476
0.67218426341533
0.6993406671141029
0.614288676171
0.5133647551256274
0.7056454417492217
0.6878027461020938
0.672348032701246
0.671097639140164
0.6755053948489242
0.6989748803912694
0.711204143330559
0.6680322821652327
0.636271599119053
0.7331476909894771
0.6775233735460816
0.7234472463237088
0.7560908730892834
0.6561474051927462
0.6767734060657072
0.5127823135554737
0.7048790837698821
0.7103302500098535
0.7468464570043096
0.7374546862022007
0.6683876054384034
0.639232608210389
0.4836899741603931
0.6406341334362726
0.6379667921930341
0.43511883257936984
0.713058676461515
0.43371438257696737
0.6349068052556589
0.6118600828563874
0.6812180710121554
0.6965458155173907
0.7069085117620001
0.6797905044224397
0.6939530709343742
0.6874166421564226
0.4195483119109319
0.6905097713133381
0.7649271287838012
0.6476009014972546
0.6676929286415788
0.7531895902402802
0.6321339192789618
0.674983848340706
0.7090402231679868
0.6614364220070752
0.7074070501665384
0.7207208142727853
0.5438830754445001
0.5258879983031786
0.6656827337961735
0.6066497555303815
0.6595098502697677
0.6486998429938773
0.36686395192013216
0.2972556560239718
0.2770191783046348
0.6507600173607336
0.6729941822694595
0.6396554647385738
0.3506495204340394
0.45002004889425656
0.595159014959503
0.610174407533936
0.6201978783791744
0.610611807496035
0.645431974108931
0.6225030345939466
0.5515347323275235
0.5836377572323793
0.4628099792548956
0.530324519712422
0.6419505502409063
0.6166220286550015
0.6126075218489152
0.6542070646908585
0.5792506316678944
0.6323035007286595
0.6432427676927998
0.6232428829340695
0.5233625275986684
0.4187272760726382
0.525358004318299
0.6305153854963612
0.7005672420037976
0.5627989482817848
0.5849885507661893
0.6944232480509734
0.626210411081367
0.6508651846806057
0.6176057830106639
0.618398783787885
0.6733828027550036
0.7134376916672603
0.711293704187855
0.6015191127578061
0.6278479607647867
0.7206813361208749
0.6885138369113329
0.6282003365131411
0.5613740120398084
0.3233934107742097
0.655883291998674
0.6151414739107316
0.6314562423168223
0.6722638183666486
0.6219079261739269
0.6343861695380499
0.6370851743170209
0.6531924383209331
0.7049316707039643
0.6983349641224571
0.6425661034970984
0.5758227765247258
0.6491136740969621
0.6903187570824183
0.6089796860393168
0.6316503156172267
0.5258381829080435
0.6832055606778149
0.6059480916008201
0.35592003907636977
0.4383886804393489
0.4823081021734825
0.433592760599839
0.6214108363702477
0.498779575089843
0.6758518175554898
0.6480691999856762
0.7048011602513212
0.6616816260281702
0.6463316338515332
0.6186797835076626
0.6884003205809844
0.675344022033524
0.6630980289631127
0.7259899202841886
0.7115783420578672
0.6549937828406835
0.6544488835145265
0.4521433847865724
0.6398092732575971
0.7111855341530133
0.5650428261495595
0.554785583022637
0.6620532040082447
0.6660445565318954
0.724926563351906
0.7118380782254233
0.5969768663092001
0.7268362267471247
0.6263547756122078
0.7048718958641439
0.6491267467715004
0.6198040315810922
0.6500851811347296
0.6762868157159235
0.33178202891464875
0.43003850003578115
0.7005571050840212
0.5991662290205962
0.6820284463118229
0.680809418089965
0.6436141605101181
0.6733475980525924
0.7144712005478577
0.5695863987798696
0.7338568957111758
0.6926899569567989
0.6346611422680966
0.6901550360478548
0.5763964010560931
0.7055906866458205
0.670988793727354
0.594810680795725
0.6590040995577583
0.6640945345919005
0.681103903236833
0.725599290023445
0.6876205751409377
0.664202979861207
0.6159567075861093
0.6894522421626733
0.5584900770709076
0.6397260550965573
0.3723323125229225
0.707778563616654
0.6823880066804956
0.7004009070779093
0.6835977307534279
0.615312858853589
0.6900743819254095
0.6583679369942552
0.6520418046366924
0.6591971241320589
0.6720626052947251
0.6705594008836807
0.6807589178940354
0.7064489162170469
0.7247368492149565
0.6370001365372168
0.6688182262202338
0.6577267226240947
0.662492482790494
0.651780131275319
0.6404794324231605
0.7158119638063027
0.7545453598462741
0.7623506179791222
0.7597890723681112
0.5648920992248583
0.5944129091400633
0.543583058168539
0.6349905089390703
0.6410464466778697
0.6875716395302871
0.7076796850193172
0.6561389546078782
0.6687292836272236
0.680821037882026
0.6037258463874926
0.7221714720986461
0.665360480163431
0.5069730012136169
0.6664949684234662
0.7039329008498298
0.6426359631863668
0.7136947399199957
0.693534915450963
0.6405845293898661
0.6509035133263249
0.681035203170554
0.6929397922567682
0.60482541292305
0.6682815800258086
0.6865356335704886
0.6966288888192907
0.7548874832224616
0.6260329590158706
0.6947801190105115
0.5760045447614304
0.6068823124874223
0.6818015450237701
0.7174275566846992
0.6848138111157221
0.6659467734615714
0.6293755372913015
0.6585047194681454
0.6844610747262917
0.6648760239051452
0.7011711069294883
0.6032720009657364
0.5685724322639962
0.5851369721637216
0.5531873326255672
0.6170601038267275
0.6839553522858082
0.6582730694230767
0.6633889400353319
0.6678055751228884
0.640750179389283
0.689957841522476
0.647720299568561
0.7657502318013854
0.6632647546793912
0.6916408353793326
0.6736435543492831
0.6766216475930732
0.7048144803495796
0.3925092086870825
0.5986077638854156
0.689232571294059
0.7242260506999549
0.7189410970618445
0.6790103859534866
0.6843161265276955
0.6541427770104211
0.6558897622389368
0.7165132578363915
0.6309595906047312
0.6011756310167998
0.6515372886056499
0.7012837531619277
0.6671840453287047
0.6888581215628803
0.6876619376188567
0.7072569298535417
0.6287262424298017
0.6650313478292869
0.6522283381743438
0.506986293915027
0.6543782001500769
0.7165247340758897
0.6581385603327035
0.6436104765118772
0.6387840694299335
0.674705978717724
0.75021383884098
0.6693520401130181
0.6430369588169296
0.5919864096320695
0.713705889814503
0.6770210676312197
0.5892514436370522
0.6576912200282546
0.7092685574413076
0.4990322551883306
0.6463637716443871
0.7168655511019566
0.6314392740786278
0.5792235412587111
0.7244287337203609
0.6841479029534263
0.6793339233536873
0.4424060722617453
0.6048395388359896
0.6572179082110088
0.4460568279976647
0.6746249084811589
0.7099024489843607
0.6486590011849326
0.722548761440681
0.6738789634927072
0.7134360806312416
0.6244791892613901
0.6817856851223227
0.7289527767846845
0.6552216345069253
0.6514944410768794
0.6805846339574753
0.7237920149669343
0.6991051141937681
0.6582733002505079
0.7033563604508505
0.6910645617684041
0.6867131296416993
0.7123436646074931
0.6385919365461693
0.6449282517281564
0.3833886717694199
0.6440088232198461
0.5731183027164368
0.7266440792752197
0.7113736808953165
0.6593490579019776
0.7260697998346123
0.7347265058233168
0.7100291266570121
0.7033866088593101
0.6989048241118051
0.6925397488299511
0.7149755542882593
0.6997595345764496
0.6794455175604054
0.586030206916273
0.6355352417680578
0.7098933272087794
0.7066263239094281
0.6673760395674607
0.6833037047543598
0.601744794983537
0.6673123366949877
0.2343603514800955
0.6474336333873414
0.7294751439065782
0.6611650497305095
0.7030954890028299
0.7202766615802803
0.6903599117423114
0.6889089189047851
0.6814097561336407
0.6702988692241685
0.6938907904648732
0.7283980667186042
0.6875084766478925
0.7098000875044147
0.6497242680466263
0.6808484754932667
0.7025904533604189
0.5710775669829588
0.33428093067524683
0.6122443938133899
0.6179162990590261
0.6275449743468435
0.7172104226486777
0.701212173465752
0.7060955689107087
0.6543095311555347
0.7210746219583632
0.6601073961373696
0.7348576238800969
0.6920177727833737
0.6913545036404701
0.6802852573155976
0.5771591985892799
0.3380672807237758
0.7108646602567598
0.6991107355488559
0.5978217998215087
0.7135135833020297
0.7196272596726103
0.6491963084234869
0.7174327872620009
0.6788500762621567
0.7276755251572499
0.6919807710919409
0.6926390408913489
0.6481556246260759
0.5197364450057429
0.6970281999823372
0.6918053610974458
0.7341860287881786
0.6595183586186217
0.6723763885697676
0.4885440000439788
0.7022818192536114
0.7061870412509356
0.661942649771944
0.7538148754174275
0.7571475640026553
0.7249606899712231
0.6910037163964223
0.7755482172030972
0.6287663594853808
0.7072083002265533
0.6925002494634819
0.7059580254214955
0.6169959054011198
0.7077736841616563
0.7040660415847456
0.7228606431820179
0.7173785063789937
0.623762552168952
0.712992314976606
0.6513179908337754
0.6135037345706397
0.7232514413922634
0.6544946015964296
0.6598089874944023
0.7375775710385356
0.7077097274580894
0.7073783898871742
0.6788115824927904
0.6993181580894088
0.6954344758127589
0.6055315752242351
0.7244757358792445
0.6941251742276756
0.6965635361831396
0.7084101769603222
0.6724736446414622
0.6720551447803764
0.6128736429145213
0.6470123515207986
0.6939860129407994
0.6264263579317008
0.6658808487694888
0.7117223932278485
0.714969142234156
0.6047814469124118
0.7021412302999726
0.743031719705795
0.7172034517066774
0.7196669832750549
0.6798375894353871
0.6033881581767304
0.6704721628806536
0.726684088857512
0.6920475937819667
0.7235643669688926
0.7308890727814685
0.638119746537874
0.6972575381529238
0.6721615093948061
0.7249885777595574
0.7038799391094751
0.7247634115250269
0.7118128867017972
0.710813752304646
0.6462206551767922
0.7382858505407793
0.6703817818982425
0.6773556782073694
0.7029164992696595
0.6746428575518237
0.6959652173916326
0.7088920857927288
0.6946660285823617
0.6664551047277862
0.7034569372760413
0.5623980151933808
0.675816852604585
0.5010102349996522
0.6692060195463541
0.701737274655068
0.6568600206274009
0.5883743207347036
0.6485257872149179
0.695812809988972
0.6613421664745364
0.634461296472377
0.6890549710133125
0.6752851529221919
0.6903486356017879
0.4720957697861116
0.38591886655306235
0.7147433914434052
0.6624227295339173
0.6213530468285424
0.6211243866030716
0.6409773243412326
0.7154247242742936
0.6611642267603517
0.5793253565620207
0.7124694452820285
0.5786152170712386
0.6908042444471585
0.3993788861013707
0.6406010082473977
0.640528692959606
0.6759101169297697
0.7214443244331405
0.5499894940550902
0.6706998868188045
0.706444696856408
0.6995551288223413
0.6381007185655532
0.6630022604874781
0.7010343943634364
0.6809731754191646
0.6089930297771979
0.7311214123125089
0.737162922040578
0.652283037548887
0.6963980560353581
0.673330395454466
0.7042635944342477
0.7016302522584555
0.679046621751918
0.7050086795274193
0.7025248524569764
0.6456247644556644
0.6399802380545395
0.669969660005799
0.7164401816180626
0.7001331889298007
0.7134559409278096
0.7528041802130452
0.7365442496641416
0.7155794106919947
0.7043913207025838
0.7251193144644762
0.5617651846904637
0.6884934075706339
0.7070184191322322
0.7340449526580446
0.6518856348197126
0.7312527836838862
0.7483503750526066
0.6903715375362951
0.6967630809617198
0.6670993966789435
0.7301726779274342
0.5844071918228694
0.7209048515528016
0.6231036958057332
0.7582852433852655
0.7486371038685913
0.6959792247532419
0.6106080367209665
0.7167226433727173
0.6463792071788156
0.7547416350792137
0.7356327047128134
0.7118738495600664
0.6137091090745972
0.737493130617405
0.7172969944236324
0.6065587011919082
0.6738493517180383
0.6796267488701824
0.7338502422378856
0.7300553999421168
0.7035610179997963
0.34567936621719375
0.689629486382364
0.6258140143090588
0.7237672527263207
0.7046779159625833
0.6945770440031628
0.6459133195057615
0.7266971335081351
0.6559609866136225
0.6704900569229995
0.755891386505228
0.6400446432721746
0.7277415741453944
0.7357962268827066
0.6829828581347546
0.7339039446821745
0.67164779252609
0.7145075961480662
0.7376025484775219
0.7402281174944696
0.7264094329575694
0.6986773139988329
0.7384836869005887
0.7149338138722742
0.6851896584117069
0.5501447597444178
0.737623445453477
0.4912745854547076
0.6100618691345753
0.7171757301035508
0.7342781334165275
0.7274243210028939
0.6024797009277679
0.6583509131286788
0.6816450831849841
0.7282737624027277
0.7538224864850056
0.710594562340315
0.7151635108769042
0.7066218618620167
0.6903857428537369
0.4479901818473961
0.41991678487210593
0.6756268167975383
0.7152351763460524
0.7020185211069884
0.6818951336856809
0.7128531693078515
0.7188346558071962
0.6229398451323866
0.6800826805786173
0.7510398057345837
0.25100899267277066
0.5087079429733873
0.6863601596500767
0.6295429291451512
0.7058760683320641
0.5990690978678054
0.643628271264154
0.7087413076532769
0.6976477689146582
0.696545914646234
0.7323490225934447
0.7019009027095895
0.6729581831060476
0.7467251675988704
0.7277672825916096
0.7501037875901744
0.6654262431777638
0.559040858195745
0.6362739802959916
0.7060389817985085
0.6761092015548232
0.6800552565942968
0.7349530194961252
0.681765481192842
0.6865602330206769
0.6617319642350222
0.6537799005658157
0.5532647406017751
0.6861411188075828
0.7120152843379328
0.7376263336233548
0.7190129850586824
0.7420185222318139
0.6894841838863734
0.7067582774890439
0.7156880106099625
0.7300948450035967
0.6405107603464002
0.749203454827471
0.6187033370718015
0.6621867588229386
0.6361336613013787
0.7258037179213689
0.7338146587422705
0.6884520533652728
0.6460883963611055
0.3830498146363596
0.7258108365205362
0.7575148378995583
0.727073381033452
0.7322747936853863
0.6574717423320159
0.7183315434873111
0.7399577334535653
0.5480182784365808
0.7057651081863868
0.7127031184408158
0.6099184552456617
0.5462817677811818
0.6975625171617265
0.6305864461514572
0.4950057021818688
0.7216519300259783
0.7335233547110847
0.7403782131923058
0.7050598846036418
0.7010260576783112
0.724251044963882
0.6467699480521009
0.7065662885774541
0.7446209008436517
0.6614331880752866
0.6561371359142971
0.726388990314697
0.7005008151272818
0.7049498009589575
0.7152030517966184
0.6932220664541304
0.6572419027685431
0.7185363634681007
0.7102062087912568
0.7482944691282885
0.6205387488269437
0.7386450344685584
0.5433416864125648
0.6730908664369062
0.7029438343245353
0.7154640025997336
0.7193858512639494
0.7137401419533803
0.5763345684514902
0.5579460468653042
0.6453326126866117
0.6156329199857149
0.5796781749526039
0.6975140783564348
0.3965013265215165
0.6733294740732998
0.70151490150157
0.5985437120038899
0.6369248841844606
0.5822757086040644
0.573381151481999
0.6466780737655595
0.7105738215906314
0.6144343070090992
0.7037986690056719
0.6233415619104329
0.688123197961355
0.5649984107304261
0.41744498960143817
0.7059167927781312
0.6016015613347533
0.45987128825752355
0.6880191170654547
0.6873643175594971
0.6263769967647762
0.6760929214420369
0.6372230469348701
0.7334705227941325
0.6635470464637722
0.6861233412478697
0.5239748307674789
0.30138646903017147
0.6360098400383355
0.6658393686552635
0.7038824540407717
0.6340606005750967
0.6854095808666405
0.6940353078465183
0.6928126378961159
0.6820228928613201
0.711291967503843
0.7048337867163881
0.7059450915977469
0.705518817254765
0.6694883688442271
0.7229386308253193
0.66540799583232
0.6717369298457043
0.7225032037280255
0.6713943900210886
0.7069772592321368
0.6291697353629349
0.7062335547374762
0.6379550215657546
0.6420379000303535
0.6671827327191273
0.6349167151820795
0.6672163531037565
0.7153098151876067
0.6731302402326859
0.6736352032284206
0.7084451157924936
0.702471331053498
0.6911819100708929
0.7343561447458035
0.678330302682524
0.6158646842264919
0.6588130763335123
0.697709553648508
0.6754686794276417
0.6738101033855033
0.7222831682980403
0.6177146719638668
0.6172653829378869
0.5815562557933859
0.6783398141640311
0.5687274609106033
0.5669326824494548
0.7082009024198864
0.7130154064275003
0.6561215348347507
0.7207505603426101
0.5827108112476709
0.7379707837760223
0.7297968673261476
0.5085968445080925
0.722004683176714
0.6297055095700533
0.6905187244984592
0.4592884428607835
0.7483967609500587
0.6861433289323239
0.6907296631285785
0.6247470243786072
0.6825929250512729
0.6915521724876226
0.6979779376445586
0.6981320398325046
0.6815644472676925
0.7366693323727166
0.6644280936550879
0.6375634823536884
0.7309389004519501
0.6193263807586162
0.7495460288409526
0.7587775101403799
0.6531877742480314
0.6387248227862913
0.6396526390882358
0.6669931455496696
0.7109241838430678
0.7131353875538248
0.5309709322144269
0.7300272975733489
0.748011426368098
0.6533263971433131
0.659091427086774
0.6683453580444997
0.7312521012288491
0.71427511052491
0.7504221840605944
0.6687299568609555
0.6651726703526315
0.6146527792977717
0.7460707105054438
0.7636971966981896
0.5447511774104362
0.7338414253590209
0.6716473454549466
0.6744945389178454
0.687924287146779
0.7007231838329104
0.7130412993381207
0.6814685565846481
0.6910487560360967
0.7282183354362032
0.6591981992588871
0.6829076107978217
0.7375868814744747
0.7148827468746525
0.6970963026441217
0.6875327381417793
0.5756595817470833
0.6537428042965188
0.724325489312792
0.7147142179954575
0.6606009565490352
0.6034063654004254
0.7206877523131331
0.5271511342814064
0.7071941612578311
0.7350165695103402
0.5742302015081795
0.7614990446190508
0.6707701345620042
0.7126015587773533
0.7359813021049735
0.6862552648897889
0.7177583739546877
0.7172840739840362
0.5077320280471038
0.7185997265538906
0.7379901086816425
0.676430915109555
0.5684313721993268
0.7125259905770868
0.7006237950257383
0.41304263945442743
0.5027088940385721
0.7012197028341528
0.6959187035108617
0.6571691499509194
0.7625665129036626
0.6283141235861129
0.5687641898261608
0.7446419505845546
0.6907803779863693
0.6934770488385036
0.6586903228197581
0.730339640528969
0.7207178196157059
0.6396709227949583
0.421528198941445
0.7103115784102845
0.7444159872623161
0.5702059422805378
0.598854763508053
0.6653589880153871
0.44715352293147653
0.715354903346498
0.667788547655376
0.6902169493394187
0.6644789714651824
0.4825177187852703
0.7073501823424257
0.6265596005526547
0.7434159293935491
0.7239711467955118
0.7110969444695604
0.7202649047799171
0.6869470334012326
0.7311143685505692
0.7185958920456005
0.7373014212058944
0.7010980296992088
0.7042242667851351
0.6472739673346863
0.7577271978765681
0.7312475472781245
0.7246728844499316
0.6742589845160603
0.6802078127671439
0.618780900756557
0.7739239050851501
0.697967517937715
0.683469089905943
0.758417879302067
0.7355359320270364
0.7343635265829879
0.7524655325309492
0.7256350684460444
0.7379842842792855
0.7089083084621954
0.7272103761317308
0.7402699321806504
0.6842752329424053
0.7245642754145841
0.7012994974000619
0.6465361503874669
0.7350289427463537
0.7218320028358388
0.7546214400827428
0.7491448670196967
0.6698058614761269
0.6161386290853058
0.6401176688363993
0.5643404960283003
0.7381614521810461
0.7338029288537052
0.6999840903962193
0.6972478907447004
0.6858890242755591
0.7167092554338024
0.6324908262770622
0.7208849502272698
0.7060647378641097
0.5505988570246574
0.5056800457062465
0.718749143907537
0.7349465067060614
0.6118908352356122
0.7244095460439957
0.6990338822125883
0.7024973969648112
0.7444960905063084
0.7143252276591875
0.659582618106577
0.7270572190262024
0.687615095099503
0.5699522933555176
0.5515910411977059
0.5708669503164284
0.7291389139997781
0.7066179929443264
0.6195147053985851
0.6412874779119982
0.7330181095547462
0.41433969072334165
0.7643855293934674
0.7326724018176525
0.7233824050948923
0.7384984607924356
0.7740783039305219
0.7204295536800817
0.6902482716929179
0.6913972796301405
0.7476489616159305
0.7173503960647521
0.686145658304493
0.7631555598905851
0.7327256400429414
0.3754133518622191
0.7256181857665099
0.7010042653012285
0.6419894524242273
0.46673742275621494
0.7262221346582379
0.7123397476263378
0.7122438863564318
0.7299184615730758
0.7256599128040045
0.713516636811583
0.7164983246311496
0.7569132732352516
0.7189736103928875
0.6649383261812488
0.5619335945907789
0.7214086795957471
0.7166334231479214
0.7438219629896161
0.6274558515285711
0.6856009799634576
0.7351404394161157
0.7260022613277368
0.7063699441968697
0.7484268008529671
0.7262556747974109
0.46544570272764124
0.7113879721609231
0.5724495074610477
0.6905647895443902
0.6206371055404982
0.6336438705984885
0.7280410370547636
0.7351830591562303
0.7164476151709649
0.7582963899783525
0.42187169880305647
0.4391360366385598
0.5328170699587814
0.7327461653241002
0.5330784724057942
0.6494945376389627
0.7219254153341522
0.658805938981328
0.7151056845504061
0.6923998619524566
0.7252513587658622
0.7325218021055331
0.725972164510616
0.589043751979582
0.6436513432146832
0.5101628606337278
0.626542606054488
0.7000339293998569
0.7026140134966948
0.4582518597759772
0.5121227148097588
0.4586085280094643
0.6902301294272206
0.6686329379697982
0.6747385747585635
0.6737436630065153
0.6483338377442199
0.7555055243699852
0.757352696513456
0.7230812283491374
0.7171154212154345
0.725286303880811
0.737532191703247
0.6355644103309896
0.6938297211816652
0.6971159732538158
0.6955569451280258
0.6679842872934336
0.6897711263266325
0.7181875571707529
0.701953494970146
0.4953373385147993
0.7531812788157042
0.7735223240005896
0.7809878038593706
0.35859738556852916
0.6254738469809707
0.6848289297632839
0.7095268537286326
0.7740737325650273
0.6720587396502893
0.7285968121383267
0.7388051954384675
0.6685022548380957
0.7431824357961655
0.707278528701437
0.6174777937877846
0.7018374371859857
0.7254159671882389
0.7225708577707732
0.6511591609003347
0.7014972218483837
0.5318408147190419
0.5393451923523225
0.7238852664056615
0.6564094001558765
0.7343404881008125
0.7027234382927462
0.5158401553514964
0.6596346555835746
0.6318007767228507
0.7302633682195934
0.6964738247957141
0.7015290602860733
0.7296940626854034
0.7225258904411546
0.6710130222768655
0.7144056502506331
0.7311024556484207
0.6262564416818638
0.5092309834233296
0.7271869206997913
0.634246295370273
0.7278711340735294
0.7302570285081679
0.7302491102328278
0.7308812867949644
0.49369297269711765
0.6848378620305945
0.6626486313134937
0.6559567158749791
0.7718653478952983
0.6611821466004386
0.6936051392452162
0.6701536315132354
0.7418382168433806
0.6899010442512358
0.6019139350851317
0.6946668301724295
0.6677183568635321
0.7564205944659212
0.6850852369094709
0.7262014023577389
0.7535587594740722
0.7312354633547983
0.7588401777874071
0.7270808006866044
0.5794732731235338
0.33277025336738886
0.7030247740736543
0.5817433244983965
0.6985937372464595
0.7133280560497758
0.5822790163784904
0.5591834474311881
0.6206408412318598
0.7283087588146125
0.5179672595234325
0.741344859150902
0.6865422816302273
0.6620067080136387
0.6825419807498675
0.7070978892213438
0.6821811049738723
0.6837845046957325
0.5646452779744999
0.6565372177730413
0.7441946789016524
0.6372935170175178
0.6164767778414193
0.7253614705437971
0.6704181574201614
0.6919103817979129
0.6782255503721386
0.701122212014309
0.7201801491497615
0.7234118793851907
0.36124620524367645
0.5888026685770057
0.6908521585825399
0.6220753503761166
0.3270388934553998
0.6940931455437743
0.5340341623810633
0.6802559069718
0.6406557302174984
0.7048682138330445
0.5898213695202469
0.7368278599041023
0.7625030925078968
0.7472900026478154
0.3884137609737355
0.7193927716103723
0.718641335882534
0.749666920908995
0.7184104976582099
0.6645266422315202
0.7135840685576993
0.6510169072531501
0.7223128424727371
0.7047973342245544
0.6487326691679788
0.7141459794410245
0.7238929269979958
0.6833793418105983
0.7324903558905711
0.7218549337663004
0.6906887856235474
0.7574375929491655
0.6691018333242915
0.7003538157792346
0.6020486934178197
0.7048374249576241
0.7463369529447924
0.6388180248765397
0.586135138230976
0.6662716822389448
0.7257262129800828
0.6789071534882976
0.7446038713948103
0.729541892540843
0.5452949546652753
0.7298094159212066
0.7397793764327858
0.613354567532879
0.6813138629733306
0.7008827279937083
0.6098572130152238
0.737870682549989
0.6686736847416038
0.6909737191019856
0.7138744365846565
0.7475649090505585
0.7114163032604446
0.47343484073614694
0.733900054509756
0.6388307055806395
0.5874120306085436
0.7423256163724173
0.4680183313883849
0.6654022114017838
0.7187334722454466
0.6632596840529996
0.7244630290091449
0.6817948031951289
0.7092018942314324
0.7309716651548248
0.6520522772334235
0.7091628167611613
0.6555559811006242
0.2525720427265024
0.7010102487520797
0.6609371554245936
0.6480173191208702
0.6878677672337083
0.6838071921634229
0.7094705691498144
0.680735534164818
0.5623763265413404
0.7420594247506456
0.6761735268032061
0.6482028944906787
0.6106199944875746
0.7179505678693345
0.677499358084039
0.6748817898902711
0.6607105464893795
0.4821524555617497
0.6133443110225412
0.7027687196026458
0.6799552144446193
0.7079001128051222
0.6747550407435411
0.7007747082581344
0.6979251105104356
0.7001561538895351
0.6781148532086196
0.5787870271913118
0.6064366473594054
0.6396278897802985
0.7296163898563442
0.6048113785789184
0.7310293560492462
0.6839747501328189
0.5805411298453601
0.4982295802569194
0.6440730748759745
0.624046064136741
0.6959467379520984
0.7024001101410416
0.48778960137356103
0.6000721247141931
0.6355660584957544
0.6163634191532708
0.6952062094901182
0.5528801195730989
0.710654853411514
0.6522880752051549
0.6534090181371727
0.6510309297682703
0.7434703073602439
0.6136452141562482
0.7409316529913368
0.6668427435108086
0.7126376010708492
0.7036625786383399
0.7183466352289878
0.7119905104330989
0.7097570152890701
0.6615982177708415
0.7336179460193998
0.6666400845128121
0.6886841130096621
0.7066358054326153
0.7200827568683783
0.6946025109073801
0.754633186592212
0.6728698199168716
0.7331275442937
0.5557703805363402
0.6420928831306203
0.5922951856199582
0.549809476916632
0.711531054167378
0.6197703556696759
0.6374034943162293
0.613711012081638
0.6106674056322465
0.7718533685776121
0.7041166715537518
0.616135265213212
0.6358303329150155
0.7391377029172053
0.6761210250042583
0.680997540470582
0.7078082310611566
0.6489510250478066
0.6900635841688296
0.34802401597610194
0.6589213679792634
0.7298934926815076
0.6525691527321942
0.742597104643246
0.7357314960636369
0.5398986458284015
0.6182777939700896
0.6282136892933531
0.6720620878344313
0.7263382041618154
0.7476180889117694
0.5980482604904184
0.679786003362397
0.6723895451576076
0.6991574496054729
0.6409021565906595
0.7378773591963551
0.5820290682599308
0.7031549403354608
0.7006873580291206
0.7134098147254417
0.6958105566409126
0.7112773034308033
0.7095253258334071
0.6188815013364913
0.74592048000622
0.699695777952264
0.7017293459740452
0.6537957345968217
0.6666925035715946
0.4862489009595675
0.6594830123979756
0.7767077304361765
0.7181613559389338
0.7393987186277015
0.6533548626609437
0.6616729275090077
0.7043850933707881
0.7076723415834989
0.5919968474131122
0.7006239628181167
0.6279256272383477
0.7071854223400937
0.477959845125116
0.6626614435001085
0.6936262023451687
0.7099004546509302
0.6557105354075774
0.5563626568998283
0.6440568953851847
0.6301667293308181
0.7226318718682961
0.7379281967920881
0.6376091454745703
0.5410121314421188
0.6757118689777163
0.7235909727225912
0.7477136924183664
0.6769472519273272
0.6420382970957742
0.5763173439547489
0.6956103827273887
0.5631202352386986
0.6939540668499279
0.7099405937117288
0.7017905102218033
0.6564842884491077
0.44973830601170744
0.6922992872747231
0.6697037388422085
0.7466221096716456
0.7521763362739761
0.7504687136036828
0.7059693074299807
0.6434700593028094
0.7350009730811173
0.7251267080597489
0.7249381414571755
0.7517873121145129
0.7048682750645024
0.6898181885954984
0.4883602245542223
0.6864166301870107
0.6941525263451552
0.5227838654763909
0.644431320105175
0.7361568811020041
0.6662358614005508
0.5213195490912729
0.6718226440972728
0.7430352336950412
0.7533169232836127
0.6472042908120683
0.7372288101082765
0.6303724215352304
0.6276640082778194
0.6804002796481126
0.5458740905421098
0.699558185974501
0.6904559802259864
0.7177751132968215
0.6983378466125286
0.6439418720506357
0.5558132426320287
0.7426673285274313
0.7283639188077896
0.6427442227556968
0.7218585481752287
0.6860842536215164
0.6028798047203313
0.5397106454053995
0.644610235613788
0.5269823285756964
0.5753806595296962
0.7080547774905841
0.6821886941944397
0.6296916895212938
0.7404707873730284
0.4684592421038127
0.7499529787340815
0.664595262395522
0.6811984170088782
0.6493638845793045
0.7001204947697782
0.6802357625429021
0.5959309003585177
0.7221327240842783
0.6317869653050707
0.7306720261999594
0.6841633975396174
0.709065080163435
0.7178903497816469
0.6271958704322728
0.7469222829644633
0.7391965692751077
0.6612627169257452
0.6505626249968607
0.7117002918002585
0.6850384929663568
0.6289074271751981
0.7390115703697591
0.7713157505846105
0.7225541864227756
0.7615295099140347
0.7489882566904911
0.6329564609987607
0.6932814680218232
0.7109243289337951
0.7387417613334754
0.7168478740144493
0.7133906011643945
0.4579405618357731
0.7536545690276693
0.7225035146228435
0.7146170577439966
0.7199711009713795
0.6813116653017314
0.6573501637539492
0.7675919470147139
0.7545440927777035
0.7256569178063212
0.6848326706796718
0.7466618199036662
0.7499810960165157
0.6770451130817494
0.6239059954271287
0.6674899713623708
0.5611511684148028
0.7122131488197683
0.7138811736843721
0.7232463618638136
0.48132157575416856
0.6935601446998955
0.6940938988949513
0.7327372240609428
0.652603891513614
0.6410395161177332
0.5067382385338743
0.7107366317353274
0.5163213497584751
0.7133610752352249
0.6995290319710079
0.7314898356899406
0.37133379644730996
0.5538714365063147
0.7460938370293526
0.7319129409447828
0.7087002506560311
0.5417586058725157
0.5961082101834004
0.6976753330414658
0.602589587502556
0.7084563060298765
0.6114439102747242
0.7116716993963318
0.6506532640673242
0.6968085130791681
0.7267546758584099
0.7515206909994813
0.7083597545268503
0.7515190637552142
0.6867359463971294
0.6499347495083133
0.7057059296781513
0.627081025026692
0.6265482002498187
0.7371646601219354
0.6788386747059669
0.7397197435058008
0.6762340149994359
0.6975675990935184
0.7185231936082753
0.7665579759495432
0.6827666517113049
0.6645433632121118
0.7255324001865519
0.7274584757576281
0.7583045555743223
0.701283661640108
0.6647285015890477
0.7143616516453943
0.30634289768168593
0.7446848326407515
0.5972846583684334
0.70017481281633
0.7439041263080071
0.7358267295411934
0.7197977382174531
0.6406487246634933
0.7190541824448496
0.7250811818511239
0.7177114653361367
0.6426472191977841
0.7340477788934078
0.7325159405354009
0.685833740601107
0.7677838677511565
0.7643540084243486
0.69793241218948
0.7282068587821994
0.6402025263129879
0.684405651114242
0.7474921563214063
0.7606218083803195
0.5629721747205501
0.6356750152625207
0.6666989293524402
0.710306237528358
0.7553240428607003
0.6238177190389892
0.718694385623849
0.6878476453133259
0.6882110826455684
0.7079740846816779
0.6745849533981815
0.7123835229632884
0.7274615822613321
0.7235875241251851
0.728653649114688
0.6162119241957261
0.6042561801693639
0.7229668272078902
0.7145823597581458
0.6687147868825448
0.681420395306781
0.6356479892839386
0.631858356301734
0.7102598262335738
0.6954157064457905
0.6750785603472177
0.6826670289110703
0.740580016869966
0.6705227107365501
0.6752418956213981
0.6792591087340111
0.632501877705159
0.7461917241814614
0.7160994530129489
0.6998677640305513
0.6644303697864958
0.7375152117402002
0.7657959009689614
0.7182984663548768
0.6299306692173817
0.6236465588889173
0.5701850629560208
0.6601752128330208
0.6974997416681562
0.7346161771124389
0.6986217872040079
0.564940932301358
0.7443107794336825
0.7036410105628582
0.7403927818216621
0.7311394521629673
0.7223505456010331
0.7496846149118821
0.7487383674044044
0.552844678580841
0.6853348460081646
0.7049922677968273
0.6424241642856701
0.7330828671460209
0.6876510463247795
0.718964303745491
0.7360216481848062
0.6991454561493355
0.7791230239435643
0.47829003098496004
0.6382704961461974
0.7197180567028022
0.7002737855070587
0.7095136526175522
0.7429722667515377
0.6417122168813466
0.6975433409566761
0.7212593050974786
0.6682698975485544
0.7530403694944303
0.777710135432442
0.7295327017693859
0.7348781941534978
0.7004763448428005
0.7199357250786917
0.6771036894416234
0.6909337078018399
0.7401167658636129
0.7295236866649941
0.7229703847696038
0.7562516350979946
0.7313389459808016
0.663105514357309
0.6891196648517257
0.6674465041739953
0.5003001293050743
0.6186784662630105
0.591240839338193
0.6628739865340192
0.7052708241023288
0.5798873039615168
0.6273091468695149
0.668327077696325
0.6712041801402764
0.6008088347940517
0.6394629473250566
0.6486201495137844
0.6810481714098476
0.6830105704894974
0.6671321965134018
0.7028430162694912
0.6959941752990975
0.7339116631366356
0.750060612595642
0.6959699629702437
0.6186823155487605
0.667209788041108
0.6398735587725616
0.6819089977869062
0.5526866946184689
0.7358543278502608
0.6653894041907532
0.7021502533339655
0.7441326339332593
0.7197561071250763
0.6824954555296948
0.6391591114028116
0.6359788103760138
0.7573801661782561
0.6844293721915499
0.668495803288041
0.7800882861759888
0.3852611162403321
0.7621179215963783
0.7517766373341879
0.4391419952254017
0.7245819232664097
0.7426566950679125
0.7788279358858022
0.6903011541776017
0.7197785238757021
0.6899969622687229
0.7449469878106469
0.6491606684169793
0.755034680052244
0.7060348014424078
0.6965488550627481
0.630839844380986
0.674870723180273
0.729765425436209
0.6234148636294762
0.7229608096223621
0.6925750683769791
0.6596537270851585
0.6719191750132868
0.610280323686458
0.7148142008852824
0.6946490476620656
0.7394227837581275
0.7262228948116239
0.6511667955221446
0.7065161770568875
0.6997268423489181
0.7098204110404993
0.7221895137345453
0.6688305111791825
0.6669863913583234
0.5804586830252095
0.6153861309325415
0.6884670179526347
0.6775316005705025
0.7326217647716444
0.676777496145759
0.7162672715570476
0.5568352371520606
0.6201815643267676
0.5758396051987432
0.6840617809663853
0.7260098235476317
0.7302309773844526
0.7407437354851065
0.7104558973181823
0.7025282191687675
0.6815435252198906
0.5880003522846021
0.6412475943141613
0.701872769070682
0.7128023784282432
0.7496039584388747
0.7245406003986627
0.6940652377751367
0.7218934324723223
0.6645749323906
0.682499648786235
0.6984456268058414
0.7229738815144693
0.7418989363431236
0.7576371487434379
0.6891088921266385
0.7243928466052756
0.6816462560022348
0.7541220756644611
0.7493931639222686
0.6998111927470148
0.6671498650465232
0.7213818614684662
0.7111549995851888
0.7211295801286878
0.640114276792388
0.6701901589902465
0.7188572620662537
0.6713546552007833
0.7027825500306402
0.6612938665497733
0.5836549421494582
0.7495135425423081
0.7289127199986755
0.7390191754378956
0.6937215391984308
0.6404093107644933
0.5627071617871092
0.5675097649782492
0.6626730930260155
0.6500258444598197
0.6486932536152972
0.6121893210112773
0.6047052009200802
0.7092006674881115
0.7680932242367798
0.5901437672602843
0.71576469995416
0.6683251310418993
0.6646256128734879
0.6655847822154839
0.6886477556758842
0.7502013938517658
0.699765849628377
0.7103288633311482
0.7506119612938232
0.7358181436705442
0.43071057390850653
0.7417406251253158
0.6299909964044462
0.6547386001086928
0.6816685579613
0.7769898071891812
0.6819945160357898
0.6587851317411477
0.6995339125368651
0.7616412717664744
0.6718758731953416
0.42321860647474635
0.741013705012377
0.7369327490350465
0.6728565295187684
0.6769522180469439
0.5988949097921296
0.6770447384315763
0.7257409966975608
0.7439319159831593
0.6657260696287406
0.6659806281913646
0.6981724047408016
0.704781092358215
0.716209052230391
0.6711522712387722
0.7179667860896788
0.7179692862505712
0.6328393888803898
0.4910825594459137
0.6619431514634161
0.7131285581937661
0.7316922792946637
0.7348569893908742
0.7025748734050237
0.7098547970094923
0.6691733261655476
0.6687730871009663
0.6857008412770034
0.7193201741533288
0.7705007126933053
0.7639512713621269
0.7253573416098205
0.67874728088054
0.7454188515943335
0.7245052707524757
0.7622353598205001
0.703598133687428
0.6284538408224567
0.7251614908270286
0.6982375250402852
0.7342898734881568
0.7047237480432959
0.6877587827518341
0.5897593055013853
0.4642849461894617
0.6049358546365786
0.7535518244393038
0.7299850711721096
0.6917959899499698
0.7218263567289774
0.6656749329912057
0.7154866996963853
0.6919293882471246
0.7188112631710404
0.7190437654044441
0.7168013423073034
0.734343298814111
0.6602786118543363
0.5619242791657355
0.6643959434006025
0.654601087401005
0.4928715923348365
0.6091515041126785
