0.41984013459547903
0.4759951459998923
0.6120741745210173
0.5355261737072585
0.5912093054431735
0.5069941877719443
0.6894731635773291
0.6212644109128359
0.6038520984445757
0.7112396114534968
0.4217022300080946
0.7022075436620037
0.5652242871933215
0.5765571952156736
0.7564520417418505
0.735874145486953
0.7192636917052445
0.8054145092096163
0.400743281889431
0.7291680037201616
0.613518121693735
0.5425402613644413
0.5783326243198369
0.40439263590819813
0.674958493061927
0.6358881385663492
0.7199941420384524
0.7795705404585378
0.7149239976428962
0.6863950883507228
0.6499372151900923
0.68450922980122
0.6989298309660228
0.6209808044838846
0.5188343055774577
0.6180943343063781
0.6477363893199662
0.6391868293704495
0.6385014038630179
0.7494368112894453
0.32830466169429473
0.6207366457981773
0.6688427843258242
0.7319797308819135
0.5185474662076267
0.6758861377523874
0.6340602653557911
0.6354772665964067
0.7187045344596089
0.6976406487781809
0.4449368965317506
0.6785391712664496
0.7411657195696563
0.6755677337413128
0.48139958316334536
0.7076900882391264
0.7410023693393499
0.7074448458753286
0.5350289812387752
0.6621545840587136
0.5043285551526395
0.7966850611102642
0.5947841546443976
0.5221355342828357
0.5417105191537676
0.7722122460080098
0.5659667166297185
0.7101443874748863
0.5348444765716496
0.7377561428886078
0.7534458554670584
0.3985132582522949
0.7493091998515218
0.4416435076662967
0.7292733729387764
0.7686810499344177
0.7048559777646833
0.7936527785127448
0.749888951975188
0.7272723438674354
0.8104976413773913
0.8090796817854915
0.40990569278415756
0.7576223853565651
0.7406441945456079
0.8153792445535218
0.8171260366035524
0.788923600626382
0.7957336952864233
0.7475520105595578
0.7936042751062515
0.776587799802476
0.807092471754658
0.7037184501950736
0.8138353281298183
0.636963963401957
0.7915950034306449
0.7714595671123267
0.7388945643975253
0.7782332258384441
0.7417792508422351
0.7782521769849875
0.7444119848736321
0.7229895825775701
0.8459119826442564
0.813505940886969
0.7682015710439414
0.7734143253843105
0.3894203672019579
0.7584751045559962
0.799299685023052
0.7736991891653893
0.7592378642705588
0.6940778053698267
0.48492824739037554
0.7219527686516655
0.7616055687507057
0.7969942738134809
0.7562046525755867
0.8043649875413255
0.6063950621640123
0.6833072564003778
0.7889839091330948
0.6969757640651015
0.8052748893831055
0.7102613292585093
0.5859461875403774
0.5094679058198771
0.7647059024823902
0.7119082307477521
0.7188900248943549
0.7568896268540715
0.6557332689553693
0.8242145560578426
0.7615362911328657
0.6215716275733022
0.829829789129507
0.8137410731484945
0.7984658016009163
0.8199356650293735
0.7808830924267138
0.672755710587071
0.8192196232797636
0.8749999610053877
0.7494838239252763
0.8175652569410379
0.7911822229613991
0.7662626680064314
0.6562192400840864
0.7695429341227138
0.7873564155179138
0.7700745260569204
0.6290215333993207
0.7654832421597468
0.7517403560138031
0.6698414579047562
0.7882853357039673
0.6140997604194349
0.6715605577769682
0.7360747372944993
0.18132043862264946
0.5477057523786905
0.5892124002779852
0.606768864338774
0.7263249861287249
0.781050677063611
0.6402003355248584
0.7555127149576506
0.7427920496206606
0.7043385123634315
0.5197105646300687
0.5664033682740202
0.6758317579168367
0.5868272008915317
0.6733423483127277
0.7195760193600745
0.4631728890262144
0.7654178366229201
0.721546694537099
0.7077502537561066
0.42453388554092397
0.6602521360634707
0.6503557193986795
0.7937212868964096
0.719995597366864
0.8038702127040358
0.6867816721251014
0.7994306267065829
0.7435417296480635
0.8012345131143674
0.8097966332754907
0.6440990133234107
0.6519868545282731
0.6860173178797925
0.5494904824047324
0.7389663362523139
0.6571343006861865
0.6636119179252278
0.7618499284459095
0.6560744177722725
0.8135242492175577
0.8593752842857826
0.4072176313568782
0.7185651472558061
0.3736262509000647
0.8031001203113413
0.7739625335615515
0.8041885684602851
0.7545540869934139
0.5796064993334297
0.8317395152249213
0.7536412102249734
0.7920483073043414
0.7977714881518166
0.4853248286684706
0.7077677598961665
0.7835995586074876
0.7393833959556066
0.8374102689713916
0.5840987440399509
0.7757550188699279
0.7222434418460463
0.29920242529189167
0.7029147674720209
0.5008281138362826
0.7037253246263142
0.7658166301083413
0.7948036417572705
0.7573570202577428
0.7716455130797396
0.8239003825917582
0.7879623940162521
0.7736426779762483
0.606786379835098
0.8251790657582955
0.85406907041802
0.5917401200432321
0.8069982622762195
0.756624000199374
0.8683846579787048
0.7996124407122265
0.7893016809871053
0.779782822271202
0.7512211005907011
0.7277025972951663
0.6830686711434987
0.7942073176406488
0.6133411699501504
0.7859761603585167
0.7990685894451236
0.7071005736878984
0.7731160883802789
0.8199952326355253
0.7844098453780781
0.7913479720218833
0.8166226977707742
0.8160373070841979
0.7195358893496099
0.8194044605376256
0.813724979242269
0.8150275719549598
0.8346967939595002
0.8222820194868353
0.8106235948297364
0.8126698937287196
0.8132344965738006
0.8207505957973211
0.4714795265591726
0.7890664082712598
0.8125937718473694
0.8183110257889465
0.33965871769070616
0.7183215261736996
0.8548491249938419
0.7931917672068516
0.7593559630679492
0.8346596247355151
0.8168067142944976
0.8156122025505558
0.7744023401511739
0.7893509206162858
0.8114225994227934
0.7188439044079432
0.8378069561143698
0.8178721554492847
0.6383993003348464
0.7978259207757545
0.738650814520466
0.8024077179193065
0.8296758875160812
0.8352143971464013
0.8180735373600662
0.7866548955459501
0.7846194417659911
0.6425455922513774
0.6352038125776399
0.5151174555429572
0.7904685370033205
0.7244618984479096
0.5874289534426744
0.8192958490227373
0.8055905846640864
0.6582820342930623
0.833297135165196
0.7695566849323409
0.8091751475914676
0.8209065654056137
0.8018918748516214
0.8293428600179873
0.6959710736629916
0.41841563400133874
0.6803112644099366
0.7026281017768737
0.6571325946776018
0.8306983087294616
0.7977206958313918
0.6929465200986
0.8465471053104782
0.8281842725743144
0.7957355670117465
0.7287815356836747
0.6130822671546649
0.7887322954066829
0.8505148525974624
0.8063791840220028
0.778982053395213
0.680777605030074
0.7945203323681236
0.8233943682140322
0.7254503708565473
0.7828043554604388
0.8046147466344897
0.4683749456074733
0.8517675924481201
0.8134241707616706
0.7510604722263245
0.8195527179539366
0.7786191148000021
0.8518730174123752
0.8276096749929109
0.8443021622810553
0.7137452851560243
0.7390633230089385
0.519621650303234
0.8447065942384168
0.8429466884020584
0.8271557012430918
0.8122591064537156
0.41391572676304234
0.8172037997103577
0.8195876175424068
0.8111027596255824
0.8024307888458425
0.8299552179304315
0.787708455866066
0.8069254116257433
0.5618449099549215
0.7738197821753523
0.7442038169764406
0.8320928392874094
0.7953449145647548
0.7815167281307984
0.8782324795217655
0.8591992910679283
0.44208820450493824
0.8522434337149947
0.8236928749315676
0.8402531696447277
0.831673538118785
0.8381349602240019
0.828146693229145
0.8474522509284786
0.7817809290884096
0.8491133647106979
0.8446836203297328
0.7814501663129475
0.8434520461702898
0.816445529509737
0.6209541079268437
0.5332172190357154
0.7235151130326903
0.8323725773290949
0.8610935163714626
0.8300112469898536
0.7800570724424927
0.8339165898116586
0.7736688479457476
0.8068750904340583
0.7775878916577379
0.811031865349786
0.7553176802166669
0.8220241172451694
0.8139594967584176
0.8040719292082418
0.681478267928714
0.765250519906691
0.7885307706728609
0.6123853148886176
0.7550457298070244
0.7379522859475656
0.7243182343407087
0.7891510467318412
0.7014849511598407
0.7453729237559352
0.8676265097691771
0.7769374952496791
0.7319774728966731
0.8251733131977906
0.818858567152845
0.7856882737241755
0.7389810377399928
0.7969257883706585
0.7577087682477726
0.7504683720391363
0.7554290122684735
0.8161792303845072
0.8006796002058407
0.7868466883559173
0.7608193624094899
0.8061891165350262
0.7523244706176851
0.8061619683116251
0.8168521748770644
0.7697484302116514
0.5175764847570791
0.7931983919418958
0.8196002926858738
0.7419162361767665
0.7390005948147208
0.8349333641153703
0.6833660096614136
0.4889734440503941
0.8149432833115968
0.7881587852863622
0.817959481263492
0.7818505088575247
0.8529224356902904
0.8327003235481937
0.8175482536387483
0.7953680018576686
0.8313347471485081
0.7554344507621525
0.5841147253905793
0.8177377690414531
0.6803905209672911
0.8164276463960506
0.8181014260900257
0.8052523858611971
0.7858266715159575
0.8062776222724726
0.8097262143179775
0.7711490175736145
0.801412114855153
0.841301824890581
0.791161969485943
0.8171190647093185
0.7955157585729955
0.767584303367676
0.7768090132282272
0.8156059901657238
0.7425154105043523
0.8349175454970938
0.7076701201849105
0.7313092557704838
0.5492015287748655
0.7961335563233802
0.7780289221827015
0.8149210147925561
0.7882104845293734
0.8144883701507837
0.8003446370858929
0.8500487761706133
0.8256866859499757
0.8396969670091488
0.8253114617712879
0.39145504938920217
0.8192353221354611
0.6980833053166761
0.5125504490551606
0.6679277719937441
0.8229038525826985
0.8211146306053795
0.699255612844356
0.5051424766894022
0.6126708145809316
0.7338383365083732
0.6504399011178873
0.7909842719380742
0.6746725477803425
0.6946942038523396
0.8251218163867716
0.783705399920859
0.781324694706654
0.5296207874934735
0.8193398379505696
0.8036423723575936
0.7884894115166382
0.8319458471844494
0.8010479260780042
0.5335874002430553
0.8239870363153888
0.8406942961399855
0.7528759187562416
0.7955140330475287
0.6178763975458684
0.7330864954491331
0.8352568491984844
0.8213793670634736
0.8111978783942467
0.8106901757109033
0.816059167326946
0.8147794597816648
0.8081221823720081
0.6443740774095922
0.8366453825855074
0.8463758784627735
0.7919977038122679
0.7648264740407166
0.8339662985974989
0.7645262553018151
0.7874883958689961
0.7650003901630212
0.5993986764326814
0.7852963178945005
0.7801026972298231
0.7393024889370373
0.8065302191243497
0.7804640562108824
0.8270785176503694
0.8265026958384365
0.8439882929771074
0.7911707411498808
0.8154304178942772
0.8320722566837911
0.8582045578624107
0.5972868492946634
0.8629484129482838
0.8129862841984753
0.8131380407258707
0.8014879021645307
0.7920683763521035
0.8641304661567333
0.8544913457583146
0.7909599289221353
0.6649192901771386
0.7548539111298476
0.8069035026486973
0.6286243774479289
0.6667560927427664
0.8186099412343262
0.5648779620819656
0.7674851019863005
0.6757794474502599
0.72900501417288
0.79561686331766
0.8216950730293425
0.8249626360723765
0.8595044647115259
0.8231157157356399
0.8062161391563888
0.8121245947210168
0.791530792402142
0.4705817332300354
0.8002097644333641
0.7321506198808234
0.656764331440069
0.793633138092196
0.8150445810532686
0.8148974078630726
0.8270422357918402
0.8133122691125609
0.8434246358847868
0.8767693738581301
0.8696240817810963
0.798940595585275
0.8711493249758169
0.8116759534399186
0.5700063829125285
0.819816926114751
0.8128636037122453
0.812786211695564
0.8056455043242017
0.8440375694574128
0.8366624949020454
0.8683751315935605
0.4655169958015584
0.7769256790410146
0.8017551840389929
0.8167435752383015
0.8067320556911239
0.6866826442018744
0.7892565046587608
0.7270378902932897
0.7715636682697319
0.7522544899775693
0.8170292897270612
0.8307206991986756
0.8455705406534109
0.7924534905266022
0.7868968304331351
0.73601481562255
0.8470580968933242
0.7795059597174273
0.7356828975525701
0.593584331207609
0.8197965519878204
0.7507217794015386
0.8323212496160535
0.7011359686860161
0.8053281988421275
0.7827476627994847
0.8696240817810963
0.8502050575387353
0.834645710233188
0.8211173966944082
0.7200964671467459
0.7645858381553765
0.807013494860375
0.8222174446108739
0.8112856002129359
0.7158741045405301
0.8093668147127119
0.5947008644138285
0.7898389992784844
0.803508030722509
0.6878808430575194
0.8183456039382581
0.8102596737837624
0.8112856002129359
0.745704247391028
0.7860048870932672
0.5742880761304691
0.7645492443420973
0.8197476201420596
0.8118996575811928
0.8121794590549787
0.7994552120071199
0.6741411933193363
0.6576891475154986
0.8320307120258493
0.8203117548040012
0.8323212496160535
0.5799248915443468
0.8052841379269466
0.7861957543668113
0.8079163043343531
0.8143506605550013
0.7863513084805578
0.8156854817281552
0.8203117548040012
0.8140026818868948
0.5790121392765087
0.8201237099166874
0.8159646051400952
0.8066702882189551
0.8318440178064418
0.8196107467021005
0.8156398392339752
0.8162259387304512
0.8122413367425715
0.8246317164959385
0.8120481211575691
0.7768975379739765
0.8249666120303363
0.8048678848943926
0.80691973775274
0.8099679014828715
0.7952453708486138
0.6837591153785374
0.8093643212878208
0.8012044036580973
0.8189418426441993
0.8157503321642937
0.8168067142944976
0.6307577953124488
0.7020432269740653
0.8323212496160535
0.8039704955605051
0.8154225877338412
0.5475851885776065
0.8040098199672672
0.7973753873428854
0.8161057061925969
0.8040098199672672
0.8133707348754937
0.8246565331959194
0.6330243759747348
0.8040098199672672
0.8040098199672672
0.7999079654921084
0.8033901300718154
0.8196107467021005
0.569004503158474
0.8021725819188998
0.8025652255649596
0.5077286987053699
0.8128729162908406
0.802461386398079
0.8082035796400331
0.7744227111184427
0.7167383864823276
0.7823888558708677
0.776967707133937
0.7408882694520416
0.8614691874729405
0.7194809339452665
0.6379167923978959
0.8051300416378939
0.8017112098129059
0.8040098199672672
0.7591297280646471
0.6928542595394799
0.7130236344941729
0.7992330010415121
0.7589889134998519
0.6952883843858231
0.6554102169240066
0.8025400295285732
0.8036423723575936
0.8018051343092263
0.8010702390898794
0.6702205045250643
0.8006350073821435
0.8180092154065689
0.7868617307406184
0.5557247117144452
0.7202368301440114
0.8003289345678875
0.8051519731696887
0.7822302949321522
0.815845660889078
0.8018625032904905
0.8032721416153623
0.8193715303674318
0.8031699950557535
0.6696181042936847
0.8036423723575936
0.7919907751822648
0.6282844635317166
0.8003289345678875
0.8003289345678875
0.799410716125119
0.8093278406743596
0.8040098199672672
0.675480657448648
0.7744348654618708
0.7157215775812976
0.8009434836848915
0.7984924976823506
0.737102174555647
0.8158038482061574
0.8487697659389711
0.7705563451019508
0.7983135950154872
0.8127184898983566
0.8097225214193032
0.7981638236824758
0.7159262527960536
0.7298801835874145
0.6635729449720043
0.8130906884888476
0.7008174748369607
0.8294581844480531
0.7899566521130881
0.7842744754416952
0.7859677922489864
0.7431105479688748
0.7812938120336179
0.7949829880614345
0.8180092154065689
0.8003289345678875
0.8040098199672672
0.8019540812763141
0.7736172169566037
0.8194227018147866
0.7926771142114848
0.734751928787755
0.7856374394835938
0.7995552586268986
0.8161057061925969
0.8003289345678875
0.8196107467021005
0.8000228617536312
0.7369306695368006
0.7984924976823506
0.8119009063222323
0.7631134314356558
0.7193352895585418
0.8003289345678875
0.8003289345678875
0.8100522429811329
0.8099771989794032
0.8196107467021005
0.8040098199672672
0.5421150881633856
0.7962237468048197
0.6150833562352536
0.8112424560011513
0.80680550400895
0.8171887809871109
0.6661457827280205
0.8040098199672672
0.8132410399680264
0.8095315964739423
0.7981864248680945
0.8154555118201501
0.6709122977663594
0.7959760295143881
0.8086722878313093
0.5648378148600913
0.8114446144954454
0.7536144724171839
0.7892281819857012
0.8124161631736797
0.8003289345678875
0.6468581356217843
0.7128872025568025
0.6488408390523352
0.7319421586008532
0.7458418256794846
0.7516489220122441
0.7384684668250958
0.7948236297254307
0.8036423723575936
0.8032749247479203
0.5916280924487257
0.7996004486511855
0.7243442453617577
0.8016783789042384
0.66711761026817
0.8036423723575936
0.6276406960540687
0.8036423723575936
0.8006350073821435
0.631784741382579
0.7128233200508564
0.4266009655795201
0.8170689909699996
0.8299794960962457
0.7923751919477202
0.7949475532208757
0.6259211231552236
0.5928705335836529
0.7344718040049406
0.7669331744653349
0.7877951976775099
0.842834925320595
0.7416502564966834
0.8109358998911539
0.5847201431212826
0.8032749247479203
0.7706879061070778
0.7741763119672213
0.7720719213176769
0.7669859180562735
0.8021648071591082
0.7835906312492184
0.8018963714315513
0.8075341457371613
0.8589708907745269
0.6603039015868866
0.6419698700369
0.6261064766643628
0.7283375384311971
0.8197645590462667
0.8558197879202427
0.8003098743077081
0.8355761155475799
0.8140672484997781
0.8092337473545886
0.7833851854129396
0.8038879156953291
0.6961744638046958
0.7867588069054796
0.6116561566806072
0.8300382478989488
0.84393321384407
0.8051183767997645
0.8196107467021005
0.8003289345678875
0.8610155565981392
0.8040098199672672
0.8122229468260997
0.7394862130036033
0.8318143994604604
0.8491133647106979
0.7980383678286613
0.812787359362691
0.8064120069467434
0.6428676223676465
0.8472651533925398
0.6919049700875926
0.8173082073046681
0.7825598426547907
0.7898799095292436
0.8429700195315509
0.8209917139970468
0.833026106358473
0.812697957812115
0.8154046980906962
0.8184875278134368
0.8346690257115764
0.7605374507070708
0.8636280991157748
0.5021011561757864
0.564441439808811
0.8139348695374353
0.8591875066639885
0.7973753873428854
0.829172206153704
0.79428716436395
0.7812965473138117
0.8411819904188208
0.6692987913629596
0.8194227018147866
0.8100197733203949
0.8078746656265237
0.8145594078648386
0.8261600089634257
0.812593531552304
0.8131136288976802
0.8189097386001998
0.7697333734186764
0.8105833433699958
0.8265360233072293
0.8171854950598971
0.8408613245486641
0.3868785528394969
0.33610313190000424
0.8134856906263397
0.8184313059308626
0.7431491600749771
0.8102596737837624
0.8166424717822922
0.7856374394835938
0.8107726369983491
0.7998801769541716
0.7552683545890663
0.8196107467021005
0.8103954184146828
0.8247186979155751
0.8068045559805739
0.8185256459436523
0.8196107467021005
0.8342063000210668
0.8196107467021005
0.8073175191951608
0.7955869300779916
0.5997165455517137
0.7608137723336025
0.7279353032177522
0.8161909827219438
0.4789941517482495
0.8080932926471383
0.7985999398483201
0.7372466971501853
0.7449892886034875
0.8189097386001998
0.817959481263492
0.7402136248824912
0.7496530217423186
0.8010638297872343
0.8140011856147237
0.6643698854337151
0.6578613005141424
0.8196107467021005
0.5241944075400734
0.7833764209778483
0.8040098199672672
0.8147893919814
0.7421668876945673
0.8403881133992833
0.6037252305975589
0.8163168114207441
0.7425236234582532
0.6487253034554742
0.8192346569274727
0.8136099512101623
0.7064778910845442
0.8140011856147237
0.8203117548040012
0.8179183427162758
0.829268100374944
0.8189097386001998
0.8165663694187357
0.7097447967055693
0.8471427911984829
0.7522119218662331
0.8046848907727672
0.8196107467021005
0.7837190417520743
0.6167554035588114
0.8196107467021005
0.7872523253397322
0.7472339233950269
0.8087207841400017
0.7363126744535089
0.7267966784525955
0.7713420368301925
0.7915081407703036
0.8455015153701839
0.7151836941696366
0.7994529157321891
0.6498127496176603
0.7960925399586646
0.6218769866094098
0.8053263665249214
0.8382601359815068
0.8190466120401589
0.8026436191737985
0.8002520785807602
0.8065832292890502
0.7472339233950269
0.8178211705192551
0.7617810752811021
0.5898519503646164
0.5747681149479518
0.7157535464669407
0.7125923244935757
0.8049576531665039
0.8218930871394227
0.763523975767601
0.81107423106853
0.8598380421587025
0.8175077223963982
0.8203668077023183
0.8580963419423662
0.8196107467021005
0.8119853595737971
0.7750900091696441
0.8040183045922944
0.85137637918245
0.7921651628436583
0.42384964391933794
0.8231144301008115
0.6386651342789099
0.8040578273856133
0.8443182186622653
0.7681355256072009
0.6373116617897029
0.7371726320018958
0.7959007688744086
0.6528241493775782
0.8111699590430859
0.6676330460345724
0.6386549349597286
0.6787322119198295
0.8137090677391763
0.8129479742750247
0.8094524939795431
0.8117973146864834
0.8045944661422959
0.5761658753245854
0.8003353438705324
0.7559238476554824
0.7920567081798191
0.6823588793945266
0.7904533603988538
0.7854418806439063
0.8133016737849941
0.7575112304585468
0.6294786203717263
0.7856374394835938
0.7856374394835938
0.7820159515281468
0.6778797984379594
0.7689543974023485
0.6967138644416794
0.771102743410436
0.7156468827828594
0.6689819795589025
0.8196107467021005
0.8196107467021005
0.8149096245192544
0.8196107467021005
0.7978803520538383
0.7400183906124147
0.6830287609047029
0.8040098199672672
0.817867171268921
0.8129434736535114
0.8182087304982991
0.7991046433108628
0.8107726369983491
0.7327405206933361
0.8143621307594177
0.8196107467021005
0.5789270509274838
0.8179183427162758
0.7887063772360529
0.7895323425670457
0.7392101936223265
0.8152857142938821
0.8144857237237598
0.7411100912702827
0.8194227018147866
0.7761218731440676
0.794842415487863
0.8200091452318984
0.7058357906048535
0.5599919311457773
0.7953837405607435
0.8067201027290092
0.7186813325754778
0.7387719300173096
0.6712353860461852
0.813626592112267
0.8177302978289619
0.8248360109284427
0.8196107467021005
0.8180288961570441
0.8402615908374759
0.8200091452318984
0.8184824773782172
0.8189097386001998
0.8040098199672672
0.8107713882573097
0.8196107467021005
0.8196107467021005
0.5290796380411966
0.8096115035207917
0.7472339233950269
0.7744071155828272
0.7856374394835938
0.7997275524308425
0.7885769738082645
0.7802245340398783
0.7746711013278872
0.8099212159401026
0.8077348533876839
0.553497150554383
0.6234369885895487
0.8107726369983491
0.6580308800146247
0.8161057061925969
0.5936813721417823
0.8097467105691755
0.799402511184875
0.8405990476354454
0.4877261704658633
0.5310990818675364
0.7856374394835938
0.7862077242562162
0.7912800348440485
0.7543853201969276
0.763181042029605
0.6845615080616647
0.8125840247809886
0.5719861778244928
0.8107726369983491
0.8277122966460112
0.4653275224346471
0.6356504390586587
0.5775307300261665
0.7975929547054291
0.7809316773863308
0.790476653544636
0.8031958874346188
0.6818630050883212
0.8166446491224132
0.8323212496160535
0.8194227018147866
0.8196107467021005
0.8107726369983491
0.8123495728166965
0.8190466120401589
0.8142086164173538
0.8117128614349187
0.8040098199672672
0.8649384356887105
0.8345923770199438
0.7935402867108556
0.5941593164249924
0.5863403561328532
0.5493740776153797
0.4641959433957827
0.8033080257741075
0.7881893504045202
0.8036423723575936
0.8036423723575936
0.6027691236877039
0.8020466276767425
0.7114691512344087
0.7912849590513079
0.8036423723575936
0.799582275306455
0.8632307244454169
0.7285450987878103
0.7810218173493709
0.7997853644405515
0.6114323675431307
0.7793232125867965
0.7914289145629425
0.7209171808201432
0.7492248882998424
0.8262813080552518
0.7905251357308384
0.5572449673711392
0.7856374394835938
0.817456641843004
0.7841394598450081
0.8014376866995527
0.8036423723575936
0.8573255236742926
0.8433716765092752
0.7499555712290982
0.8332893502942436
0.8184774703704192
0.860967313002766
0.6894589252987606
0.8215849048026732
0.8236567542603926
0.8136380975971927
0.73824928396072
0.49673187650123823
0.8640280978037659
0.8377852416219789
0.5221303901803994
0.6713862251499618
0.8208512830614674
0.7092043329178723
0.6254957696148439
0.5991750740878593
0.5772493101010717
0.7738717654782624
0.8784517984985084
0.7864213311502304
0.8109422957239067
0.6232282926538031
0.8139975447248875
0.8534119742184753
0.6965502446478256
0.846449534807647
0.7685520541592039
0.7996004486511855
0.8016711541963781
0.8025400295285734
0.8145847061919814
0.8126794753243332
0.7988686996891229
0.7723223085556958
0.8637489356952706
0.7926508479495912
0.8036423723575936
0.7397254636779332
0.8196107467021005
0.8196107467021005
0.8155761020759051
0.8196107467021005
0.8167900733923927
0.793844850916983
0.8146940858442313
0.8196107467021005
0.8175934243890027
0.8113367716602908
0.8061534914852174
0.8093591505901314
0.7373230990516411
0.7581822593011229
0.8091890905759973
0.817959481263492
0.7966608677737979
0.7876892923419408
0.8196107467021005
0.8196158050999798
0.8102596737837624
0.819159584516875
0.7911606492892952
0.6756349912709311
0.6636680100416358
0.630720582305088
0.6659699632639561
0.6881851718884409
0.8196107467021005
0.6039682111092708
0.8057467353955399
0.8208512830614674
0.8265158221906651
0.82547401811271
0.7893847683400097
0.8794101214034902
0.6375115245367009
0.8208512830614674
0.7747890120932999
0.45071880129275976
0.8208678528650277
0.8014376866995527
0.773044651238648
0.8176291452128553
0.8353358528886939
0.4768836964158099
0.8341031235416959
0.7497442886582815
0.635687311869799
0.8353358528886939
0.7721189658527117
0.8636280991157748
0.8121962735687611
0.8297885708272029
0.8107396645005491
0.8531965132480436
0.8049484464831244
0.8353358528886939
0.8282476591434554
0.8353358528886939
0.8594485516349589
0.8353358528886939
0.6210381650148438
0.7841394598450081
0.6640747859370998
0.521778859723497
0.4124463702176534
0.5440183164490692
0.8194227018147866
0.8018112979159127
0.7551092318842118
0.7916985261784423
0.861440525591266
0.6943044512355483
0.8624385991223348
0.42940770248462534
0.7674356334477497
0.6321122374429209
0.5955912109060714
0.7002692197331554
0.5361398028962063
0.7872086777646616
0.8506565637145307
0.8325203201825161
0.8157194977009092
0.8676398324469408
0.8285906026431357
0.8150110252573514
0.8210961735182289
0.803185615455051
0.8148368482107745
0.8194227018147866
0.5353744240008617
0.7795925877896677
0.7998671926348131
0.8178211705192551
0.48635388191586026
0.7663509840426493
0.7472339233950269
0.7992815117469801
0.7646953980770378
0.7313598849399241
0.7472339233950269
0.7948975479397566
0.7982227497715484
0.8048110233492766
0.8181874436869297
0.7687479885128775
0.8313294825109504
0.763289566729388
0.865617596485197
0.8561030345598358
0.7823797431257143
0.7812580448650208
0.7629221191197146
0.8390883089567766
0.8093591505901314
0.5836963363968275
0.7472339233950269
0.879923084618077
0.7312102860898178
0.7451475205414956
0.8093591505901314
0.7898241859220068
0.8122982231076756
0.8571079751736386
0.8355816904584414
0.8336815045716633
0.8549094725266039
0.8092337473545886
0.7093813680211518
0.8000228617536312
0.8076948577108279
0.7998290055068168
0.664945984867022
0.8107726369983491
0.6212879429840792
0.8243184975291641
0.27092993025478807
0.8318622393239374
0.7968265713383295
0.7360742791766276
0.8022900810047063
0.7751721323391644
0.7935953326542524
0.7472339233950269
0.7233941848526277
0.804617078423307
0.8055905846640864
0.8447537673336574
0.8496065565939813
0.7780418327100671
0.7986488654642797
0.818721693712886
0.8003289345678875
0.8072463656090642
0.8254705524253878
0.8182441484108658
0.7748473491397588
0.8084901560231306
0.21543489550683514
0.7971388864961093
0.8189097386001998
0.8323212496160535
0.6315302839389869
0.8616438497816192
0.8151937127945498
0.828436939805659
0.6693262558814992
0.7303210729589942
0.8350326533915338
0.7914407972562251
0.6101623832162419
0.8196107467021005
0.8407177456699897
0.7478818278368723
0.7955155956213358
0.859256902136664
0.8003289345678875
0.8293026202233559
0.7035741940557201
0.8183744865735417
0.6610529743496771
0.6234390116651994
0.846292485674948
0.8536773215671215
0.7969768809830085
0.8255998806126615
0.8035307052566207
0.791386760792666
0.763595110169567
0.7993729078576822
0.7675083187876863
0.8275771728607522
0.7999416156231507
0.6951567205917274
0.817959481263492
0.7712848904267584
0.817959481263492
0.7397158120773824
0.6874262235298692
0.8607886443485682
0.8413018231362688
0.8422390030616174
0.8502557648003207
0.7472339233950269
0.8515981910771431
0.8150852018039733
0.7297941533543438
0.8028263290606396
0.8040098199672672
0.8133329297844948
0.8145988895544477
0.41471477351174985
0.8411443625601904
0.8307308728146984
0.6605844309356018
0.834652908844888
0.8189540828493809
0.8547487270398332
0.7811129044081061
0.7856374394835938
0.8006350073821435
0.8107726369983491
0.8036204384636941
0.8164651550651197
0.8047472962092305
0.8196107467021005
0.6184376433525837
0.4127604208248263
0.8012291494618079
0.81736787083262
0.7751040604497038
0.8273018468525558
0.818533648825572
0.31143010196995907
0.8067267645126925
0.5038995620924965
0.3323965374223721
0.6899859386403526
0.7722564065119855
0.8271011447061867
0.8642519005174084
0.8150976694065681
0.6939542867534356
0.6626570791814903
0.6792849495322026
0.8196107467021005
0.5031110241286256
0.8181415532871058
0.8425580981026864
0.8413953512539761
0.8428555941724483
0.817959481263492
0.8425580981026864
0.7522576417964278
0.6718842346478796
0.8196107467021005
0.8196107467021005
0.8497996628387728
0.8399589635661926
0.8183456039382581
0.6756983200742345
0.7803637708445401
0.790157076176705
0.7839967757830304
0.7472339233950269
0.6867856344965745
0.7538101648846787
0.8196041918268415
0.8180092154065689
0.8520746167787955
0.4158752805387333
0.7665155195681506
0.2963102780832689
0.7996161238103957
0.790810251943071
0.7297185671684633
0.817959481263492
0.8563825067049784
0.8343558610399451
0.8470068548931775
0.8460835038679977
0.7984615198482651
0.8241034981084175
0.7756780680662927
0.8082809239045645
0.8398260458383946
0.7839934590606006
0.5984613281293337
0.5289560998650298
0.7897903788846403
0.6998668572397616
0.8169999173834068
0.6357591379849157
0.818858567152845
0.7887063772360529
0.8107726369983491
0.7979485566336778
0.8162704376364279
0.5821097491897881
0.5840260781099914
0.32944188697347904
0.8031581532145979
0.8323212496160535
0.7716127886290665
0.720617064705578
0.8131479396329431
0.8194227018147866
0.7572804978281588
0.8231580834307028
0.8680851921373357
0.8208512830614674
0.8678986454607138
0.8201176613202616
0.7896168917191825
0.7890930867621405
0.7121484809466139
0.8720536908056468
0.8141784894364389
0.879923084618077
0.817959481263492
0.7537207094148277
0.864704634582619
0.8467134100981842
0.7459940769813207
0.8063956115346436
0.8164255349387782
0.7735690613824265
0.879923084618077
0.7979474373958452
0.770788055243208
0.6940812021379655
0.7361357627642409
0.8032749247479203
0.8040098199672672
0.8009418813592304
0.6858609964318002
0.6624696013296688
0.745105969924919
0.7892545911517658
0.8036423723575936
0.6963552054129064
0.8146797231276156
0.7929785016538292
0.8032749247479203
0.7343814636618413
0.818858567152845
0.7432924939092443
0.8040098199672672
0.7929172372533121
0.7295196221482526
0.7500815947482046
0.6599255348073133
0.7867473061875863
0.7841651814417037
0.5826627425918111
0.7887967603890726
0.8307206991986756
0.8196107467021005
0.7807019793590473
0.7698407083633744
0.7983480566976584
0.822519476345334
0.8196107467021005
0.8194227018147866
0.7422745377402018
0.8196107467021005
0.7590530982261267
0.6603569224813083
0.7918361783722447
0.7887967603890726
0.5714762403507233
