12.660591055370768
5.853490090365117
10.037298159616801
13.089455866493207
0.24704889557775112
5.258519821108925
11.477723556096176
6.8924450749807775
3.6158903317944264
9.161128261177689
7.825894329255751
13.70872303947438
2.0169609844075143
6.999692997886496
2.0196051077491983
1.297720392032093
5.5554980355331915
10.674258776645438
14.494365396546126
10.030015225461979
7.409361963565992
13.67640236813985
13.269317104099613
11.698065427207778
2.6762565189503613
3.9038899492426395
2.294223945192627
13.271593568237963
0.4115674771217298
10.704006747667027
11.278730157407782
7.567605936451699
2.8413240737370193
4.8635440647851
6.609319504244728
5.6576232120804715
8.938067492764532
9.284092311672921
6.637402707878409
11.713995634372887
0.9450549960281424
13.413801031312206
2.7946894096806583
0.30094254897169714
12.591281964002306
6.594063223966212
2.2267777503141692
8.516115828957181
4.909538609133239
4.894879110237427
10.080718400837789
8.294933201811494
14.089171124563308
8.581001945368476
13.587469218487
3.7733149048837102
5.803636101113715
2.05434203073274
8.509622061836996
2.4696318948268563
13.270638723744273
14.932619137160778
8.63628872884319
6.012322731600448
6.5815847581413
6.534068399169901
6.556473956244917
11.094198503978653
12.528484213778176
8.892438242250227
11.88065627708495
8.555835211888255
14.65689223886234
6.166400134526478
9.619717592533885
4.03367657756717
9.967624834142084
6.566566884900636
7.955406038434198
12.436497139541455
