4.110188522596355
1.4074954368808474
4.318245775405412
14.442563926212024
4.647668757796846
7.650394263661816
13.61614870683997
11.320197252598424
4.248500348147141
7.149934557890574
5.222907753257373
2.6902333411731623
12.660308616268523
8.876197394815831
2.0380996425997866
9.972161632959166
9.647361660211368
9.384584039883022
3.2521830335266615
13.498953367376027
7.407436279840917
11.77118569909204
6.441067801918702
10.72036300314157
8.912026567568855
9.410796768503765
5.77631813836347
1.7575994815648088
10.812694258107854
7.486647098429141
2.4931119016199537
11.848527237287533
13.648314878960008
9.04758081899066
12.123488476810245
2.435207840580413
4.741695252243999
10.599338229138572
12.761488802492305
4.787683934752186
