2.070957825644742
9.314061452542543
5.364225815070643
11.43604945089157
14.478173290798104
10.507738241183644
14.4659251352714
9.827375194885388
11.855344050723492
5.080215941563014
13.46051928087443
1.3337403627674993
4.551367086951629
3.7490830280396104
7.788632343304188
9.778915577381952
7.634318302079351
11.467740679921478
9.377294536300868
7.580621444599233
14.891599039160113
8.803965600007881
9.921352976112312
0.869163321325423
8.78631626944767
10.522336733185265
6.775949530385311
1.4078920401906758
2.2075336503953737
9.495687495243226
14.68365300645058
9.08546416993717
9.11700887687756
4.8134317256186225
14.36333290806232
10.756466902912724
13.428941063318588
3.8881183333555343
3.1972234744477843
3.4746503753243263
1.9622328406203615
7.413359158097937
6.85410696586457
8.591872306543097
11.80016662129232
7.52509714207318
9.05029122384676
14.28737169413528
5.275079567666839
9.0418046687752
3.351641792822359
7.766526732189731
3.040426400119916
14.154368172944093
4.300499636478153
7.798787348388789
6.650058696796342
4.637362254554622
5.899787917642782
0.7709354341895069
9.67602482179401
4.995609894124441
7.374106896391503
14.988938126140217
8.768826715203721
12.484875371529577
12.248960651443694
10.827366785604784
14.332370571610992
1.3349628828473747
5.479041162862065
14.060675815196458
3.393877316140095
12.90982491845203
8.25334018860461
8.427018760065435
12.022794165464987
10.722417281005809
5.061685344857681
3.5474059217474005
