4.026202110272789
1.3216608279930175
12.961517742486643
10.875829464262157
3.2556315502763997
14.234896988710277
13.36862286755892
8.170521106010362
0.34856511912431776
6.050377521428568
9.15008161248916
13.268870517313971
8.888679905096467
1.114542553639581
1.819080733794789
7.629442458330675
7.3765716885184265
3.5267704105860593
8.731247806494956
14.788218149839926
6.259595060668385
4.330165174181112
14.328190707909114
10.51650178741929
5.243099655213805
9.515832034355752
10.668987165047184
5.885644928270736
0.883892066925886
7.974637695048179
0.2125291954766212
13.410654273663683
11.663679885208884
4.793836653758329
10.782438657714053
5.078544476301647
13.579725651344969
13.031728822008136
5.150111842654264
11.72972762668705
6.926514203960189
1.571032192465089
0.5250057710230666
1.813790443152179
13.101075934390003
7.324601114327049
5.238201704510863
12.74157991504504
12.50510335502171
9.926110009928463
9.001323256987066
9.350864177219515
8.812698901874937
8.444362243492243
4.9278498667671915
5.924990461111747
2.285933130013796
2.6727483519264545
7.094348978931985
11.11182698969289
4.605876853608653
2.8641159194168546
14.06980410032197
5.123534447158033
6.89369089237765
4.944723289150972
14.289932873276223
14.452865408220568
7.333993171471217
4.837049681575042
14.534713627147877
13.107031538611002
13.710504808638348
1.8859236937853603
7.271467870599395
0.38567706616220165
5.4931936505754715
10.956661923435023
8.077414496805474
2.707155710568709
