1.4395111288112905
6.660305823748052
2.6405989160689995
13.691541273833828
14.860858727873639
5.781853859594273
1.9067106352971008
3.3553595998451016
8.668947019753807
11.197839516603613
12.771525744575328
6.013407206936041
8.381169252710595
11.98329258179636
5.045980249010633
10.355421410279673
8.549326137198547
7.247448469574223
1.6194186069470655
14.725381437784232
9.74258288900463
13.32202469349547
10.36245909757111
3.3718879136768005
6.382158005149414
4.611531957820463
8.651595310971873
2.5708731504722215
2.474480142907697
13.339463147834568
4.374546417089065
8.177224652679035
10.890704409507746
5.080465893839349
14.467748559611508
12.948256152571972
6.141800559988735
2.9670072724557888
6.898796603874205
0.8663729398742054
