5.518301473319763
14.565566727163116
14.238151767728741
3.4343239401646226
1.103756274339741
7.5924553277226545
0.7083082962679915
11.730228617637893
11.16590254154
7.637998314498593
14.421235786816196
4.3076570904622535
1.0425196135241483
11.313218269159693
12.296465966384416
13.878122059152535
6.3891383837594
0.3825645055793192
2.503826644683176
7.089026070400818
1.3908260268235417
0.5711717952122597
12.102232813915904
11.889663969413144
8.335290945501887
1.5035406156261433
12.264993744553058
1.5104634627408653
4.083122865513084
7.792908828234439
3.186043888270185
9.760742640689967
1.6892899351229391
11.03582854521548
3.0342592701196573
10.716231676748322
11.667138022165151
8.357371973904453
10.319431282673893
7.98563623069515
