0.3136250229678454
0.2773303434990323
0.49735524060167996
0.12440790834620787
0.14132045610456526
0.15819633728477453
0.28716590933865244
0.34441414442438223
0.5580127788973795
0.40859232086281955
0.4066870901316774
0.46532652461370483
0.38978549985974725
0.5934431478643495
0.31119015038603914
0.27654987436027834
0.6312675239857612
0.3039534830020987
0.2759866122156431
0.34760915836557466
0.487132982042437
0.05272774950399636
0.5343443886682337
0.22877852060083265
0.18264764889725416
0.45120509050891777
0.39310235640981134
0.32830722939218376
0.24109542945933277
0.08498536268154519
0.4813069018928741
0.46530763447715645
0.1715496801184182
0.4193253012168651
0.1041492445960023
0.2281688744731924
0.21424731483706794
0.16784896140692385
0.3903500063750755
0.3263442911155384
0.42818775057456604
0.31298255151774007
0.11934571553155666
0.14733124855810062
0.29919891470485105
0.25767559273086177
0.30006748124268556
0.14093204984668647
0.676192957008668
0.3542862812371766
0.3696854820649289
0.6055470219772012
0.16487664467191843
0.16121002188434935
0.2161329557798717
0.18435776193574557
0.28938212598401186
0.47816296667068114
0.2881158439622965
0.44668618056854936
0.3749663451363378
0.20879124351028394
0.29507654235951686
0.3790387378272711
0.42043895987619373
0.3723270629780465
0.4313812649712452
0.24238738675744556
0.4857061081021459
0.5500240425871064
0.4318629227527324
0.600805258285361
0.17800072799575983
0.49753412241524203
0.17214878454449173
0.31981946680373463
0.3794463638596236
0.22959522927999806
0.07184847553476607
0.10045893352535781
0.21243367363118437
0.21080558050220383
0.13886340669176264
0.25767611646374083
0.2666194205290549
0.45478998097681655
0.3032920341959848
0.5042058553698369
0.09919192948037178
0.43655734435217886
0.5533241517034042
0.32841994334667163
0.4023724764534888
0.39086550778835444
0.5554902947970928
0.5777548249473206
0.23705927787488565
0.26665035779684115
0.08173007726239563
0.29066874958090794
0.37389058788956325
0.20112794612031817
0.6122005640552993
0.25446271054188985
0.27314945644899646
0.5776630835984181
0.5292628082807546
0.45275794015188775
0.4888032204682567
0.26691493927636745
0.29118543640720945
0.40403985988834523
0.13948877870269719
0.3790287967295934
0.3162602959789732
0.5272432224507627
0.08877787287948012
0.38470477962189287
0.46318739185745095
0.3388369303863024
0.40775061266982604
0.5509382422780292
0.5085184947160727
0.4602837389986604
0.5617715031284212
0.36564587908687796
0.17686118732338715
0.6360694838793141
0.6407950402132988
0.4112132966363283
0.1302302549593869
0.46315704259686385
0.28985557272418216
0.5291050536843381
0.41755713932482413
0.19702752789055178
0.2232004431829998
0.4923602395920511
0.23376675261754434
0.6352936733595783
0.22324237328573315
0.5403029899412253
0.5041967271447865
0.4447677720516039
0.5649704524107478
0.48019874032658305
0.350150274079484
0.46483268457414534
0.4998258810823698
0.5334828958072444
0.42101260645226235
0.25406836668510235
0.5422694743484432
0.24209129466765097
0.593932397875181
0.5518243802673133
0.42171624626121607
0.33632031361696874
0.5024530087833482
0.610561394938289
0.23860552224854012
0.4177779786111165
0.4828345619479283
0.5357928287608604
0.38449447880208965
0.4157979995099016
0.43841491931341003
0.372247758641784
0.3872207470275821
0.5641616589907822
0.4872459821247007
0.4782493402040955
0.4224602671501105
0.5102125693213185
0.5288307919121401
0.20101625294239997
0.45367439736334625
0.5743069545858662
0.2826142330814522
0.2279581477786823
0.4539545584332078
0.23507208470898736
0.4515538404423628
0.2069723564826187
0.6135406518818745
0.5539484204979511
0.4818645264790112
0.5898326647874252
0.5665541933359326
0.6264832678771088
0.5127581425537454
0.5263077952040188
0.4866839656398075
0.1762737879896696
0.5612321895359649
0.4689771862184395
0.7136823952966448
0.3607335777170928
0.671797930623777
0.5103026958310587
0.6618989053308314
0.4747588272821443
0.18202991105911662
0.20284620313401736
0.5331899576170059
0.4047120086453446
0.5318042376666436
0.5214053331779415
0.4964926692579647
0.6936871984811842
0.5028062887445904
0.6759082021586531
0.5343284458056474
0.6096489475930997
0.6541753645124884
0.6775917278823229
0.403791488819017
0.6164258173259705
0.5099005294560706
0.2752358272792408
0.4397365860192871
0.44601827360379276
0.5396538570398957
0.20333841827667762
0.5237090244267226
0.43717981070448686
0.23286538305788107
0.3314593987362333
0.51627873911153
0.23183230533325808
0.483686507003244
0.3585058139345047
0.6182839552920226
0.23383327472050555
0.4714894574867317
0.6962627160609398
0.3468807590511376
0.320091212938763
0.499433963435259
0.4011126943176967
0.2137809051042545
0.23618061760936995
0.6329715221709763
0.4686642527068521
0.5089430938128795
0.3363419652395255
0.46648814801474886
0.4751971952271017
0.5473613014585738
0.37985370558091863
0.620136695993152
0.6133700645522019
0.6171980049399983
0.549876673013747
0.4601192982383959
0.40165736223059395
0.5030618907558293
0.3835461571789174
0.4622346799793086
0.5041900515292456
0.4707441383354982
0.593233238943859
0.5556610950563922
0.5509551701630702
0.28607001830168044
0.4121495608243957
0.6043889656969708
0.5608721512967761
0.5123108900290358
0.6328913691142791
0.46637973343788
0.47854517481714076
0.3879547051279786
0.344649864431191
0.6452199341573823
0.3213438391141693
0.5066032907553567
0.4172209977663676
0.49558305968076555
0.22553438388830874
0.5877287708000359
0.35943876570444744
0.37249241810192735
0.21865165740433892
0.5588299456331595
0.5770194998330228
0.6596433586640649
0.3261318537302679
0.5065638975574059
0.642659562712467
0.572258423924051
0.43388411511124636
0.2875298689753094
0.3357769773864633
0.5114598725118682
0.5637592777782973
0.5643664153585869
0.7349416016537152
0.522908346145342
0.5495207529052049
0.44076033166746476
0.6157296562715707
0.38228016751598787
0.43638410417698476
0.4835677069471216
0.6525290344298709
0.5562618986557987
0.27571096847910836
0.42734329359467077
0.6168639478843096
0.49093497403764785
0.6154233119441579
0.4633444982258325
0.397763028398114
0.1617563919238397
0.5457203976631351
0.4253109444173493
0.671737102097334
0.4798867760244934
0.579128202015947
0.5573107336116603
0.21904915120567708
0.5042629314040457
0.4438634673769507
0.21744028706095014
0.37586456896639314
0.6089905215147039
0.6475660698625783
0.5242518488507306
0.4015840620647677
0.41061856500094235
0.29439773856206186
0.6119252294494575
0.3469577907624872
0.5646412272585828
0.37940791017680753
0.5439878838807289
0.5008736739842888
0.6098598049367453
0.7152660838818129
0.42085862417863656
0.4014849109746453
0.359385953892946
0.3029309613647795
0.5043850863572723
0.44810673571953685
0.5694376757239722
0.5905038869460238
0.5612206993235498
0.2378611137510033
0.687234047537331
0.33103554198831586
0.28819765233501704
0.2801618574212671
0.5656799267386569
0.4686994609307358
0.6090663018704453
0.3691735496195607
0.6794641942020246
0.36526450569549385
0.7162136635747348
0.3808816784810491
0.5703000324822292
0.6597911074303603
0.43418775557734596
0.5564063928971758
0.36350056300953143
0.5696403246484318
0.6073176041341453
0.5572746123624637
0.48618269019541444
0.3509610812994029
0.4510004822315156
0.5503116334501684
0.3669750139605153
0.7120136899562506
0.4681924566166319
0.5434137097829684
0.5199491580342541
0.36655448699679155
0.5489266663347144
0.39513336619328254
0.21950150066297486
0.7296269696407761
0.5605269677284738
0.6234079225114055
0.5121324841865289
0.4902072104422286
0.642837101629929
0.6061214420927284
0.5203708985464853
0.4323274652404938
0.6624124668908916
0.5353423503753267
0.3115112563289591
0.6424921930315335
0.4786893767039843
0.5873185898852281
0.6344422827227566
0.2557776351409449
0.42629432471533457
0.593519533233519
0.6326032349349434
0.5711968788906155
0.384325138482003
0.43755494652875365
0.6424692077011193
0.3204127346442733
0.5704130233967826
0.6409634319439352
0.7042106138174387
0.37650663412517915
0.7133434604077776
0.4705662512477891
0.4076294370407895
0.3298483704798461
0.3791533161724058
0.6418770661913329
0.582661332281054
0.43164690013487095
0.6014360231875078
0.6869941635311189
0.35821713674983074
0.6171032490974931
0.6410279946852837
0.5174802549963725
0.738104885836498
0.6326640399006863
0.6787214961739282
0.4810567832829669
0.5088219747492274
0.6172291983059732
0.5003806348910085
0.6624831117218207
0.6607223280425047
0.6706716012486088
0.6783989095790938
0.5864265896748586
0.4832927116444411
0.4154265686055441
0.6788459085172276
0.5608421171303727
0.4056249415714319
0.504179970106067
0.5644006368284206
0.4446513085609922
0.5803624407685554
0.383207112342536
0.6421696913387198
0.5202237679648796
0.45151362893376357
0.6023793220360749
0.6870612777404322
0.6723914344381534
0.6558674347690043
0.5950862065224749
0.7265017303357537
0.562640522429039
0.49074857188106974
0.4156068805409796
0.5379632167652775
0.46065079863594943
0.5626372685189575
0.6377571904050375
0.46899310027020463
0.5361550694604917
0.33070377754025837
0.6696550726619926
0.6659562687018844
0.1831789497110779
0.6155757633193611
0.7776086825674099
0.5710934042269646
0.4514730389186281
0.45654952830591994
0.5739711157998442
0.5779134674896091
0.6780260341856318
0.6422167140403182
0.5346540533844523
0.36087128346530745
0.613790271040997
0.4661028780559484
0.41396928221493495
0.19499767009066943
0.5925715403444334
0.42563825177324305
0.4598142068849842
0.7856565834019388
0.7688063082374044
0.6452474224176402
0.6575285938017669
0.5452832970980426
0.4866958372932168
0.47549789814581184
0.42114829093466427
0.7650515898595939
0.6765320798805559
0.6068796328861502
0.7060855587257915
0.5820405052781165
0.5870013196040029
0.4597572663831653
0.48503395395913385
0.41968350518528924
0.5597146004948497
0.6953439818062782
0.5643883275369779
0.4948146582572437
0.6875872480831053
0.23629558819018534
0.7781093324660147
0.6375203036100653
0.6726091452770274
0.5225838191191603
0.6123991567426326
0.49670722012043816
0.4782101192087675
0.6642275677401634
0.6788598411116337
0.5956356262153948
0.5355505293012808
0.5412112322504852
0.39184528699559307
0.586047253418372
0.7077877005618373
0.5869774256398559
0.2679205810018895
0.3876254222948671
0.6282821672478862
0.5394902927537227
0.7629974690212847
0.6775135358593113
0.2554222455699369
0.32852282943971
0.5800485683250148
0.6516683245818967
0.6793355800308304
0.7615508320113397
0.3368807178083019
0.2692487659507312
0.5198479773927657
0.6348788726668705
0.35451512049346773
0.7079105899204495
0.2889388473229644
0.2699006195940945
0.34679221422685
0.6351089868471065
0.5068126264413518
0.33417739215236786
0.6469896761711154
0.6640457860165632
0.7162699915845515
0.750667213628941
0.7589475693530336
0.5367268098919871
0.6516410210509853
0.769863910651087
0.5671677578516072
0.37651634044472393
0.6790243166589209
0.5934433715908722
0.3779681312532341
0.6461977257144043
0.649537191762951
0.5237621159066382
0.6893069349313727
0.7270733529339654
0.5469530771065974
0.35925280555915157
0.6289210082748776
0.5564404286570068
0.5173995441539324
0.20582632561649875
0.5105080540013739
0.5854752393127786
0.5143703794623944
0.4511668471940321
0.758966581302969
0.6246753834689539
0.5243594442579675
0.26011440298468713
0.7291026585526373
0.8064319691636073
0.15297554360441587
0.16948041775843592
0.8151378298804913
0.7405005299383816
0.48619952691482604
0.5912691132725187
0.4443047896099379
0.6468420688255604
0.6910597801900571
0.643867631947304
0.5086974455051836
0.6051000842166292
0.781570968714411
0.8038648317573558
0.4460977926875731
0.5751355033609882
0.6564031042423417
0.6841072175385462
0.6878180350987939
0.6899070274573684
0.7371516290390444
0.684154634326396
0.42511292771260395
0.7197298098757949
0.7543877376165886
0.6947807888895987
0.595980134113625
0.7012179248210049
0.2705733267737439
0.4070187753719846
0.4982425951736183
0.5274154798306339
0.5997161597289054
0.6706926683198994
0.6679054268229685
0.4878645291756783
0.6571120141962322
0.4187207450780193
0.7256624688866998
0.5984166344113713
0.41294717702354844
0.7107330057852238
0.396878549999598
0.5551470064178122
0.7339100047864124
0.2803674385318619
0.3150516451393392
0.6128884650263479
0.3539497176298997
0.7104965626586577
0.71625458768023
0.6788985393529218
0.3736870833018919
0.43657633984918465
0.7806582008014302
0.6275393434929613
0.7061972084921331
0.5764512548180596
0.7069981160778227
0.19295903074374013
0.7200057088131672
0.14681853011459192
0.5814944234812132
0.7225206883884867
0.5554453052917182
0.5870315643786449
0.4263441464960799
0.45273101043818864
0.5081059269017401
0.3400107115146745
0.4818239948835037
0.7385662043861596
0.649747661182309
0.6937261702887081
0.6591313835689612
0.655933246786616
0.7271081697325782
0.6206424858953836
0.6711575074465244
0.7151977809247161
0.5296999531426583
0.7204784020594239
0.2882253611069837
0.2169497839077602
0.7560458678513602
0.751913654837012
0.7239850869640226
0.4733802221053532
0.6221006062224688
0.28929436661754865
0.7457322634348788
0.6853152061211664
0.6556248322350896
0.5300611020297036
0.7394213145201036
0.5829105433219339
0.7152559464394437
0.46390850179663023
0.5078553268479892
0.35168142588574375
0.2800704895652462
0.6879416189180522
0.7211710210095081
0.7676664689614497
0.41359492690586536
0.28260676927209155
0.4236983940774369
0.6310382777788454
0.6940889624950549
0.2665303982106125
0.6577864930536503
0.7536031807139533
0.5667081098664528
0.6360969866834785
0.5803634361720019
0.6117390664635007
0.5348792786437432
0.539856878854008
0.582153301825397
0.5093844388685376
0.6423791464400483
0.3712609867075457
0.6593906876226906
0.4571528574201893
0.6142838990812325
0.6636365883876004
0.5701357543058321
0.49919584279754226
0.537879090317749
0.7764312747207947
0.5389551333519073
0.7129917050902729
0.3641425875619534
0.572439879696507
0.7159013454433567
0.7864301311790358
0.5656343966974441
0.5420136424606533
0.7064962549428034
0.6394933010619352
0.6742813040671182
0.6734407373372258
0.7313060444617356
0.34046498777161716
0.6707296779316642
0.7749362462835135
0.589030960506364
0.6729088545496614
0.6674351286836321
0.6794156825329969
0.7119438249673311
0.7213307703720038
0.5225057568627423
0.5466281361211197
0.6412579677668588
0.491231622922633
0.2829548836633964
0.6244687697496556
0.5487381968554478
0.7839464792917642
0.5835722888692925
0.6360955479669047
0.6337748293427076
0.7066545235322279
0.40653210435744996
0.48084049828365155
0.5459393694957734
0.6739510681819364
0.41692760144833035
0.7194546658909045
0.735022477962515
0.6081339065754365
0.4792579548098307
0.5123933875873621
0.5624776852327963
0.5439013379523694
0.5797723481853516
0.6820923034421195
0.7480061576274979
0.5295654964629372
0.6370307398008921
0.6573006045696371
0.5288875218323315
0.5829575731736037
0.29795764063593955
0.6403935689448943
0.6736112985480819
0.4511536574009442
0.7213402476107065
0.6028391077213434
0.3143752233150898
0.6118889837839935
0.749172105676019
0.6282539969062323
0.5297698527297993
0.6282207461565423
0.7296789614619971
0.7019186419109263
0.6782865962105201
0.7704279932354283
0.7104730497822258
0.30369903844814644
0.5883622288059088
0.46638855958665204
0.5923967980273414
0.4056237400726216
0.7171256543496437
0.3761144082672624
0.6217499306145468
0.5792715329685766
0.72876115112266
0.7369896761434055
0.5020277323834008
0.7787081941568195
0.5643439950498345
0.6676185205122686
0.25557554465774834
0.44920569588440623
0.6276460495970759
0.663607664708842
0.609901471727395
0.4399745532901248
0.7462132748028063
0.4208959396766458
0.7453308190106246
0.6457883989612501
0.6135999640502858
0.6590269459090733
0.6285599355168028
0.333747994656716
0.6061530265832998
0.6527034937923762
0.3376628571670016
0.7394723873106454
0.4240905260487927
0.31319987752405615
0.7210090455999993
0.6345090768446395
0.7071509649917032
0.6098298592622622
0.5171713082869652
0.6688281295837963
0.7137280472727119
0.6903307033963384
0.4741882303139333
0.6423499992567302
0.7411862104569192
0.7095029864618533
0.602898304388683
0.13997916027382823
0.7322431813628145
0.38928793481633306
0.664986421784349
0.5857022956802315
0.6401759860837735
0.7123243529673816
0.7555498595634235
0.7726092104535813
0.7647270922388776
0.6582947485904695
0.21178128602929455
0.5959228733234638
0.20681639615052316
0.6352870962464251
0.465963824217826
0.6644398902069006
0.49170695077287896
0.3431417877591214
0.5176399283038615
0.5617900470937678
0.5106568625670838
0.5292824307828004
0.7630794146348948
0.7614234179689761
0.635244718280855
0.622493453130268
0.7654634991314999
0.6932545593946835
0.6148992431530963
0.7352524777725155
0.6609678078407077
0.6366119616687493
0.2240096780412283
0.7108237406126979
0.5302575739483797
0.6287058605515723
0.660968226975034
0.7362788832271804
0.6689833998689407
0.7201135589538982
0.689042154188223
0.5331940343557826
0.4854956717750323
0.724413471314509
0.5976289190317303
0.7665429097519929
0.46428331894280994
0.7529377217215607
0.5193293361072865
0.5953129183627065
0.6434428736268284
0.46782505913939004
0.7488426822232159
0.4458299968155039
0.6709022689610381
0.6737201413000976
0.6470420967762186
0.4415428078117788
0.5714797595490633
0.6464965242268009
0.537846444284027
0.7660874274485088
0.4393977278140095
0.5751209788797986
0.7064284494890954
0.6145067480093303
0.6254555507334277
0.6808899726438071
0.5223728249379471
0.6951829017302396
0.7792080399098351
0.6434966856158577
0.3867400831605016
0.3268560310041621
0.5316672996566357
0.6978700078935135
0.5211916567210225
0.8128173545962487
0.6389347449183236
0.7658358475264874
0.7307849097692278
0.33073168120519353
0.5935388327643892
0.6842247717565917
0.7565326858777154
0.7257227643796417
0.5353030435149911
0.5153422283114718
0.5181061150712745
0.4474759222701445
0.6284328792202111
0.79185581064941
0.4997408494343841
0.7429776707293863
0.34533898077279135
0.6262888006312766
0.17786458447727674
0.4539373659129861
0.48114376573537065
0.5971917661833628
0.6628279513123752
0.26350735844742035
0.7060821555903181
0.7328662164737889
0.7111435912524642
0.4697232703071308
0.6061465724257846
0.42015859471732314
0.3809287122433191
0.4039454824328309
0.5543903686413219
0.43979739093329634
0.7354434506288989
0.6625938969675764
0.4578861228570668
0.7389649644801226
0.6925083124946185
0.6659825561402912
0.678108015398354
0.6933636473411627
0.6994567285753256
0.4720801773902748
0.6869290810434735
0.2913848706419296
0.6445904158851509
0.5657898493728267
0.5814717491207386
0.5593106335901592
0.6493728319810286
0.4212419519403309
0.7467138622777556
0.5333654171556745
0.7387468488733915
0.440603714797389
0.6052169682452505
0.39489641794728214
0.742530809866265
0.7839817328484514
0.514752135164915
0.7496523910403371
0.6306930882902888
0.4543863626688861
0.5011690869152315
0.2414043507232925
0.3894964745209766
0.4382084214601845
0.6905098172555575
0.7467653330894893
0.6320077959050369
0.7857282395049129
0.37757260219603195
0.34897762444352154
0.4828004581032674
0.5774178965131781
0.6447085487690981
0.4278214542011648
0.5396848315425258
0.5563330635169849
0.41818855422365736
0.5334987240812756
0.7704949053666994
0.6637661590878878
0.39896529713998613
0.6409253574839388
0.6872076196698695
0.3090181583281542
0.7284597809908958
0.48828704667273776
0.4833252685155376
0.6460719322073484
0.570614925371503
0.5197227386597939
0.5486088233987259
0.752234966289151
0.6464499502985227
0.6617984911806982
0.6605676979759407
0.4794842781750138
0.7990927645996372
0.6441900472357786
0.45619408857252725
0.6524656345676833
0.6586794390229628
0.6867521705222158
0.7034404047868502
0.8079823705600468
0.32888796890628136
0.6259244759065049
0.6790740504249392
0.6907961242566187
0.7165359439665636
0.8034766015597405
0.6894881986825393
0.39789659141077244
0.7647778404883122
0.5516198093802884
0.6710931389632339
0.30247683713822865
0.7270829061255495
0.6130904921172114
0.6292060703687812
0.6073501903197671
0.7884987701586749
0.6840388951002295
0.6848248401630864
0.7291189433994271
0.7075891599097688
0.6697499429669155
0.7308387276764101
0.5689250903312749
0.8199126988710139
0.809575338175095
0.596952693224648
0.7162564648112973
0.8055652450233636
0.7065110542385519
0.572226904324974
0.46170543954087684
0.5439244004046089
0.3588448141747707
0.7322677395886693
0.7503803737717517
0.7459989700668425
0.6978672456651965
0.6400241772668012
0.6796323910307488
0.661041987910157
0.6029655703134263
0.6940654292330503
0.7200214967131816
0.6918781841317033
0.6832232841868983
0.39242412851657343
0.7183628635805022
0.7081596584207772
0.7513977629697373
0.7197950507973137
0.7670715499886371
0.7660366274466949
0.7189326126978302
0.6230302690662132
0.6708886876685789
0.7247973403976005
0.7162107051829685
0.7458663530594606
0.738306459727799
0.6723548596166026
0.6153086630090314
0.7579766898749378
0.26575452557079104
0.5919438165957438
0.6905121392424995
0.5996479266142228
0.7888636481408617
0.5289959833552739
0.7402622048101948
0.6863779357861306
0.650103772004561
0.6278503558373411
0.7059853662538168
0.7695365547628046
0.5487450752506146
0.7107656004271256
0.7731906206344974
0.6151853523644093
0.47678369417944066
0.7866012142050565
0.7426239865445659
0.7321798394217273
0.5948631198784224
0.4875378228622714
0.7908779828972292
0.7181414521085148
0.4194528224750846
0.7116856780032562
0.4129848652251535
0.6757631871553074
0.6999286597088968
0.7191393641872641
0.7379836658064204
0.49468217228609795
0.625329521268419
0.6171351734998543
0.6132982470774454
0.4419221526937514
0.21860598813135332
0.4251510462441203
0.667955401484793
0.7490081367199433
0.6183811167487911
0.5184225067087926
0.7941204729363597
0.4596327614948429
0.7888452353378276
0.5236701437653954
0.6354962056542728
0.7157264246319284
0.7006509136173547
0.7680119032313738
0.5264504570086944
0.7080402917733827
0.4421266896011006
0.48078952435497696
0.7098829457995656
0.6602842342801667
0.7319884937470872
0.4264095483027049
0.6947343195080464
0.6850517791378223
0.7806179437221047
0.8168670647498385
0.7718621785324892
0.720256492274747
0.42653167146889875
0.3591301469994246
0.7725000673064829
0.7273551624390576
0.6216188124317569
0.5502072985356499
0.47296132700854054
0.719376650396633
0.7550589444689302
0.672080090585756
0.4866101493233841
0.7353336715159342
0.7031266658153561
0.7929178748752678
0.44314866709942025
0.5223943546116177
0.689908007150919
0.19269904252118158
0.6170713474571929
0.3556388041660082
0.5353390457668705
0.744605658526728
0.5543555857998688
0.5260677825739226
0.334365978065761
0.6464769550605873
0.7291506920077859
0.7087657742301468
0.34722709466774193
0.732105944350801
0.2936689909572488
0.6792012888687055
0.6034619225608765
0.6883327755365616
0.6407889382922302
0.723563590078262
0.3557721181131559
0.5200916347037206
0.671341450973003
0.6538343543607623
0.6157161793737678
0.7179117991836267
0.7191136173470138
0.6084437209237009
0.7494104957193768
0.3480246001465055
0.8173907143693411
0.5938981099428495
0.6832417796757003
0.4161871445900096
0.7290368949038541
0.7363229423433569
0.5780498469492467
0.7507304510334317
0.6587294035687724
0.7182617298961502
0.5620384339142879
0.6120764548211622
0.5142124360410871
0.6946626864262447
0.7394126617700512
0.7412651001536094
0.25649470776315
0.6703720493200178
0.7023285545854349
0.7844769447570294
0.5264979910370916
0.7113991219026228
0.8094497076684719
0.6979799361050629
0.15135594178780626
0.46777703254360964
0.2211443606798407
0.6899039126221544
0.612968472220954
0.7885689203857456
0.7707259125410161
0.6317741165884747
0.7492537232639771
0.5709156668429738
0.7405887620796712
0.5646848427917374
0.7297900233043625
0.5168669760184116
0.38110521995839514
0.5402623325037366
0.3585620591715696
0.3653918740163219
0.6508081859241267
0.6935691515598242
0.7534176757934403
0.7336245726586609
0.7317840984000077
0.7232988501121835
0.6178571167862473
0.5328223402115605
0.757990619106121
0.7296499578149076
0.6005806530147298
0.5144873596757529
0.7012427432180032
0.43867567937492535
0.7902399868910364
0.8170777618215471
0.5867352131257555
0.44704436687582816
0.4932125540591275
0.7073931112847671
0.7920883652138777
0.7157906071995472
0.7266888528449755
0.6165903833206184
0.6666718351734007
0.8085670189308116
0.7034213163228302
0.7420177193898823
0.79366966204308
0.4234594807543249
0.7292522237337451
0.7422259483484898
0.7925823598103093
0.6624397972150136
0.7136120470654551
0.4272802689200645
0.6520679246788377
0.6863767661550421
0.7822372136983521
0.6219599056183218
0.6767729825018212
0.3355223158099293
0.49453229234676344
0.6040921405284575
0.26577951000630207
0.802584862528902
0.6871607155189997
0.575402455690374
0.8341718335867117
0.655118061861936
0.7643802175953144
0.6073505521957434
0.597689718058821
0.6206888659327431
0.7411267292348641
0.6822056451199384
0.7059755498380669
0.7287398533149958
0.17861876339178445
0.6708840819106519
0.6230455225619047
0.7736242849498123
0.7985796006070887
0.6940240435366762
0.5905668723494939
0.7355052962727692
0.8226532558650789
0.6906631356108909
0.7086708698509393
0.8014613665119339
0.39374683707194275
0.7218005781561849
0.2597168252678488
0.6964268810017186
0.6149924025329853
0.7677052566978837
0.7446763179033482
0.6430326352877738
0.7354842543516029
0.7760644945864312
0.7327925188531456
0.6723651171328402
0.5787854094023577
0.33334081623591644
0.7343460933838355
0.26802237786216027
0.7055183847432837
0.7645698004874246
0.40210183834240626
0.7403006857361757
0.6507546811819727
0.6098179137597834
0.7577525758931364
0.704459480279277
0.6514068459789634
0.6993614172659989
0.7096464437114753
0.5500597120141852
0.7131380007392971
0.7679003561438901
0.8264817091995376
0.7360317729593017
0.8399432123341479
0.665912168774491
0.6516541213712643
0.6361807411321138
0.20360006297097727
0.4393303148089771
0.3814155160973074
0.7516692290754318
0.6841198706969064
0.6025235166533428
0.7595770939625583
0.6811104570880226
0.6548664470562818
0.691849708672394
0.601754424075903
0.823257671992118
0.6672337043479243
0.8204948626751687
0.6864632154221468
0.24782457064522478
0.7189934919459361
0.7721672149705016
0.6988991130021063
0.7485144818468227
0.314260910441811
0.5070420664500578
0.7557738482361025
0.24170742200065107
0.6973749008223398
0.7923750658727297
0.7469982890187911
0.5724941059120053
0.6360539793120408
0.7661954685474273
0.726161104660941
0.7255527800004367
0.3259909858152204
0.678116353252407
0.717178713563766
0.4487784122584941
0.5966221587641258
0.4804370802436637
0.7028465542909754
0.7038084935892024
0.687613848297748
0.7088770770367951
0.6827187074011013
0.44963447924445676
0.7989212053804866
0.6802315625380545
0.6145274790099271
0.7197754827298255
0.699740922514123
0.6650444942749367
0.748881616006144
0.7651303869097406
0.4741556696169915
0.8090383921614505
0.7406210769604965
0.7311905092614319
0.7037120241752796
0.8186684678288622
0.7463955897185411
0.6311502920776573
0.7764679013081942
0.789569524928963
0.36513432496916404
0.7482812515538235
0.8352035368063891
0.6805544349454834
0.6644334723257306
0.7856904679618718
0.6303649272754225
0.693334435015126
0.5569165840177569
0.31398692813439044
0.24761138159387397
0.7270839582046844
0.28563637824145205
0.5740444462761451
0.8183410629152812
0.5133490642288507
0.7892165720795594
0.7720973799483093
0.727474197639992
0.6459743947057859
0.7315302902949825
0.7285579977057631
0.6732175642268327
0.12799330413252114
0.7984190530653459
0.6297550841032704
0.8171639011085768
0.7817281113170176
0.6832246099688086
0.6674453169828122
0.5055198596978365
0.6649231023275197
0.7681923238775
0.7335654301660719
0.5022964696107519
0.6465547966460737
0.6780457743339006
0.720384026824881
0.6984177854851847
0.718251220622835
0.48540588812594904
0.5085472383253922
0.6868778275492695
0.5949334028288158
0.5907412715749429
0.6799867784409244
0.4760416963845172
0.7253446690319671
0.8272547537075201
0.7371694437047267
0.4948419073990164
0.587564936725145
0.726522661543218
0.7445854997484348
0.7437460390479237
0.5714209788505548
0.7188427007526973
0.5820142247118817
0.6819895135879804
0.6963068773480711
0.7078877004034645
0.7593479484535698
0.7602242693463581
0.4490906947670508
0.1311674920214802
0.7726041401103352
0.6983390832075095
0.6194604423817527
0.7296286089337427
0.30179580391002925
0.6958064139805464
0.5900486782153673
0.6714651202414924
0.7123070374628685
0.6996788558239041
0.17461167728865543
0.7954370656447014
0.6466456384869308
0.7347100416068482
0.21507233197557687
0.8282680911055607
0.6481725313387444
0.7389860038713735
0.4472844856537337
0.6014107995757434
0.6991744656287667
0.42715263839860085
0.7885216722230672
0.39447321851828354
0.737084202689206
0.6352208393843565
0.20164273977692332
0.6803263483839298
0.7288680611597367
0.7039239903647598
0.762036234824133
0.6147386040603413
0.3467678480101787
0.6716358225987488
0.7012285747289291
0.744527981061408
0.6396976716347781
0.413359169380128
0.5643747472980694
0.7761899694712158
0.49923004697174345
0.5168527955663964
0.5174017425563818
0.4171836541077909
0.6770043004314266
0.5677922599430325
0.7754056605516402
0.5418031368093816
0.6186890044018987
0.6858486782514633
0.5680674956158978
0.5434741153424966
0.7535062914726531
0.4250145701517151
0.7257221100573478
0.5993351504288479
0.7837518148718243
0.5849663437261977
0.30922443105112224
0.47730706521052235
0.4688107591560843
0.7677522296561082
0.27083277332596895
0.7321080625005563
0.7178518483388641
0.7422499016147444
0.5643239538754001
0.628214466746096
0.5687886130670903
0.5657095512190178
0.7781272764424249
0.6763386968840309
0.6364536527051482
0.516976537866223
0.5819750498346038
0.47751840121977224
0.6744951751463275
0.7435728240239666
0.688002376540488
0.7383915229859633
0.663313523433142
0.6784293370015071
0.6920968806187706
0.5564725325006971
0.7496869860371617
0.6732993005169188
0.7176227248651686
0.7539782951047779
0.3440261816814785
0.7818460737161805
0.7354096791875814
0.569260911123466
0.6606324662726685
0.7291350078624572
0.7047876958462048
0.6774147644205931
0.6586436015069616
0.6108163475324592
0.5958733155914779
0.3905558198863083
0.6217741206006088
0.48840479727838215
0.5977981968224869
0.45512570805745056
0.7313611804457694
0.6656352550923443
0.707385065166206
0.7106613738293484
0.6618001469517952
0.5040510323419959
0.6981624312856867
0.33263794166187466
0.4274219993231867
0.6358081147085776
0.6542404235976388
0.5503766844735829
0.6609091116079729
0.7397312328156584
0.6841180002639071
0.6195734537150404
0.6436000875688234
0.281720987824371
0.7016242167684641
0.6394620763650601
0.6803149064766303
0.7680551852773809
0.5256837771874173
0.7511290156408167
0.7890486693900709
0.6228602514539069
0.3677907875097841
0.7154534034051507
0.631223819858684
0.6865460158182732
0.6545700616255139
0.5972470030344279
0.6797377780678435
0.5183807845196791
0.7014077292473782
0.5447660719098102
0.7017811690790339
0.6844683457271319
0.7010560454835492
0.7558599496816698
0.12646891545967423
0.6967833259897007
0.7478097616942004
0.5950852650366344
0.8238540918284639
0.6926391164486755
0.7153936429566676
0.7361082777419068
0.7357860074012289
0.5234667590611727
0.6939378430995606
0.6815267157689743
0.8129648844072741
0.6565279779595028
0.6889619961031559
0.3356078871117706
0.5905519156573714
0.7241066975097058
0.7867256183232996
0.7639334311975984
0.7581832290480878
0.7116000335541667
0.8189800631513253
0.802137366679975
0.7034359530652111
0.6063662857187406
0.6096958665183984
0.8249836657405105
0.6757856274094854
0.821103414058322
0.681454405486216
0.815835306733584
0.6071556810513586
0.23901223017160844
0.6698247072342801
0.7530612194304055
0.7332202073946043
0.7640104166307039
0.7653571164504049
0.6660733190181957
0.6875584697195272
0.6880695610674549
0.7355499243035182
0.7041432563675042
0.4487271322104421
0.5236130043247516
0.6931414358232483
0.6639653739443794
0.6737486802418673
0.5284382525060135
0.7319209326329198
0.683177919934359
0.7546099917284192
0.35193655885916264
0.6252374849180826
0.5609087391924266
0.28958258208103305
0.5855630775888006
0.7515394252964055
0.7792844870676301
0.4065524987964589
0.22418437472309244
0.7639916789336121
0.5516505985170302
0.29216199286445266
0.25603475580976465
0.7453367012531477
0.7498862916376737
0.7444444294354792
0.7442574862330399
0.7419590940922586
0.2521361380763569
0.5929423726654164
0.6566298285867519
0.6888967065422404
0.7734988238526654
0.8611041200258565
0.7374764920279776
0.6127521150272771
0.862469228909911
0.7045669452002826
0.3263398826436304
0.7876527209937366
0.8149134297421571
0.6992701849374656
0.7172860897918412
0.6556435656589431
0.6753702121880658
0.7896140491340369
0.5515881419250065
0.3295164934417346
0.7084020508034738
0.7346536227495538
0.7488793302640053
0.7100645336907712
0.7647456367777073
0.469137168093895
0.748503287611774
0.7736879958312111
0.7473635597737737
0.7838933611754073
0.6557561812940719
0.7238099545205763
0.8236556384917878
0.6213044784676653
0.5221450664955212
0.7005138088668694
0.7709092050110425
0.39124564598450434
0.7876480340975245
0.8028225670675353
0.688902904564108
0.7331996688894179
0.6932724453249244
0.6583405288785716
0.7532851366844391
0.8321639784733154
0.6313227350134787
0.534869879071097
0.7824762157185193
0.5803137404915959
0.3778052824223381
0.8137046476017741
0.6584446923151224
0.7240143766576989
0.8403339842209234
0.7703258679417737
0.5338543628206386
0.7401496417803096
0.7949065277132893
0.7031588405716811
0.5401296144060436
0.43625821728707626
0.8001441521185064
0.786060665395773
0.7254954169905413
0.8174360151663207
0.7587437358326011
0.7983478859749161
0.727020074167008
0.7434564604402578
0.7880448327345657
0.44216279815587806
0.7864494069793956
0.7334843749203361
0.8118730744616478
0.551922653469485
0.7601817847668724
0.7275906804485506
0.7338151926922624
0.5278925772199378
0.6765013746411347
0.6061129677443123
0.7361992266834385
0.8042761958829004
0.7648058637520042
0.7853506915971397
0.35176626864595656
0.6523229918281556
0.7554681326387825
0.498057031249564
0.6711306166359353
0.5058775603925046
0.6206624939914068
0.5687273443109607
0.6996998389656298
0.8151400863311319
0.6936610118749743
0.8221730417404767
0.8083049942877922
0.7189758484477972
0.3523580363948185
0.75622279333542
0.6270488978791883
0.7008050062548691
0.8331180861166182
0.7158472436281735
0.6349905610357688
0.8147778520793425
0.7387420697324666
0.6273940102661928
0.8477944852983187
0.6287508146417902
0.6845077344523848
0.7610266517900002
0.6357271722078142
0.7225006615447559
0.7283255142999576
0.5678368759588194
0.8397963632630902
0.7057499019492656
0.7175192438578278
0.8300547801839936
0.674512984464991
0.7642241168851928
0.7514581368437682
0.740478621265566
0.5840849063787621
0.45192375111418615
0.670769395741747
0.6589202290527129
0.8284809009980818
0.5050418271083009
0.6772570126280442
0.7548307369454291
0.7584853493894177
0.6491936380704055
0.60425224518366
0.784992121980413
0.715501740479086
0.7686879919350613
0.7548777160000096
0.5196058593352939
0.7447255513222598
0.7851486540479208
0.739232727617139
0.7280893479426958
0.7069997354775944
0.7382233354965274
0.7714471761874918
0.25617058677188764
0.8255942930095288
0.7848341202474223
0.8034334947710303
0.7302896137131009
0.7617070735404248
0.7951633208143712
0.7812304226993712
0.633310430221211
0.6145205550981979
0.7628342317334942
0.5609161783166557
0.7658074749785746
0.5066367206904061
0.6418969298296965
0.771649084109996
0.5287038080231229
0.33454003141789757
0.7042185127724818
0.6889993574743264
0.7187032131665799
0.7569722771650771
0.3550246149980928
0.7471056289830661
0.7323982890784325
0.6665053880335203
0.5692872713768226
0.8093818890127289
0.4767216044232909
0.3504532907327297
0.41941324016189563
0.5926265306923011
0.5516453437367569
0.7638938116109312
0.7077376970914154
0.7478639048595542
0.770322089270322
0.7339903498902463
0.7203479731953507
0.6697598364107307
0.7955088766132757
0.6517928066375215
0.7141628021070203
0.4540341984543532
0.7732859772100027
0.7553502589237455
0.731801748706089
0.8277093634199733
0.8497961525789193
0.35025394516356523
0.3053563028296178
0.7434982296564964
0.7779018952097606
0.7648708282367241
0.6870377921140398
0.766672218218362
0.7469759795971563
0.750334560820517
0.49326789122539644
0.6679506355999406
0.3475189977582415
0.742309646858122
0.6949308312924952
0.7669209546994593
0.5480189304166365
0.43556146575193916
0.6299791638604445
0.5556794483717773
0.6843368471921853
0.6908506604608798
0.7966028897596594
0.7665507647838418
0.6739072870798399
0.7010356653890656
0.7458687695274081
0.7673614735945142
0.6271274924360055
0.8107754378924313
0.7873070594929138
0.7935548222776996
0.5639310304885656
0.640246985947083
0.7874388475444359
0.8379042663175851
0.4652010465146288
0.787623847356279
0.8294363304158466
0.6167006110967076
0.5942880035971058
0.24888421533394162
0.8339197709589647
0.39868139274818254
0.7804834837176985
0.243951594636572
0.2926705784017991
0.7862096696361109
0.622046476567781
0.4474215812410371
0.5861469339172272
0.7643771107560869
0.7315255906359189
0.8220103983635079
0.620682645779392
0.2736704630412496
0.7407423698548566
0.5978713914254613
0.8311071969945557
0.30513653704646065
0.8322312322060229
0.7002597640897686
0.6666323144773783
0.41810132421154156
0.7437228714630101
0.7269109335262008
0.5448216493315473
0.39538516804020096
0.6054246795354075
0.7294292319963555
0.463630830496824
0.37371479785444117
0.7538980575252657
0.714787488558343
0.6813772704588104
0.7565586450862837
0.5608145635425906
0.778293260649451
0.7157725918810989
0.7469796050031564
0.32864477085012456
0.7572943066401138
0.39070827086028076
0.7952743337772812
0.7141664556650714
0.7881811634992728
0.777956552723537
0.7166817427506933
0.8095594993191797
0.8226659677449156
0.8055568175537163
0.7258462716030436
0.8210393039916855
0.17512399303552478
0.7431396350880425
0.7959907497225958
0.4732116200213369
0.5028195427730572
0.8639604207926539
0.7220615106370155
0.7106091835983851
0.817203628353012
0.8171184766631423
0.8101025751223508
0.7792937321983118
0.6406846545749175
0.365938294056705
0.6009813075459383
0.5157032296529731
0.8149586569738012
0.6215188273544727
0.605222983628757
0.7433966510912707
0.7786215438711043
0.8175829618198591
0.8056645354670166
0.7592952686133717
0.7764779436231705
0.7006577737315851
0.8074132097257221
0.7426495481822863
0.70334901442134
0.4901718482133286
0.44343722330971624
0.7510480819925391
0.7679896504762896
0.633890915943914
0.8253760194448351
0.6993839884511779
0.6760760436724325
0.2632354404679898
0.25967674591640627
0.38659507310395247
0.7317418539246197
0.6941661156279557
0.8230364907820689
0.7297518179144841
0.7962118062280744
0.778218002479516
0.7426254729114699
0.5790255101810862
0.8566453520972166
0.7228321272185755
0.26797565779289956
0.7115380537431322
0.4395486312045021
0.3754750307057739
0.6898958857415368
0.5106550909063394
0.6262010616022192
0.26439748706245636
0.7668591798345452
0.38598723923090567
0.7409199464470158
0.7906598529968103
0.49806661955462744
0.34782832152378246
0.5792332578157858
0.6602397350220467
0.7837031123333154
0.4911146204385116
0.7401231973133718
0.6640608483294322
0.7694196562537882
0.732607567180818
0.760066270335766
0.43826891972439946
0.7872230404072983
0.6683864791113888
0.7006363291952346
0.5911641297089648
0.7753609122621247
0.7571224728180417
0.4666956122835079
0.6935054689309673
0.6455179142476776
0.7809372879397553
0.4175185164130049
0.8630065589824418
0.678268008404496
0.7114542323462265
0.7790481689332326
0.7622338330866758
0.1321187509592008
0.7371676571472814
0.44301923202623883
0.8405698149837676
0.6898988332791494
0.4591480218049546
0.7073171588075202
0.5741145709339065
0.7837551587642215
0.6329948973855373
0.7233285940985493
0.4261866511785272
0.7579480393365461
0.7973628271993438
0.7840077354622155
0.7519849913344016
0.6531716963047833
0.42503838822512385
0.6610222837404507
0.7514293033444988
0.5029155342213688
0.67757147144532
0.750523281806958
0.8134676105225135
0.7844372846878358
0.7529198313573526
0.6329467680227391
0.586952203740062
0.7454870620210703
0.7356832222022192
0.4019818016160809
0.5289716012983532
0.8128672469768452
0.8133805708988614
0.7254545454545455
0.7399253074626334
0.7928021175815907
0.8464665619058875
0.8036994525547232
0.7171063570174714
0.765141140570814
0.6940055256715506
0.6697567458185912
0.7139330340257527
0.8125098242950685
0.7336757483887137
0.8072579041397279
0.47712039561429004
0.6579855752941428
0.7677263127442454
0.7235192513630606
0.8299028351351674
0.40747648315104307
0.7557666024091739
0.423587811032076
0.7570905354125091
0.5076802723744487
0.6723502700305173
0.7245689625435096
0.768675301770985
0.6649243704695997
0.7338605604001062
0.74190133697454
0.6772091276520108
0.7772954956185079
0.6954482329789058
0.7942375230683306
0.6569099499131732
0.7056034375810916
0.7893241054789777
0.7723402465178648
0.8560156237657495
0.7046642457489882
0.7983644313405834
0.6055940651258219
0.7346192017206179
0.8139789090661792
0.5323478509188214
0.708750285508223
0.7342035712363006
0.7505058433218278
0.731792043712239
0.36931683354026495
0.7019261913592044
0.855499346482093
0.7528754125911438
0.6988847130352887
0.6686628039246792
0.7167986202165167
0.43938523425847203
0.6204339096280109
0.7875707362731592
0.6807008981705371
0.7657854976770109
0.45817426859305727
0.7872909642375092
0.4323397250849827
0.6378187582361734
0.7748167563882943
0.6380786060457497
0.7324926738220883
0.7363249852012302
0.4273971881473366
0.7238874421617598
0.6800460849152337
0.7775251592122483
0.7703120581954461
0.46514946770908094
0.6438525721144862
0.6906156620512364
0.6758784950010344
0.47610644308676725
0.5717620034906037
0.6765520871128778
0.5452653019855218
0.6772394710914782
0.6902729687873982
0.6464468036943042
0.7217040716725457
0.7257811115713793
0.5452456357102663
0.7021744353562611
0.7014285223513211
0.6436464308747988
0.710949156596903
0.6965247730507019
0.6991234673240679
0.7226014934285131
0.6497078398272277
0.737267557981852
0.7755014362800158
0.6704299150452748
0.7566621272604533
0.7944267667910212
0.6662932022733195
0.7327526156128065
0.7716878718091267
0.8384284116952228
0.7271617055762774
0.8039764298123057
0.6526032155161569
0.7209841503916604
0.6801418519836046
0.6419076882794552
0.7162014305824114
0.6543699732344475
0.6945275669032732
0.639791146082436
0.7394161328745339
0.8134007604203676
0.7961669002131468
0.7520909517286989
0.6529482117678397
0.747421749404658
0.45721756370337174
0.5727606816539392
0.29117328314146473
0.6381514904382368
0.7241013129751026
0.646286837813295
0.6430800372562989
0.8243148254517186
0.5670535459402779
0.7208069426490868
0.8037028628192793
0.7708627948204061
0.7320514873903285
0.6619464620181107
0.7687845476202462
0.7280347194609369
0.7486164311267691
0.7911722309827467
0.7416958376973142
0.44123691885842237
0.763260981801156
0.6471615998131895
0.7535767626104015
0.6967149089084032
0.7171347832115056
0.7910042684954164
0.7455280448069412
0.6309434317040727
0.6464896148212749
0.8071113428630977
0.6045029115847647
0.7157294889763531
0.3584302458336442
0.7220536343579543
0.7265370411435849
0.7748558112317652
0.7437138772837119
0.8541138012200483
0.755811979369684
0.6325552214101541
0.7624516002694306
0.5772823916133677
0.643612062001629
0.6337715385205404
0.6559998930956092
0.7406569872490281
0.7336005033110249
0.7574836824553196
0.6077590033060344
0.6159350123688765
0.8053704708357904
0.7387637830055569
0.7763689092003031
0.27695575004604833
0.47145122494908326
0.7358433923914849
0.7634568764248495
0.7065818731644465
0.7729322433697006
0.813457310584446
0.7845543773012857
0.8610413590853295
0.48374990904554865
0.6049951611779406
0.6969044454176962
0.5407183822627826
0.5368934295472619
0.6208723718975648
0.652884516504946
0.2840959754557942
0.6472813906370218
0.8437233377348659
0.7926395136968795
0.8063270355241479
0.6453804727413569
0.8202344994854234
0.7365689404735468
0.7768491894106612
0.7737756025272441
0.8037251093795387
0.5917252538679935
0.8331904293359209
0.7800511470232477
0.5633190538467432
0.6578351960116519
0.8178045335305663
0.8270709839762699
0.7559873830083409
0.5839842932938133
0.8109347287449948
0.5872172949147482
0.7672789518395746
0.5842708028213144
0.7787778793112229
0.8011334725842495
0.7752093894391977
0.6060629072734394
0.4836850332415177
0.7735624905228721
0.8436296921940383
0.7359068122684558
0.8403676386329508
0.7676860688372775
0.7408295643570024
0.8296292329228805
0.7539357664842957
0.7069444105137229
0.7295354410369417
0.7882913435652225
0.6802603124134717
0.7833237681606762
0.8347345325909259
0.862457287823957
0.6052152122361446
0.7340614405247224
0.7165403309951667
0.748483243675472
0.6780161922455064
0.5154052656426896
0.6565635979339421
0.8031076080097321
0.6405637626719302
0.5262217305096587
0.8526904047002833
0.7999548084156729
0.6186983917336569
0.6142234385286156
0.7823927483011104
0.2120908180632989
0.6670036707416358
0.8111438097874476
0.7358550347860373
0.7371640732836116
0.6345777928375005
0.7743950297669611
0.6494488314991448
0.5604919811355361
0.84942262902327
0.7491835314801772
0.6589713156263827
0.6791979303816459
0.752817122193443
0.4778392084507329
0.817771598870699
0.47819455888126067
0.7931435689756371
0.3765884774073801
0.4841197901067455
0.7722510163496754
0.8542466580271731
0.6792205490500077
0.7579225608194374
0.5020345393660074
0.25633728755600116
0.357007202096673
0.7126394593661692
0.7718374980118764
0.7889722904391531
0.7085452007755613
0.7862967655451915
0.6736574764193018
0.6226366801431668
0.5927484425305489
0.6716905702264444
0.7158837094893036
0.7018909338746133
0.8356656445887165
0.773311111796821
0.5686231996453724
0.8164273437385877
0.8077259634414672
0.49713199275270314
0.7872947976807173
0.7980558890190433
0.6600734086533417
0.6860292649158828
0.7065942406183336
0.7199370690354463
0.768180059055213
0.34381633783924115
0.7536862119006803
0.8233536036659161
0.7939696629925811
0.7910387572104888
0.4957288166701128
0.8263164757787217
0.5889247235820598
0.7996830932788189
0.7153421443156547
0.7664145630766858
0.8164705194777966
0.7728324265560967
0.7019300784713812
0.832253085115535
0.748298232341654
0.6377773000782213
0.39785689031225985
0.6643963497218615
0.8118719525843799
0.8124997313337033
0.6638509019153745
0.5748687696269437
0.7772225336447403
0.6066200392519593
0.7081743371631825
0.6096875039104664
0.24111493066934053
0.6028336477155776
0.6119105582619114
0.7293332714653425
0.7854369752079167
0.7316142050915296
0.6494208093463903
0.7684713209928243
0.6598499576174096
0.6191610736458485
0.3303004351518852
0.46298135131243384
0.7726830847856728
0.35822049854772314
0.6008615310057542
0.7900731474679508
0.7601886005291538
0.8315461340518739
0.6929310556090168
0.7841827948305493
0.7485781515783161
0.6690612886683465
0.7223224459019538
0.7045045686434815
0.7584463036421063
0.5777111742857869
0.824329375104243
0.7367572564948983
0.7537136506699708
0.8336848975887265
0.5732609636299013
0.7098503519823639
0.7456648961271103
0.5837860899623165
0.758590433234859
0.502187682584225
0.7805789694058437
0.717034524603811
0.5318561593105519
0.6011196716990532
0.7534199233974564
0.7494823195973085
0.5809414302974377
0.766221477702035
0.6481845247820979
0.49197944294379786
0.7465717320981919
0.6355687434901665
0.7024109649224658
0.7593118610007695
0.5934475231029402
0.6043698220051696
0.7508708031470869
0.705131448210717
0.5853127076654325
0.7022961839584154
0.3715167290814299
0.74727584392846
0.765665725449488
0.6532867233629942
0.7602288887594655
0.8492846291493666
0.6688724006057158
0.7470671945043782
0.7457234461694771
0.8129183163562156
0.7051649328320814
0.7682807875648756
0.7668762487383998
0.6986530274888898
0.7996053579718317
0.5154323636556216
0.7800571220714808
0.4721058310875984
0.6723957650612999
0.6584924004400672
0.6613606729969852
0.5654498062656641
0.8223795620207136
0.738823748532835
0.6080492627397771
0.6669297987703429
0.5461589987680827
0.7417362505195159
0.8137525027018043
0.8551571915573465
0.7428285861523847
0.7598416513527348
0.8602370609194167
0.8885381248556229
0.7191147019336331
0.758644217064699
0.7917799499008286
0.4408003203782118
0.7809646335540056
0.8180683153272608
0.8133630897505203
0.26673770335121444
0.8227261289169302
0.8211490178513049
0.7896289976322134
0.6170688977783025
0.8060734339705746
0.718374718868758
0.8508666187681077
0.5615494118935141
0.6112999309403511
0.7102584517876411
0.6899593389679362
0.2619922214500976
0.7034073448837457
0.7104306615167261
0.6711701536627735
0.7984786059114934
0.6985152782260873
0.4547775858165673
0.7957791589919324
0.7821033122955156
0.4680854925378934
0.7715059103366044
0.7416086401011708
0.6136669614329303
0.8444311452964348
0.8080668150549732
0.8312865836623352
0.6887645763284107
0.8352437901865415
0.5123142186888585
0.6672975640457781
0.6776181096463467
0.7590281409544254
0.8226233717354972
0.8012961735892312
0.759838006483833
0.7473391603253229
0.4090535215370909
0.610475396892633
0.783259937053478
0.6923899805919865
0.6499213800603103
0.7686677995336331
0.7988664274517187
0.82014024534018
0.8351645289999035
0.801502285828098
0.8078791004522512
0.7366460179079778
0.8112910102704306
0.7809283194366026
0.82896296786163
0.8239473373192907
0.7888107142081724
0.6446909406823632
0.8505722986008827
0.5414988321347574
0.6328832504976789
0.8334669869945494
0.7399728464872821
0.7297611715912946
0.5500931638969183
0.8248393378934296
0.7585332418514161
0.6479698288077642
0.7941875186757728
0.416689982801213
0.5816782505843076
0.48843499990096156
0.7252390036457017
0.8109359666109524
0.76202055343725
0.8302742219551817
0.7897592684188447
0.7456424392624637
0.4749390920023814
0.7813127688993107
0.740666512874564
0.6549296601334309
0.762100695764521
0.41924374907837125
0.5666261873706104
0.8074456931166852
0.8369335733705695
0.6803260506490121
0.7969848039638575
0.7163018172601865
0.7628311478972288
0.7725426973986329
0.7059930758177295
0.7376151376695151
0.7712811338489485
0.6264861589133566
0.539056478752897
0.48494313621692586
0.5183921877951778
0.8104008499512093
0.6763571563859192
0.5550693451871249
0.820908782794247
0.7504739874013252
0.5923919640683915
0.7368174539088271
0.7339228691528749
0.7919239289837021
0.8364583603075952
0.6936269010823045
0.7853865418277114
0.7016568001829117
0.7607042461038077
0.5777601825961722
0.5456339742365941
0.792131637153785
0.7381951711832216
0.7345763338452934
0.7818882840630818
0.8504811656558084
0.8005415266045119
0.8201478639881514
0.7854309488069
0.698056819516344
0.6665574659028135
0.8450242692592976
0.7703444395448947
0.8484653198959535
0.5893427771399312
0.7676193154236883
0.571965128162995
0.7767649158431404
0.5349863311308625
0.7195803188271123
0.7594494833734445
0.47132002928858285
0.37781841505392627
0.8034123206816336
0.7662441979334663
0.736289834019412
0.8179833124950312
0.586753027335896
0.7471002334565937
0.8479412534693208
0.3203029802994683
0.8151608506204863
0.7959913556107793
0.7438764597241532
0.7251742762190619
0.537869899831065
0.5104718654233095
0.8508358492657875
0.7042751734854447
0.8414750244896867
0.7837207685898973
0.42439771978171925
0.49343172128189744
0.7987774664741403
0.4402653442206306
0.5855683653401071
0.7353705844509192
0.8115830466504179
0.7764398568034158
0.8514165614516448
0.7870655028038397
0.5425825758153799
0.710149840943056
0.8126428368004183
0.794264603446533
0.26725770913794006
0.787645130810958
0.7739268794800193
0.8211536971736093
0.35212699191240276
0.7830226507147005
0.8278739054933127
0.7968361264493802
0.6105049203241392
0.671387297328297
0.6154695077632643
0.8204388366219898
0.8022428904505918
0.8064011777291276
0.796714581631591
0.45704894592077194
0.8169100998320346
0.7128453399501663
0.5875894726998857
0.7972313776108594
0.5206313772149438
0.6865505661212963
0.515893401054114
0.6458659650500289
0.6811619703155977
0.45760218437424954
0.7473354578042667
0.669672938118812
0.6908721589221956
0.7929272181258608
0.7071696578225598
0.7334306860183902
0.775110324072191
0.8182407137863774
0.8174813857021099
0.7648500080350344
0.8112285438501626
0.7349861873280262
0.8530535376140356
0.7024247200256057
0.8551978915549173
0.7527297402244599
0.7771420933353252
0.7523297607790603
0.5265380604526362
0.7821366662200401
0.8272291270286891
0.6489252723792628
0.7739393130372839
0.4891093563750649
0.798355058465005
0.7779723199771057
0.7938129217472979
0.5392958634702116
0.7218148938320832
0.6870039834349684
0.6912023092438071
0.4338419802604204
0.8051849979834655
0.6147676775800346
0.6361069813628124
0.8294515729778975
0.38441764360722447
0.5821971014128853
0.37689948858515676
0.6630187481183887
0.7112064460023827
0.3808675031774682
0.8489548919025341
0.7889053168880261
0.4881301966716412
0.686147282905507
0.6298940997786384
0.5180687662173002
0.7857230061996578
0.5237348033694951
0.6337423036295661
0.8134944647829795
0.6153030496044354
0.7513968448660815
0.46711372527153683
0.7270609927376712
0.504762032173528
0.5965459816596508
0.7152814027408677
0.7570368453846258
0.7442338776730287
0.7417144661730073
0.4347111776238945
0.6482124123061574
0.8336181544848463
0.6244481113391107
0.7515164998725224
0.7606932509474396
0.8050323458896489
0.6577683782737154
0.8357251711781114
0.7752222732485455
0.7530858079482299
0.8306192346989993
0.7612613631523415
0.7689047380095251
0.7921180398829566
0.7454630969470496
0.6870479785831216
0.6756626181840114
0.41388652332980086
0.8108962359723532
0.7186715605080692
0.667893965305987
0.6435802492414731
0.49115691310338605
0.7311202977406827
0.806899715539509
0.7709330123858247
0.37255238464090257
0.7247613121370208
0.6943335788191399
0.6651394009924904
0.7871842670173085
0.7811053570216925
0.7335103372363646
0.7120629949350616
0.7280674138034106
0.7317631166946367
0.7230568805699978
0.7523187848605246
0.24810426915698397
0.7191037354721943
0.8011691361274772
0.8521923262190575
0.7461048637266433
0.766953684827655
0.4911623511650536
0.815397843069056
0.7393250313178181
0.7489577495213838
0.5678242778292325
0.6440259671217338
0.7941003173390146
0.7388876307569398
0.7374649404305313
0.6318159598964423
0.4826877952334456
0.732294456016404
0.6728585373537497
0.7516152555043613
0.7724846369456995
0.5195282057155567
0.5810102340298782
0.6999669799053373
0.6111840878163702
0.7222397837239055
0.6579141090641737
0.7439585495736922
0.7260524722358807
0.6015282493870954
0.8029913958066782
0.6495659067463103
0.6639177317990276
0.5499538997387572
0.47994277943420266
0.5668097846154037
0.7802985634308895
0.44895584719078696
0.7756621899854548
0.7287208551731326
0.5964430972354289
0.7335339384197077
0.7995500561386671
0.6199140045430339
0.7786107401350442
0.7170432888441095
0.5809400686581984
0.630081023737825
0.510399551902456
0.7562109097949468
0.7697963544098042
0.5339978199808147
0.7815589519827651
0.38123751714194853
0.32668496053314544
0.7770638035134237
0.7736879760512575
0.7169685736725591
0.8274513931572733
0.7460663876546241
0.7669631199477593
0.6512205356553095
0.55665161727292
0.657353665254635
0.3447302756914199
0.7727213221712972
0.29017518073074056
0.7948795241370558
0.8213893758973447
0.5240623243019508
0.37126889015611775
0.8031024692986354
0.45382104916694865
0.5427774380185605
0.6679054079807283
0.7832589069518657
0.7260699589659363
0.6964148084384137
0.7012180829070727
0.6566479630018891
0.5600728380631438
0.6664885079749895
0.7971376611662494
0.22195401190490816
0.7390236177300303
0.8044138720303039
0.7789031881936131
0.6805296170877609
0.803728394753836
0.49353425572555953
0.7740591974517254
0.7622548840778074
0.7101202048562385
0.8005591493552516
0.8268179327272316
0.5083836236590122
0.720603028769002
0.7467882047220524
0.8023459171297691
0.6359393588204777
0.79218348646927
0.8393447775329929
0.7567049822822446
0.8164364653139405
0.8140484002795922
0.7466464737228492
0.6316091647231608
0.7337557806787812
0.5717430185416068
0.7135737030503826
0.6343466688135837
0.7329497925522155
0.4639684354644559
0.5473166340745665
0.8205789557497547
0.5507090425306069
0.7427041402904176
0.7528273987287354
0.7397620910754877
0.7960242097805934
0.5671348115138389
0.730629026312283
0.7973035580925755
0.6426968878845883
0.6882698061685087
0.8012130328490101
0.8379610614964749
0.736916461916462
0.5459577212006232
0.5938027587763732
0.5116278145570088
0.8210057312403783
0.7572407351612911
0.46160722085001504
0.736916461916462
0.6877925084747646
0.7815682683845451
0.6343047284387269
0.6981860171649427
0.7724238624704445
0.6985127108767454
0.7551662485289389
0.736819093516618
0.3199007566400735
0.7397886214737177
0.7409735311891716
0.7652819994641017
0.4913263218170449
0.7917302984775466
0.7502344216225338
0.5859806544881045
0.7495192406621457
0.8134922398284427
0.7346988563835759
0.8027034301097073
0.8518972486490918
0.7240284022024605
0.6770387723743285
0.6258969139784959
0.7036988725838388
0.7786812899288234
0.8295586427405595
0.7132500920143237
0.8045648784493639
0.6776764570326336
0.8265081397520625
0.803960120913919
0.5286517169277235
0.6606749073767426
0.4375082777173242
0.6217546182546753
0.6977604754105436
0.6963915594397717
0.8162661684305813
0.6253158186222157
0.7614645274200967
0.45565325633753107
0.7378651169441747
0.821803849931277
0.7712333113627013
0.6207527602869324
0.6310925286559292
0.8368590527830742
0.7233786726584575
0.7562310192907397
