0.19324107727156
0.5666695655540828
0.32145472706510475
0.19109359113954752
0.4427908534067738
0.30442108521064115
0.4663569708507701
0.3652519733976909
0.5792516622359535
0.27190185300038766
0.5843852489749651
0.2180910284815021
0.3668768944576659
0.4967698965987055
0.5764776453747106
0.47118313408643475
0.24941160884930763
0.382821958150351
0.2552097263824007
0.37622675210663614
0.37383451795245143
0.6457201552457686
0.3470504763060672
0.5933279955874401
0.5927560431678905
0.29857627229312667
0.610953714955066
0.632765744913579
0.5347739709768454
0.32707871136566496
0.557623601652834
0.45023124114985325
0.6446678338110042
0.5472384408784358
0.3824490947447703
0.6077462337365642
0.5467417176470437
0.5764733418022007
0.5335968254318931
0.3560325212754739
0.5335305403283696
0.5986148145780608
0.435058179405508
0.5453467090169702
0.5323447415370842
0.6688304991685565
0.5515124458103541
0.5310623295015798
0.6186314878841382
0.4382611301167846
0.433552167484871
0.5681907961201464
0.4347489813392623
0.4860116632725595
0.5686291736397444
0.5841655640616664
0.6033124580488827
0.5903878786205398
0.617044533769565
0.5636204850676609
0.6380729442578689
0.5870649724813213
0.5957095299189914
0.623082094918344
0.6295648142614018
0.37526421723014103
0.6350368852857607
0.37300683981563926
0.6923687578470573
0.7239133101714941
0.6241315646535005
0.6680472363627027
0.5333585015869023
0.6065742942774612
0.6900518491327652
0.6616832131067184
0.6719543771594352
0.5876859432598919
0.5937866483404521
0.4944999633602727
0.6654525296891822
0.7126431619752119
0.4731821175796824
0.5691600912490007
0.5867899946447211
0.7278629639123114
0.5742510833594041
0.6692996223230545
0.6977620087095749
0.6486794174061116
0.681621262944848
0.5540943160241142
0.5322226535259048
0.6718532471562352
0.6410851802539416
0.48700460230337655
0.6814472748277189
0.73818357777506
0.7063815145063219
0.7521955075332368
0.667837372628039
0.6737886673563424
0.4733372805610333
0.5676534884846794
0.6909139211882952
0.6352637569625872
0.6075875690863628
0.6284562692067884
0.6442470354597092
0.6586046003228924
0.6694921937611259
0.7592378097196919
0.7384441996801886
0.7120909131218903
0.44581316968211754
0.6620613106495408
0.636400640679318
0.41155879494396685
0.26273996322573895
0.3111036543516976
0.23883166102412406
0.18999802903755686
0.08081831032508219
0.06026525420323258
0.1876849805068112
0.20429732529050837
0.29314054225822395
0.09113519782510161
0.08398869078298075
0.134297061162425
0.1416997043888593
0.05466977308283726
0.44345189200753976
0.21990807313634794
0.4068010038358434
0.571625406289231
0.458631567232317
0.652172866518805
0.5728787506684505
0.7220738314393331
0.7828405309154656
0.6743791674678792
0.5702859206333009
0.605000759572226
0.7691807758869114
0.5637218044053738
0.71718876962012
0.6833323261475353
0.4807658029710363
0.843052621777112
0.5768547134188191
0.7789059071243636
0.6968570492528486
0.7428363717749297
0.5046531979102231
0.6426856886093969
0.7909666955129883
0.5192840977525083
0.5746746393857515
0.6274622967244619
0.4227738095723818
0.5569442390616841
0.46753885271360107
0.5227593162198932
0.5636260134846459
0.6290301905475395
0.4110423603828173
0.3598468073518516
0.3580140491525676
0.5030715890824538
0.5462678026160009
0.5189535203336326
0.47565089325082033
0.4345037501864646
0.24707338777731344
0.25297573089770786
0.4415059220598221
0.5471084321341935
0.5507017186980647
0.7366492765584053
0.7414532337014498
0.7286173496521131
0.7218084566833457
0.6908066257170988
0.5470300160077275
0.15993771983297686
0.6045534662943802
0.7540481891550901
0.6842544068743075
0.6768524150878578
0.2957194601790673
0.7096282652314397
0.8206151753081825
0.7259378180002871
0.5228534235861284
0.6340949424207067
0.7653723470867984
0.6499071569840956
0.6501332577575484
0.7655381547850196
0.7526262720329002
0.6665115194645063
0.6400012098599502
0.2686050571695855
0.5084140235367608
0.3686239278523679
0.6019951773520833
0.4525601255277333
0.3280885919527552
0.38817815960856855
0.37546645065973505
0.4935788399771885
0.46962422832183764
0.488003575294534
0.4952166990605722
0.5287292881159399
0.45741741601657354
0.5858266493462881
0.4996168855048161
0.5814973685304622
0.4865390124430118
0.7290043478561076
0.5330550569492262
0.47322932504488263
0.6712549642699799
0.7901755982429266
0.6731994359090484
0.23665242927395455
0.5853014717818623
0.6849812103748113
0.5851792371258281
0.6774359704796151
0.6429835544518703
0.6343467884799425
0.6081997431519715
0.711614477217157
0.6022387202625107
0.7094411818472491
0.6551673821749142
0.6365040163892455
0.6310664154876684
0.8064578756495127
0.5180130941450891
0.5862202544082689
0.7871020630222871
0.6532577704852561
0.7165356631067061
0.663646198558446
0.8323724007557395
0.6853477471574236
0.6632455055529483
0.6227989662207069
0.6997847650860275
0.722003094904963
0.6311175870599787
0.4347750204817413
0.6238811485858697
0.6406269911493176
0.7009569247841015
0.5934262886193297
0.6006144566372256
0.3641316566130018
0.3213412006048867
0.5778561460095945
0.45006653452388007
0.48026985853443205
0.6028449335267473
0.5581455353671627
0.6113571811708052
0.4088140794148116
0.7030359502348023
0.6833157133262001
0.5803532686614691
0.6265227414042706
0.7424382175566929
0.7834356311560966
0.6201846410950353
0.6347598984173914
0.6808123430604307
0.8078290719569197
0.6818204573317108
0.6675876138517581
0.6323042502959646
0.5900448482035577
0.6619456823917091
0.6757887346420683
0.7626754156167741
0.7159256108448967
0.7607238525006834
0.761373243038368
0.7876254241624734
0.7442037503516553
0.5425880261165853
0.6938709228410508
0.6833658748080108
0.6479605299485712
0.5900713390007419
0.5436239304411776
0.6442366779923961
0.5372118399835026
0.7199558027027798
0.8346100170191566
0.6254851013759467
0.7332679401986281
0.7257468469909228
0.7052403897412863
0.6565003235670643
0.7861260819419452
0.7239918377093163
0.7103130995122297
0.7695013893445817
0.7730450189738801
0.6653171812843461
0.6713677090135002
0.29471195053119503
0.6039795987042526
0.39734718601002345
0.09247606814787755
0.5377572497958805
0.44620306638097695
0.4731144759171759
0.4737725919964597
0.5852546802382637
0.5698610334532641
0.45640641356532013
0.4447714327065966
0.5415444223218311
0.5078408748473618
0.6276325784790028
0.455844072994677
0.5553980529901587
0.36769935314506474
0.6584548136540802
0.8125384461975659
0.7661130460735752
0.8030263056472944
0.6708462870065744
0.6682527878746164
0.60037311630455
0.7734324350181904
0.7749592749486376
0.6352876269728912
0.5981691036236496
0.6688472721524729
0.6082743660309768
0.5924086459612955
0.49140169887694074
0.7482435993298712
0.8254951335705882
0.720567149247125
0.727659651279097
0.4063106967594955
0.730718559345116
0.5946319352014002
0.5029485816491697
0.7209852546170565
0.6732759937119434
0.6638942688773608
0.7265904050367763
0.8373341156576951
0.7360803893957918
0.6889351347449458
0.6129792346301615
0.7169275897907049
0.7510831079313174
0.7663409429994956
0.4277431935563728
0.37970710258497214
0.15814139319997078
0.5224845919668578
0.5089258894662844
0.18427855835546303
0.06195740191310297
0.29170142014957057
0.5241917463685336
0.3598568775568922
0.2508369264371659
0.34904746958173716
0.2980881438409028
0.053047579221300045
0.11145045942143307
0.6099944416818484
0.3852262731249724
0.42914553004222017
0.5775100285002118
0.5836024670702684
0.6428052055680036
0.6676164555832248
0.7360478679830463
0.582190679774832
0.6231781599455217
0.7482082233573136
0.8050115824045152
0.8046678156704895
0.7742168923082725
0.7520668078502872
0.6838088867934491
0.6778127345292357
0.557569238793805
0.6468899169750055
0.5991580600765628
0.680510518930425
0.635758787247876
0.5718810580824395
0.7236794627618471
0.3612993169481442
0.4627207194469672
0.6730907461381537
0.8361735239131804
0.7495421662590944
0.7422351265910981
0.7399947491981943
0.8175954993719557
0.7044332628319636
0.8052037218071791
0.7324219111344722
0.6156694445894657
0.5174637103033258
0.46827417438436564
0.3498236126941816
0.39646380609762255
0.3879069748544768
0.5350314469315779
0.1698422181852299
0.6655027897415267
0.21997269353665908
0.20649108660053975
0.47528145813047884
0.6013928977737729
0.5517452903080826
0.5070181711846335
0.5313700179797775
0.31844540435059754
0.6559624341481463
0.57959713003188
0.7468739854237474
0.5727663257998823
0.6915861722069876
0.5424922602504464
0.7183901067333422
0.6368364370901187
0.6485302646883457
0.664323317509455
0.5930979388286901
0.7293796723627548
0.8775455047355849
0.6266713461345448
0.7910665517241968
0.7317035261990198
0.7282806264916524
0.608285392710042
0.5036949587261378
0.8014258197843263
0.5486345761061553
0.6286384848915879
0.19782647061358113
0.8029269447559902
0.7350580632234015
0.6805547156988011
0.7569227105448174
0.8481501905224615
0.5955447839953822
0.6575309830050078
0.718307614314948
0.326184478232819
0.7153297943709537
0.7545283342938712
0.5368887204016941
0.629723949791489
0.5752762162411424
0.38197189496260214
0.290852129508404
0.323163923567115
0.39238420815198977
0.4129690982709566
0.6230749363732564
0.19452853153238966
0.3576829762254514
0.1526518907724337
0.19589105312415403
0.49592125711904733
0.6168999750747655
0.5777530604493833
0.5217339612845987
0.40753306429962693
0.5349050475107725
0.4807181175813892
0.5578395741115623
0.29379971919435105
0.7741294223727345
0.631911910942889
0.5301919770042054
0.6674651611764335
0.7891873377590369
0.5790269957008433
0.29168304386839844
0.8043395550164619
0.7996301307690545
0.8211830276271749
0.826331300527288
0.4180414668263417
0.6601034532447916
0.5452334500506267
0.12567069261208014
0.6206000639169449
0.7383656286763208
0.6892582985656062
0.6604886483454646
0.6635322755782345
0.638641011705022
0.6586312120661768
0.6600011284207867
0.5927633745880855
0.7530777913629249
0.7159385372359417
0.7829947433433092
0.7940641846644658
0.4682300354818691
0.6430282195354552
0.7672150181134437
0.5772681443424262
0.399561500291124
0.5466002945241051
0.5386041065091515
0.5400786522973178
0.6022466211162176
0.6551120230155278
0.5731425395974875
0.535244715009129
0.6043065970800512
0.7368850479258071
0.691633461192388
0.6192654607502831
0.3729941328689923
0.5849716305187355
0.625560598413315
0.7030692893614489
0.7350891805001166
0.695178014920487
0.45982442117445105
0.6759022632462444
0.7924319766597765
0.6256179631980104
0.6749743085267085
0.7369853641210491
0.6836253762031711
0.6069080987334047
0.550924451451747
0.5781650376170904
0.5596941844530331
0.6522144525670995
0.68435158466141
0.658447572212437
0.6807528128507527
0.8159267873348987
0.6873607071609701
0.8691844523696501
0.6882618314205131
0.84298419438603
0.6674552660340721
0.39977758177334366
0.7449850023012893
0.7493240137884039
0.7485658860471318
0.7322397242528449
0.49795691922838137
0.34043499249722836
0.673642269680748
0.6348603692771766
0.7082348239238959
0.5954207030384506
0.7032806319273947
0.77065559278144
0.7215083009408905
0.6765035230532588
0.7340146040840005
0.7687859026344301
0.3522931665183026
0.5213573480498439
0.7786831609123037
0.6921225226266544
0.7052981938307832
0.6150056516973637
0.663674809063728
0.6102835318364085
0.42273933236591615
0.3824195656716525
0.32823996846248354
0.6144488214539253
0.6597942935690712
0.6010165873575766
0.5542176148795679
0.6359782826456103
0.14890742734844983
0.4966195533221718
0.6942291094991522
0.6178723995559021
0.6404089227933636
0.49293525667117744
0.6807111624084067
0.708842217219638
0.419278266160622
0.5519008566323259
0.7026675712903055
0.7383600587916423
0.7773649863162643
0.6571383773145588
0.6894487121905396
0.6347736132538716
0.5623648159878154
0.5054812287970816
0.6374458509774922
0.7147129772988241
0.5973254593910837
0.3232184580830852
0.5782706018048718
0.7002656246373086
0.486397205489615
0.6248773536352857
0.5235780908147645
0.8062316562218313
0.6463951772092481
0.4647381917991988
0.7224382175440502
0.8201560698590559
0.8242155187660296
0.8188807309966374
0.7597526407935539
0.6394449387044977
0.7320453006147517
0.5686438734149623
0.5740997932102281
0.8294381795494621
0.7425200868445515
0.6089793913682269
0.5449706347820453
0.4069471788010726
0.8424553708381043
0.6443533510857331
0.45547220607531647
0.7459773728597683
0.36091944186010494
0.5707954107433867
0.6702478827515505
0.557095614958004
0.6267517416445686
0.5498243170141701
0.5548735412122676
0.5680738473315419
0.23251981731805557
0.7379286437469424
0.5159317620343903
0.5114284867172841
0.7628796261472297
0.7144503172411723
0.27845552847714033
0.5385806022562625
0.4121441552458951
0.7242164716639666
0.7414393731138742
0.7215609233222847
0.7418814222896057
0.7882099226904943
0.7124591645806518
0.844260076776967
0.8284748366062421
0.7245273300387179
0.673424387692582
0.7784062613311099
0.7755998876513465
0.3594620637451154
0.6788598358429461
0.8685594965277229
0.7786352565961611
0.7438446907329493
0.7513666788661161
0.6831579711098122
0.7786487057952018
0.7864017679866885
0.804063621051388
0.8012634339029193
0.7841913894897294
0.6501136448260654
0.8013176026797517
0.7666646855494892
0.7499764044118358
0.6988485299969173
0.6852067795046827
0.6379461851007509
0.7751407505845499
0.8514294427066622
0.7282486814339929
0.757948159830756
0.6306727033663792
0.6537913564340451
0.7173426083962973
0.7563917659498045
0.7559136665728512
0.7461320829251403
0.790792442915993
0.73112293879991
0.7005533864340688
0.6599745185217027
0.7473138136404682
0.7976884168138422
0.8218574082719027
0.7418520495407427
0.6148470463794553
0.7477736979689591
0.734660473505335
0.805922831810588
0.7925898621303843
0.6476241149718389
0.4851049190230028
0.5363404417702546
0.3027562154322639
0.4018378745390595
0.4737040647531614
0.28366863434953177
0.4965488283489229
0.5675154320174315
0.49700151483815125
0.33363289578364436
0.33632139297957664
0.45651632742602977
0.5786217435422509
0.45437639040207783
0.5702687994514747
0.5370801136290786
0.5614713059844583
0.5533370110420904
0.5247591107312988
0.5323400639098742
0.5252587322051303
0.7856627455410933
0.7239547706078732
0.6872924950962025
0.7885946762146213
0.7410902411007424
0.504953339224044
0.7128109963809061
0.8101922074934045
0.6470421078334678
0.7364785877753647
0.7899496797040821
0.7413000319731027
0.7293834834623667
0.7491556010280758
0.8142122183897853
0.7131638380985146
0.7799464759194358
0.7671391331118294
0.7474754484411592
0.7969940660406302
0.6446814506619499
0.5671678706905576
0.4293256555334581
0.5986145055610541
0.5644693792959371
0.6238767962552655
0.7251806488761363
0.49275854239647043
0.5638486619006543
0.33079614232744
0.27264510859040064
0.23475666533748643
0.26137326843163633
0.47462138365855916
0.561264672644909
0.7367544309596186
0.7165529260804806
0.532068174098763
0.5601996649378208
0.5812866616559845
0.6296839031645459
0.39550397668438303
0.26981992577828984
0.8237896382382996
0.5077968958890582
0.8003747914962561
0.7742991875866209
0.602745671660923
0.3041823244317055
0.7501359830573192
0.692624706578013
0.30056705728569005
0.7145399150011592
0.7187238161201157
0.5930780749441622
0.49561424439783075
0.6341514558610731
0.7322648766722739
0.5635758499868337
0.7536727204338406
0.7586094254116343
0.7324175012100107
0.7045041991476836
0.6095168627764387
0.4462903068399824
0.36402831898042787
0.48268713502747346
0.5949384373761255
0.7315058331713186
0.7588546701100833
0.40742707704363157
0.4204962504824389
0.5133587215584938
0.5196613688649172
0.5765115534580757
0.6889787478769733
0.569025845057824
0.4845065831720291
0.45535940307710354
0.3405285675859552
0.5599219981250994
0.5738221867936604
0.48128195491201553
0.34056252365195083
0.770241875806135
0.6721090957778286
0.6201623398370544
0.3139884429179278
0.5013109850094336
0.6648222684639608
0.5375543280400147
0.4404286229686815
0.5028641242054281
0.5974939536776858
0.5771683626384845
0.720461458892774
0.8508561164845747
0.325656752752621
0.739445424564325
0.6365232457275435
0.6361079042546782
0.6823280163238904
0.6931122988631893
0.6254802622390232
0.5577089838173769
0.38058807399327144
0.5606077995396532
0.48794927385276216
0.4473450596970791
0.7513719059069665
0.7831919854544487
0.8300184222630468
0.8065311997665421
0.7371264642636599
0.7230102385661392
0.5723115306774476
0.5708367383135079
0.4813288233106349
0.6428509087799139
0.5062009546361272
0.602420792901663
0.5119744627229582
0.6238337629045979
0.5356689288103134
0.4227727283959157
0.5065073206231752
0.6941577558818279
0.649101626714452
0.5185791961559576
0.5987890653195274
0.6141585169116357
0.30663674530957574
0.5341516982329509
0.7464935956924424
0.6980896913560578
0.7018762146069614
0.698431923863106
0.7077888344781853
0.543743578961939
0.39441657845375
0.46102431424358764
0.5024838981173854
0.2872273419572112
0.671601245163034
0.4558054743250892
0.19744461350289264
0.5994768429080896
0.6966124799047582
0.7863951757006618
0.7897616644850189
0.7712474012655584
0.6732542254949994
0.7812007502892739
0.7924836859642004
0.7740235076160801
0.7206321893200318
0.7530174560891731
0.7506330799583489
0.619395156280803
0.4507312033772804
0.42179962123395426
0.25216915043900523
0.5781694945603413
0.6280170378710414
0.6099267627568666
0.6863385653406832
0.5978465950252112
0.7013637979426064
0.7795290301773875
0.7328326348932481
0.7172598630876716
0.5609786086771283
0.6317368889275828
0.7235851882121483
0.4319435002022633
0.7214745780709662
0.648135973518839
0.3250416124000899
0.5129963620545286
0.7556072339668904
0.6647479544311017
0.4753300432231861
0.549494853539127
0.4455049162410283
0.2469032710293029
0.6014997619833803
0.5115682821106308
0.5724639846617354
0.45850922767220426
0.40636389729744776
0.6580474480641549
0.5712860233533963
0.6071197185436191
0.5648314685784164
0.6456467785239174
0.74791886548012
0.8061675492807754
0.737153719950363
0.6373698020231156
0.32262959109257605
0.2520549053212773
0.3204874316989884
0.2384636608852845
0.6795021439783063
0.4483718914685773
0.7477751723309909
0.5547761107026242
0.6898598352980276
0.2964939692485726
0.5226567446572958
0.6269691954090765
0.6142797103347489
0.4504770706063637
0.3109874181655902
0.551134529806679
0.7934469365308394
0.589920640070906
0.12800230132209398
0.18813601220221202
0.1437945651350662
0.7076179024383378
0.7930013084716109
0.5728024869292252
0.626212231392253
0.6375253445856472
0.8039734634731885
0.6042204471538871
0.7834908746244029
0.44133563142524596
0.6863673601807434
0.4180316897122152
0.3559815067699222
0.5019110260989084
0.4714590693639309
0.45268897880035186
0.7083900106314939
0.5363208834985626
0.20613537651074032
0.23094234764465565
0.33059861071735547
0.5950814791099469
0.6220361610971935
0.6576296626650207
0.6360945778707818
0.6491787804155877
0.5958119013974134
0.480276370680868
0.6337461116250717
0.6100666170983903
0.4373741268164016
0.7282575319212673
0.7240232037012372
0.5842286804720062
0.6341588322263041
0.6099148441535247
0.32747059380717664
0.8515023712838001
0.6298153972910923
0.5286406748947351
0.6916798648950365
0.7213863452944079
0.7353716161146834
0.6460649712108999
0.5961380121773202
0.6782369908818257
0.6439966807493153
0.7836268122710792
0.7537479664946592
0.6248450789816209
0.5782722349231674
0.6255519002223009
0.826900797675409
0.7322495709324518
0.6961241774570333
0.8260211116545421
0.7625118981713369
0.7920992202020352
0.745852003870219
0.7461334936598925
0.6708074207749832
0.6161710037894736
0.5978091467270841
0.5902895677682983
0.6357632690267198
0.5862224501700107
0.5237251137064307
0.49511609954402247
0.524250401822911
0.17847119480262105
0.6597082579998316
0.6060501290955844
0.6700830615262697
0.4652208931477755
0.6440769024495913
0.6795529845004302
0.6841873042017754
0.46964126779783577
0.6192349650970028
0.8105355187944441
0.5870787588542952
0.7562280314478318
0.39222705393203516
0.19616459739569617
0.4547499228695775
0.6499448940811018
0.49390825060574384
0.35871798797063226
0.3014847538981489
0.7301349990065239
0.34011148530213164
0.7374530266235823
0.5861858753693169
0.6233839466003098
0.5477116753547405
0.5735808882712696
0.7072937783150405
0.7112276596261583
0.6907085244597663
0.6469680991523546
0.7401971388253885
0.710531718789036
0.8348102487037653
0.7332081473423605
0.6570615832596656
0.7353533893852807
0.8027165522974624
0.7382168756919989
0.680694273152193
0.8172223846726974
0.800857164118629
0.675731785101766
0.6067710310854113
0.6287941816199765
0.3932437906285391
0.6366559291228813
0.6726937875970259
0.5587423624350929
0.6561771266409933
0.6920810600370101
0.38243252669821426
0.015889988712924838
0.036473978910077184
0.49795127631484326
0.3973542868586414
0.6068480879015399
0.6868442123164131
0.5779166018666936
0.6089223399933579
0.5191791208108149
0.38879180711002653
0.5846585192887763
0.7391581408352021
0.7616436525600929
0.6986072530339434
0.45804064676089884
0.5730923418088504
0.7385332410456356
0.7288726149602155
0.7731859053857548
0.6957748053975089
0.6784777596253312
0.30965922135991697
0.7065336017872018
0.6920694500318743
0.5654068087745597
0.6869145745373066
0.6312602114180588
0.8299045455042438
0.7034328188790221
0.7097572624544186
0.7215499137527854
0.6465061562227078
0.6646809394325708
0.40686651629346016
0.5987832449852664
0.5125082595687808
0.755333737256455
0.8198743726110566
0.736758253985508
0.6715248725392499
0.7882283260445031
0.8008143266945406
0.46412040249350595
0.6979058117148946
0.646737886622151
0.4272407157226788
0.5397825684931621
0.6759820492180586
0.553635011930153
0.5293453361706334
0.7179008911944532
0.6065407425767149
0.5560828015183397
0.4815709580700302
0.47461701678844137
0.5778636529104566
0.5343960469236613
0.41374357368116366
0.6623788195828132
0.6915328340361068
0.8102345214016998
0.750607547582036
0.751066127997628
0.7521062222673042
0.5505879796367115
0.37722453051007115
0.3380611961692301
0.5636494004842836
0.6734250051618195
0.603457612231794
0.6560674535041909
0.1832982628984103
0.7031150454395765
0.5342600746582263
0.7427399503337666
0.6693369597125848
0.38591962033262783
0.6404705830215639
0.6446785237972851
0.5935098257735153
0.6334902070362263
0.730501030897338
0.6202433831450525
0.7974918349534303
0.7741447721432719
0.8078012886959395
0.8123852844589099
0.5937003832444038
0.757431651496992
0.6676707657409297
0.6910806660096334
0.6359545214110096
0.6618210203544527
0.6904313553467977
0.5144499225954591
0.6469947973479855
0.5700239035119685
0.6229601175140498
0.7761112671727536
0.6897004585837974
0.7272465831159799
0.3873005281544891
0.7502920388618013
0.39761193416232643
0.7536693552995107
0.6942719925209745
0.6317137753021098
0.5969581912749828
0.5452909818089592
0.6211602300296142
0.5666930808923586
0.606141127592386
0.6552013515170304
0.5625459501003085
0.4403913448826043
0.44423916446310485
0.4524485756154054
0.6560003230902443
0.7296422422019455
0.6595598318762452
0.6484743459505169
0.8454211890867246
0.7439141833618068
0.770175993207741
0.6314981420292896
0.7544657650495731
0.7180787945874185
0.7463496118761355
0.7153878736464492
0.8212139233511102
0.49130010815407693
0.808358529355327
0.7350075023407672
0.6521365185606801
0.7717641364775867
0.3796479484387138
0.5234987871874701
0.7474440129096891
0.5878338168436649
0.7202437445590409
0.706331117371183
0.5528144741550665
0.5281807268217389
0.5983608032058387
0.7419507489289164
0.7445164964841144
0.8190043420573615
0.8573074909035695
0.6314618216283772
0.7847010219856969
0.8145576279254665
0.8200634805563635
0.7897797376402734
0.7149933294371533
0.7156786372975451
0.5607368710899734
0.6391251885586903
0.5394348516489315
0.5151288628923484
0.6365369724214799
0.7246067141223635
0.6274045348569368
0.754894178127361
0.7562463427231759
0.7053782056459436
0.833104305074974
0.8185245707308887
0.8463943620578269
0.8562226674938708
0.8221959440928265
0.5622981827170898
0.7340485068218285
0.739367281358124
0.5681582323192556
0.6633254837169154
0.7322307683694183
0.8553904141718425
0.7276167137068466
0.6997477588308366
0.770151752475939
0.6995829799228978
0.7821709312044013
0.7521184643255718
0.8063699178444383
0.749406659158436
0.789091746689342
0.81308262513133
0.7632576305548814
0.7465098511858863
0.8099261761061869
0.7126175308753124
0.7952966760519569
0.6270360572693687
0.787571949307274
0.7817622358199001
0.8335124900762105
0.7362154529106388
0.7179861759256234
0.6738561930730915
0.48843850159584884
0.6471026583249361
0.8301886014020848
0.8154294099707511
0.7460615519237892
0.7859905854910885
0.7764453781275761
0.8475267457262277
0.7381418193720104
0.7008142411905
0.6336547601471175
0.6658033518125908
0.7825723138239914
0.7779368854394731
0.8052485398994513
0.6919918249337287
0.2615739755601893
0.7145443894773678
0.7136561809390046
0.6713093474932752
0.7826357814941695
0.8374953487043435
0.7850071200675258
0.8067232010364154
0.7494188475405386
0.7779010374064684
0.6878690922678679
0.7863026753240311
0.8090092313013578
0.8594067118655514
0.7912111096391896
0.801928664425461
0.8185644338454433
0.5159793619114292
0.7961321976381615
0.7464627591988036
0.5689342738517376
0.4963817343993416
0.365955189128872
0.14084126634903615
0.08127006348212096
0.12246653647417757
0.06691813148143752
0.0950702563614146
0.1602553790174354
0.20507679785908425
0.16649434305682942
0.194061705137031
0.11506084516499877
0.12938723250712164
0.1460705780949053
0.24098580254285626
0.2507974252231857
0.4211374499908411
0.4956202957564851
0.5861160878844588
0.5377212432002245
0.7966440256997742
0.8301617213170619
0.6185238961187552
0.6773823093218858
0.7191870158054128
0.5999376208373287
0.7365350250621161
0.7973788041040971
0.7714666528600904
0.7791962460059777
0.6900659539388531
0.6748908849086813
0.6818296163103028
0.737933275855045
0.7220092964876277
0.7725729839799764
0.8268413131938221
0.8662359879387109
0.8546965301456046
0.6200268012454432
0.7423959068252856
0.6064125517753359
0.511655291094515
0.29009168431060106
0.33993549441480636
0.27790884179474135
0.4043355606819795
0.08718480730975348
0.04558800212087146
0.05646909646723815
0.19594228980860198
0.2774446923058474
0.23502057315671446
0.07992630111118179
0.2821647277014259
0.07976425481477499
0.13134587509573015
0.42683308080867577
0.26530444054647345
0.36386433958368114
0.4812051903344453
0.4830009168377111
0.7351637024128783
0.7772143870244215
0.7262025815328552
0.6342461932877623
0.5431763711267866
0.7436110439770709
0.3786689021070548
0.742639529704753
0.6395421340134402
0.7079310685407227
0.7481978588797183
0.7495673827468883
0.67573631604751
0.7183578041840231
0.8154609250527912
0.7820095772430696
0.7834605347474353
0.7728659968098629
0.7632407958163033
0.7525508289800811
0.7242608288411776
0.6439709879589616
0.2500350464967336
0.4423402633246799
0.3389301363241008
0.29056105175806823
0.25852081154717355
0.1828055771631597
0.18400645340976218
0.2837127190559858
0.33231699861619113
0.3184981282112732
0.3236904851898503
0.07983672513356023
0.24334670104017417
0.14451309648156008
0.4132306220609819
0.4023338197477691
0.38888910285911854
0.392952109273885
0.6402192341020481
0.6882109516668002
0.665892881638058
0.6026152091906656
0.6131048146638264
0.7355983252376135
0.6483729163520456
0.825246188131088
0.7222918085903861
0.7382472901694066
0.8113493470239084
0.8394648406283198
0.7040234247287274
0.7292855144519999
0.8406798191503064
0.5683777602604712
0.7244491693443669
0.8073196636360958
0.7826166689838672
0.7580211215874008
0.7128266921615879
0.5914369729865058
0.6586227127835869
0.7509541962653999
0.7418471245880205
0.523597509464008
0.5032333234977842
0.5037079420630419
0.6036631940479311
0.8487213267240091
0.8461013339062654
0.7528501344092672
0.8037234606348755
0.795737890078069
0.6716677863918191
0.6081925351947196
0.4935656527646335
0.5885805637310508
0.3017403421089256
0.30037546132723686
0.4983560051461122
0.20101119909367615
0.5689989771280733
0.3565609748174287
0.3943233536230259
0.5476946156037811
0.21295613860552962
0.6067722757025331
0.6575405008836153
0.5352644439278461
0.5620183446048546
0.5630873460912932
0.7530434830369644
0.8222755116725948
0.6885025569572842
0.6564619974541614
0.7338277889492966
0.5948383366599965
0.39005175732779235
0.6594211345227359
0.759970791003943
0.7302357083222583
0.6414778141681264
0.6333717252240023
0.7116496803490101
0.5493039855113473
0.5135546366014324
0.8750714921252577
0.7448754526129493
0.7844330159293181
0.7473340078746556
0.4563767987966183
0.30735043537216084
0.6127791529537087
0.4283398480634012
0.834051107677309
0.3815437801894386
0.7470264461519135
0.6332961080042927
0.6550073967509091
0.6178278466252205
0.6291894937542365
0.7908613208571218
0.48352866702113617
0.8405212220331099
0.837844792596415
0.5613144135296189
0.7435342588941722
0.7270993049618782
0.7349401462055358
0.7943687682253925
0.813780848260589
0.7881374785224204
0.8058069829611366
0.7240400725560266
0.5741462222065241
0.5794341250309669
0.5888910130239281
0.5562665202224114
0.5311409179357102
0.17207066411115624
0.42348288805793965
0.666606813663825
0.09096206604284011
0.11811788922573989
0.42640561545837335
0.1372454989208413
0.27656663858797365
0.639048420364546
0.6058369733132888
0.5212494789421501
0.6676357632570167
0.5933183331375562
0.6339391479730834
0.76134671902056
0.8363362992518545
0.7617163805484854
0.7391244804241456
0.5986146777387189
0.20260718938597358
0.7712145300807641
0.8624696817652214
0.8574932672301534
0.6272534127504454
0.8215103262787424
0.8070928362281536
0.6243345516102914
0.7377252894184706
0.6888689511846994
0.6895828115238041
0.7544715248358763
0.7983410357872751
0.6766397649994521
0.5517166772337206
0.4078197086636532
0.6142933285117879
0.6685765127968749
0.6461248377620258
0.65985857027006
0.8147227038050818
0.818693916315703
0.753357807726111
0.830022803670841
0.7216465088540442
0.769728302232243
0.8140023159766201
0.7211026529380257
0.6001968259417224
0.47269711945918685
0.3786209236114684
0.32122019087198944
0.560126582022629
0.4316993989607104
0.427499768466988
0.659363377824534
0.5209561788561521
0.48864337809739267
0.17760202843029174
0.10822277677537864
0.57393399378751
0.6239004998611759
0.6820961548024153
0.4092825894646361
0.47310597835221174
0.3896582920365939
0.4806427726934615
0.6500838719961171
0.7247628269699211
0.8069867244229577
0.7821369318667757
0.727479706413479
0.5845208362526462
0.6570193330729662
0.7463502783977957
0.6708046729109085
0.5941676153276352
0.7817289379630684
0.807066076705252
0.6511419497081589
0.6668011794910305
0.4328725587886055
0.5773432809953342
0.46760522578185587
0.6387148500674494
0.6433391354424365
0.43946135778062406
0.7064030770362482
0.6489507417304781
0.6501977313710483
0.6042017582491586
0.7745679951519837
0.6546230639490963
0.8306867099730494
0.7619732118945298
0.8294544875194083
0.8062654945107305
0.807274071401124
0.7393085785473772
0.6557117074539143
0.5071385610230377
0.41861090665999134
0.19570360044640658
0.3462521049378536
0.3506409784294871
0.07532650187980038
0.6638930839191092
0.5242978790205243
0.5276550522723156
0.6377817296545358
0.5212184808966412
0.20201956549014904
0.3863899702288169
0.37822956916970585
0.7091133063000399
0.44357710457017413
0.6739972160664695
0.7537719477160705
0.7935496781397565
0.7966125319426132
0.7883045839708493
0.7267734986071227
0.7668437097170063
0.7772945665977653
0.7136762066708287
0.8671459005059997
0.7691264805855563
0.10022728251167344
0.7515388536738041
0.680120774464098
0.8016930366886125
0.8203411740789622
0.7334364039086645
0.6133391517468028
0.4683146530501208
0.7073954728263103
0.7059684068823442
0.7423866519267409
0.6895282619193278
0.785769763750326
0.7328621086366748
0.7055223053096031
0.8167081071189964
0.691610547233884
0.7663289551998047
0.7724729761746039
0.6871705798793173
0.7565709830702623
0.8323675653458938
0.8108184853102344
0.6572386059063733
0.6044749139450752
0.5437170240575341
0.5732605121316839
0.12243665058443472
0.19802110175974783
0.4058610986002917
0.7746218169668053
0.5782260516068732
0.4293249913677835
0.36885504561097965
0.18506026165563796
0.603377495343235
0.5859265631147703
0.7190257609879721
0.5309628399590833
0.527880759530929
0.5034055771115845
0.4562784295674684
0.361016469450744
0.5462399076732825
0.7417054792682789
0.7168692645641812
0.7690682903152021
0.7176783831630549
0.7536898438913737
0.3882187027021367
0.5662169325258505
0.5393386557866529
0.6178281826174791
0.5781328206594718
0.806945403152813
0.6026767616712266
0.40823517202304416
0.8345836042733081
0.4728767775867684
0.7249844215390527
0.8255807451721608
0.6569168546318866
0.641604617341369
0.8906554114347319
0.7528636809646124
0.7399441879560961
0.49630121674095173
0.6042606899912311
0.7013360694962416
0.8330377142598101
0.8043539870710678
0.681631475650867
0.6120823554971897
0.7408750278497251
0.7021175117391671
0.5727799051593451
0.5000751345366756
0.4091647982953253
0.39210506880817286
0.5515329118669202
0.5299926448415548
0.3550888209758303
0.5912999615521346
0.46691117682295846
0.6998169415374389
0.6307527849290078
0.5082931511279187
0.5154060770220368
0.34602322066566266
0.48161778099936847
0.5686615792838633
0.4080415802471958
0.6262420307886833
0.6749744844473341
0.7756768866984323
0.6666442613553367
0.6539852317561469
0.6466208375421849
0.739411193873318
0.724019048685499
0.6815053608973165
0.657134269120939
0.6206077738515904
0.572583689305512
0.6578617597025604
0.8184602864615477
0.7672560572735189
0.860005815739539
0.7881552474531547
0.65742754001413
0.35628435038059714
0.5585472015362555
0.6285394711033381
0.47409041044912503
0.5067492503168103
0.731327139615934
0.7407066333282603
0.8136224697384002
0.8216768600444386
0.8317561413262616
0.7367995931162522
0.7951787981342889
0.6515974106157301
0.47968280776007227
0.7383085472200928
0.6837435710192049
0.2550436291735369
0.6177315404812568
0.47691185021211013
0.6286693934660623
0.6642314074152886
0.6068813724283568
0.7620326817680598
0.8560895743131353
0.7695892457956723
0.631304559030084
0.8314054612050712
0.7131744392446018
0.7087054714781164
0.5919251962516895
0.5416382566079737
0.5228194836942816
0.4658474815648295
0.6745327747789149
0.43751266715553294
0.7288414999759651
0.5665424008050416
0.4179320157817002
0.2650907342554341
0.33985868262340474
0.3918583871216012
0.33433801324232065
0.29362982269298316
0.552150439174266
0.4795529846377051
0.44387426797720886
0.7397086505163203
0.7693292298662706
0.7501461702923686
0.7795991913019913
0.581063039639067
0.5059736710934539
0.7615811983708238
0.7249587926736251
0.8194562479473754
0.696654509972347
0.5081970883659811
0.20563511515161503
0.43875716911999524
0.25164478033223353
0.5983819113802076
0.6068867250137897
0.7599699617753473
0.47398564208773986
0.7302351130405635
0.5751059502094096
0.5995706945573898
0.6390334272852433
0.843530745424436
0.760002562684282
0.7561126802585098
0.5552743660357823
0.7825067593592423
0.838986933548337
0.7023973348828713
0.7996449771444086
0.7016096434899208
0.6148254005205886
0.5643299380014848
0.7349057870034825
0.7030397729498523
0.752480797488416
0.7999561071888036
0.6954615062666023
0.6315770376333848
0.6905197451848137
0.6219400555204231
0.7192383347135736
0.8240309907693916
0.7315054726756403
0.7026196850524297
0.5574609691550658
0.7992555143731718
0.7914643749465179
0.6754427534603681
0.7351033624842102
0.5932246384412398
0.7078150859303417
0.747688791128612
0.7116202336710923
0.7358691411588225
0.7365329257946507
0.6985379996412
0.2322474559425982
0.643885609116974
0.8222521550150668
0.80284960857985
0.7851882055345802
0.870508043129736
0.8221835062977675
0.8036841655905882
0.752341106352381
0.7464137929103509
0.6377523929615527
0.4768248735093015
0.40403141340985466
0.25809141182133977
0.6027010502580599
0.7028541343301988
0.645723654968817
0.4161460822557677
0.5357943442145627
0.6921824540065126
0.8063196196300395
0.8245452748039855
0.7968232700276313
0.7764154566799399
0.7421727768900196
0.8498344466037121
0.8420055415813026
0.5097426946624515
0.6650257829610732
0.77921056864305
0.6647425024242356
0.6875959478713964
0.6102217556278721
0.6996237674397843
0.6438575028431036
0.5550449002179397
0.4854886827746002
0.7720060542619273
0.8388752423966918
0.8512394250804117
0.8445086916263566
0.8468833083834785
0.8092844595479888
0.7795737596404121
0.6982881367674981
0.7959918972412652
0.7845636601646373
0.516804609569943
0.7370813453825704
0.5474175162455536
0.8013118602054122
0.7511864023608797
0.7401048496881047
0.7899374486810937
0.7786127402672476
0.5276109094552143
0.5188436751343848
0.43551448075909716
0.6165286452818607
0.5523240255071257
0.5770464194354877
0.5719590189521302
0.3061687085849736
0.3866244642615029
0.2115920040704214
0.09850276256020829
0.32041200094183614
0.5459646766073056
0.743622558363508
0.6136845113730999
0.5911853513239096
0.4779463389268686
0.23284320662777502
0.4985401211721149
0.6542215123467398
0.6815074704187575
0.7880099208988735
0.6757635854591966
0.7332587453438272
0.6773577773132967
0.7864938027371453
0.4259920092441129
0.5296988934947893
0.7003112173915264
0.7714611303798897
0.6776838480422788
0.6706898868826354
0.4754522138415036
0.6171531327430997
0.7365155384635852
0.754884505407442
0.7935134263912609
0.743610509126614
0.7996492223657933
0.8312859052915376
0.7794336392993835
0.6962563483580917
0.6796787916459591
0.5124029189017963
0.6689414345470155
0.6539828938725478
0.5211297518404074
0.6486332204394742
0.38526942444641876
0.5183077590578496
0.4959732536863391
0.5188846374221319
0.4686371174120697
0.3852125482928331
0.11718475813269479
0.6494636785436864
0.7355811293915945
0.6534494850088527
0.6543178463669379
0.5839060473941593
0.48916365756322433
0.48094019273807104
0.6568992830165341
0.684958191995631
0.7618493081629516
0.8131940701933361
0.7117525677408751
0.725148995659942
0.6597994641168561
0.37121508153477345
0.45969722157691867
0.7318024517515788
0.6224615034348081
0.5236607317151962
0.6061048870015701
0.6926236768552075
0.7644076561562754
0.6948479876272909
0.8399934825817124
0.7613770523767189
0.7973077688715349
0.8212524405552551
0.7963193376840291
0.718569621773821
0.6515206984876418
0.5451716495496425
0.4223557956240097
0.5264173228081195
0.6003444618403958
0.588520817653256
0.711221720219473
0.6233368502908258
0.46902558651104476
0.48502099022268425
