0.15133903243448082
0.4214703078098646
0.3547972368694224
0.06082953374802443
0.19137327351864467
0.23587932516745216
0.0992878770029426
0.27584146576753643
0.23280870098655143
0.2519341773794374
0.23640423195950222
0.19097122625243076
0.41960381183124956
0.2642476387324535
0.34111681460933996
0.22085725855032756
0.18298920134562655
0.38337073118000325
0.05640626338654665
0.04385301702239575
0.19255501987151824
0.1715767578884789
0.08461690497393771
0.11445701657451962
0.06930790973499057
0.2252728293882368
0.3534582411336828
0.29886781289571734
0.5440967966097314
0.5468373882720923
0.34581038640811473
0.2583526772013899
0.2643620377687565
0.2361639673426284
0.27640980233979723
0.4673467029980746
0.06051309163108718
0.10348049893365242
0.09326660669075951
0.4579968853379428
0.32303001442083146
0.16894328463236102
0.07501961240714385
0.2672734777066127
0.13142131475567692
0.19103194110116578
0.5790828092400588
0.6165777136469893
0.22790540605129098
0.5607626236491383
0.36061298275797216
0.44598380561330414
0.1863535227819476
0.05966648749849934
0.24117745284288802
0.3068844047818652
0.35695863177430603
0.38105091537001384
0.46240857098299537
0.5636554668098006
0.3103204996277063
0.13120575465190953
0.13739609840421885
0.10295648917071654
0.3309480960107479
0.5423196191277081
0.3252625739199754
0.4055749783654352
0.18471826773107566
0.44424397457368625
0.5618690535167186
0.4560491918185183
0.3680829872418341
0.38227415110237056
0.24517986315482637
0.4617945557233728
0.27579460807209427
0.6242587920055392
0.4078724188437301
0.44685941637349486
0.32975632737137994
0.25233911717929647
0.2657196844393946
0.4811714787332235
0.5219301812639516
0.1542654567588802
0.4498491186799629
0.5229324842392934
0.38167851473406755
0.13547971033013945
0.4445468750874152
0.37312465936932326
0.2799005957619046
0.1659344520887493
0.5772720542634258
0.5941438632174622
0.6267629945194922
0.37936955529115424
0.46173162783666244
0.13299236101858386
0.36341185758458977
0.484712055277617
0.27216049090967764
0.26959769850791265
0.567307255436827
0.5523998815064312
0.38256566973140865
0.302313962567847
0.5302867701815532
0.23046917060211686
0.5732431316267101
0.1319951397835872
0.6191246445538566
0.311289199756875
0.2725982125040481
0.3535510626581121
0.2047849683652234
0.16320446991812707
0.05098973108362638
0.28532531980307196
0.3247814390126164
0.5648215162870301
0.4786842860645252
0.6125024771431121
0.550573823001624
0.5566484212988378
0.6453252038051147
0.37869792265634156
0.42682044637739347
0.2017315166122639
0.4093052868781772
0.2894821171216111
0.3951654646863125
0.38219674577390783
0.44032423967866563
0.38350187439970085
0.3729810385694992
0.47859092637355166
0.38265980818019785
0.3149422596005849
0.20128794447054146
0.437318264383391
0.4988436009668959
0.5116858769386188
0.41748402561482206
0.5971304001486683
0.303573567773503
0.4423593900022578
0.39173801390070795
0.5992422358519314
0.20951769211863408
0.5385222912033746
0.41226079138666605
0.5093016724955193
0.7066833540539448
0.5946080038975712
0.5920353650156815
0.3118366329560878
0.4732718277668381
0.32309809729434696
0.4671936034961608
0.42221306249113155
0.47208592190679805
0.5518782793014378
0.5395142704085726
0.4654770206291687
0.5563569566634778
0.40299770129912443
0.5180390950150878
0.48213234335691646
0.40432532892985107
0.3885429260521152
0.24304602063134997
0.3753703110429719
0.39593293666540097
0.35535930214202716
0.6010536476350287
0.5634010251503802
0.42344132837190207
0.22918929280113898
0.4229494140720963
0.2528270386542451
0.540912756349994
0.5131675987249218
0.36080552623406015
0.4188961710486221
0.36940127616808693
0.569512527646396
0.49936475891013565
0.3290730840470903
0.3540158562346838
0.2738183139698006
0.27767210242750484
0.49620040066117865
0.518178444634663
0.4993129699698139
0.463747263977396
0.40731581560816443
0.3011373760908934
0.44297553610791224
0.5515632420318809
0.7033473834383293
0.5782358358875108
0.42667827334458613
0.5310456112884505
0.2246784072954917
0.4667982912460515
0.49525026405373057
0.37744228509086747
0.3971437676959223
0.6990654381823791
0.5863866777373632
0.34200428455758747
0.28662746244148923
0.5758764574512767
0.5368266702379667
0.42547895576143574
0.618733736866946
0.4405169089057333
0.5087682961123307
0.4238246545155516
0.5826517056022401
0.35767667958696014
0.41697537424603603
0.7428229865633587
0.18799710276113019
0.57951251853157
0.12040858614188696
0.32955171088549073
0.4922164179764769
0.6214294075668516
0.6896836812964993
0.6916643876127389
0.4727338499784672
0.6114908538329639
0.5682993724584063
0.4511566309964385
0.43802026307123
0.3474588921307305
0.41677119928801526
0.5619233132819644
0.7072869352331156
0.42819101108118507
0.4740266470751828
0.5082442209992756
0.6410500499419416
0.5466730802815947
0.44208296412878423
0.5497387061690853
0.7212676135802769
0.6456738114043027
0.6930653607624541
0.7872920574477967
0.6991458847194898
0.6789160145169837
0.54216320804254
0.5236265541125154
0.5160698074574749
0.5362539902135006
0.5234745058081463
0.5588785037522529
0.7551294087222514
0.393110502543032
0.6902380702453776
0.6294834844417874
0.4208529947987289
0.7502354414101684
0.4900667663180638
0.7922995016512405
0.39157318633112725
0.36472062142276424
0.6268226278532709
0.6312228361002034
0.4224051730721795
0.6991365546563135
0.6625159609680099
0.6108866260751121
0.7997759362542307
0.7423157264997415
0.42994083041866255
0.5557563861441378
0.6676868483673816
0.5930607997373839
0.5120071838919177
0.7326569412066504
0.17976269673634285
0.43516636203988945
0.5491962378931482
0.7132716938793913
0.6475844283657207
0.6497567472451559
0.39756618212679207
0.557283495630817
0.7120410931901039
0.32492851038995235
0.6795686345741292
0.5397217882934229
0.5837422009396989
0.6202109509569311
0.6278419422579646
0.6051016065972425
0.7604230001809877
0.4627736049474401
0.7263336813496558
0.4795627394356093
0.5395020986375271
0.6426912446259003
0.6462843164439126
0.39900725983839785
0.4440367731219606
0.7910269037995353
0.6202800786282375
0.7734788496285371
0.6972522670923189
0.45587245529738807
0.4707549607058524
0.5453721823693943
0.6472091810859447
0.5959961494952855
0.5826541988741123
0.45894567883455034
0.5195413448775674
0.544476471491364
0.5229346945508757
0.6748607657804443
0.7337002491986833
0.5562905337880452
0.6915170253835399
0.6220629406564564
0.6921272795329627
0.674788101556908
0.4365119835574242
0.5098964461278688
0.7722614092290162
0.579548449481688
0.6610994198531394
0.6859196343065009
0.5840699782791653
0.49924146578524337
0.7444066719666779
0.5787593498012006
0.6913806642405007
0.5384927290446527
0.6590505352762994
0.5708293638223824
0.43109599331792176
0.6294963508345348
0.6359271821477233
0.4983778214171941
0.7054102898215217
0.6517163106780192
0.7120936768431428
0.5044646441585502
0.6853946171553109
0.6376687869454783
0.5305161909377102
0.4392035707217088
0.33427622600090023
0.5656480946593575
0.6560348215615219
0.6261660330178116
0.6916707134913826
0.6084849798276514
0.599337318363104
0.7783263257857684
0.5260155500726975
0.6208919463342533
0.6519246341013626
0.6431315176611477
0.5865760221116648
0.6688574269668102
0.7476581811288975
0.4173923546837659
0.740552157064717
0.4606489018674371
0.7451833744384168
0.5459918022888849
0.7144358375833397
0.6962805550375702
0.6330067683847151
0.6616413138941588
0.5130822596200363
0.6165054724334234
0.6618643705184831
0.6739080353641518
0.7149723966881697
0.8214957335255414
0.505700274459419
0.6956021533133908
0.6880632572542364
0.2515115781713499
0.6026963447235384
0.761909894267351
0.5731155788473618
0.4639384866788705
0.6571178194871574
0.7296935829281779
0.5394046574512935
0.7792542070880747
0.36164847335528605
0.6829198922819576
0.7090857733836142
0.6642941472042437
0.6801484018048778
0.5487582104076316
0.5599221688297201
0.6394667301868023
0.6833847497369266
0.8126284310153082
0.6899777898849452
0.6968375949969401
0.6200384005841433
0.7347022711092778
0.6337363580144321
0.6477489174082147
0.7007486231753284
0.7334896908768026
0.4440445265712155
0.5515357101128259
0.8153389243563083
0.751015462204385
0.6554475124134084
0.6042261705098161
0.8136475147981754
0.5900934030530349
0.48644773718915263
0.6557754354534708
0.6188304587673614
0.5813852744695123
0.49754840333404554
0.42444841542503137
0.7019179667831779
0.45248483707409776
0.7694169835506897
0.6617724401718954
0.6024586177931237
0.6389432646383052
0.7059028218897617
0.6374187450218302
0.6748378906955117
0.7410362019641316
0.7061907090346574
0.5975556400985783
0.6161901981610756
0.6654238262819011
0.6222853260350366
0.6471090627754279
0.6635852175483143
0.6397534729570225
0.6110208586943382
0.7896438956247878
0.7208474384431608
0.5780688613321158
0.6988917936791266
0.7301398036145424
0.693963010535203
0.738059953846182
0.8058484283865457
0.8145284519173933
0.7191219832848994
0.5964473812295811
0.7326016697479685
0.5789357940288462
0.6583825795486307
0.7321517509098093
0.7002266653134128
0.8200425467672232
0.8010236631192172
0.750943936723614
0.6766231580473466
0.7159424556469639
0.6429726973689169
0.7419749000880077
0.5928578939455448
0.6868676487033314
0.7458917167149356
0.782951286805259
0.7573912613623196
0.7348439606241262
0.7323815777013623
0.6245868292319589
0.5616220905521682
0.6550462956262253
0.44796522649058024
0.6862132928808107
0.6727169087831083
0.7040492686411193
0.6483742174432783
0.7595297268363644
0.6190201163521436
0.7836968544898767
0.8096643208678329
0.5618295599567162
0.6125325405801568
0.6281069131636654
0.5919731968726788
0.7864409466889875
0.6685329095487349
0.6713989285941134
0.6588573848078183
0.7311137697935783
0.7145340122934831
0.7329664970977423
0.8763876305011128
0.7009101776310516
0.8127228799654089
0.7051344547675175
0.7531006426274147
0.76848989157923
0.6259200910499668
0.7986616033339612
0.8842590386434087
0.6667782881305118
0.7576191268350846
0.7539564275115493
0.6511321471849453
0.7642964052091736
0.6624929500252863
0.8130614118006366
0.7712919646719745
0.7699609009438829
0.8221839380457792
0.6476814823127484
0.7087245164567284
0.7720898270389429
0.6650193751566431
0.7158528150977213
0.6566150044903057
0.7880089746998067
0.5956779429722547
0.7956157494610594
0.7169640525223709
0.7481345113505695
0.7929945644182951
0.6152356772667337
0.6418142816327332
0.7143608176464558
0.5374812128269771
0.7803005698599894
0.7483508028443496
0.6539561119502665
0.6399779794942438
0.7073208125222947
0.7681089787574206
0.6110688526887792
0.673048793696137
0.6655205059870949
0.7556634518414738
0.7927768551095287
0.6964461481345147
0.7676678733899612
0.6910567066389481
0.7463346956528527
0.708650778982804
0.7658080380096892
0.716483742896323
0.7824169445265344
0.8290414816749581
0.5045259062211733
0.8127061305593244
0.688405707088549
0.6164477347230001
0.7637253397851589
0.7812082889188916
0.6766099904401224
0.6972871418376116
0.769736953539924
0.7231090723119954
0.6811680728021946
0.59332064146048
0.6817843831163021
0.7944501110134234
0.6517302861250451
0.7348197098870495
0.675173768807379
0.7141767959659592
0.8401134219844287
0.8222997111609213
0.6252376209459485
0.7425604786819983
0.8896013682588915
0.789417623622137
0.73687705226821
0.7701441970236332
0.8398828793152586
0.782322372462704
0.6383658446408714
0.7870668846099982
0.7841320568777685
0.7145765762729007
0.7145515554544218
0.8032321349030035
0.7719341298144292
0.71086020317354
0.7863013661637944
0.8253494806370014
0.7541964246037698
0.8344511351804725
0.6329301466442301
0.8021266719578601
0.7177085390649737
0.39477781060789185
0.793777334522087
0.6313534383524769
0.7652724504975814
0.5337695357587925
0.6101761958628831
0.6418864905979504
0.6378624444000079
0.7648127129881834
0.730892758161034
0.6447460962736962
0.8007218835845497
0.6377125880482347
0.6995219595881258
0.7391052703000078
0.6731258068110663
0.7170494270591299
0.5107182960956341
0.76539595905933
0.7280811086217163
0.803418866816819
0.6990284565941824
0.7587214944381726
0.7939951439291855
0.8041016742219242
0.829959799200994
0.766043228841141
0.733666903079587
0.7000580672728227
0.8183147163662481
0.8228079190891445
0.7774793668283598
0.7674346052735278
0.6481833828209131
0.7177966782140898
0.8102955075471364
0.6501265139010972
0.8247137578832529
0.6835185659521441
0.812225813359658
0.7792401210103956
0.7176522645620413
0.7039282786100048
0.6881430988978045
0.6549777497474762
0.7973866272255046
0.6245168851895364
0.8126426636108642
0.7757347125407383
0.670644360749303
0.8232740326692415
0.7614004556636563
0.7865522923970577
0.7345385971527233
0.7099934537730117
0.7739056228782821
0.8607462393841006
0.7071712225659208
0.9327374957169092
0.6856550564354426
0.7520885658626242
0.7862339598087965
0.7741449784792731
0.8142252928826531
0.8027510038775246
0.6642868002596374
0.7326761130706089
0.7588724153970631
0.7189525866637587
0.7474604049677904
0.6610057633414008
0.6575646351548536
0.7609071050543779
0.7708232190705189
0.8222075013203733
0.6248044670774768
0.7860592242441075
0.5876598167257461
0.8059271252643314
0.6906031692547865
0.5702026883622708
0.8358058103400984
0.7897710215056388
0.7523441091669386
0.7847769575075787
0.8822874862426225
0.690140479639421
0.773393540018823
0.7953900186376773
0.6468252952359599
0.7700484978575879
0.7530684167469204
0.800845354066781
0.8180586830607817
0.886703346384293
0.7667302814258217
0.3695098636870555
0.807558649674994
0.8532939706393654
0.6385412455899593
0.8143195744094857
0.596590658834533
0.7425247934955057
0.7211697166422933
0.7521465569454747
0.732280173967857
0.7376468613875082
0.7728029694449335
0.7380150897268747
0.7908751799823309
0.8587124466857017
0.7066441497245914
0.7462780092059907
0.7105240480559232
0.7467388236420309
0.6944256928267727
0.8316258965569261
0.743134230547436
0.8247875248773984
0.8177074407614607
0.7522320382103217
0.9070950927473608
0.7607240625712934
0.880034843666812
0.8878928676614676
0.680593590788655
0.6918849346362178
0.7737900349749764
0.8441357460894036
0.7116783776030801
0.7026768302141551
0.7903709361536638
0.7871383171245266
0.7405269890118755
0.7859128705533669
0.7726216134827024
0.8017543826759045
0.8174571342200002
0.648829138187133
0.7131631904332023
0.8462129281218543
0.7750383976596781
0.6730578771546887
0.813386115615659
0.7300298708521487
0.8102040337903741
0.7843188705856322
0.6610039193551742
0.8242567814647757
0.850246448967034
0.797038883046674
0.8041689589270409
0.7878856287124617
0.7977645518826829
0.6818066536207107
0.7232687383822045
0.8085104185607365
0.7165268213963293
0.7770311954311093
0.61534891153845
0.8165490284030861
0.7833873490201653
0.8458342560824569
0.8034685165894594
0.7015535048399256
0.6102147607963585
0.8202042112642733
0.8456746328919449
0.6937530109918587
0.6323623098907638
0.9161738410029436
0.6432013858325236
0.7274394565637382
0.7530330839652213
0.7650584207026386
0.8005510341304936
0.7675865137707908
0.8608789550454914
0.4740804905215568
0.6936160121128465
0.8216591595836313
0.738254138496479
0.8021573415023249
0.9234572049045496
0.8182664069160439
0.8776220545019339
0.7690415228022838
0.7831697356592209
0.7822327330986008
0.7547464311703422
0.7778787133515033
0.8307971219039871
0.8046070488671688
0.6895010731275063
0.804780092812975
0.7687805273625382
0.8616902164069021
0.6430704106174777
0.6736544701373138
0.773278969191098
0.892481754878065
0.7399411163071415
0.7671013181321246
0.6649498818660027
0.7441190788906336
0.7614006163831126
0.8949510769509925
0.8320105871021505
0.7826644705369539
0.6927398762047402
0.8090775186475588
0.8729843037084214
0.8776079363944308
0.7725444246231699
0.7187711119022295
0.6376412062990301
0.8215637452157726
0.5592265850863535
0.8428739322807628
0.8507529134596231
0.7493974893086974
0.8686062202812171
0.6945629806027562
0.7340247944667574
0.7953639869221049
0.7706115633319617
0.627869899175573
0.7780594574532986
0.5994549231294716
0.8022568598798948
0.8416055877388657
0.7731978241706818
0.8081990545350753
0.8742812119158709
0.7587692306905166
0.7374921083152592
0.6048949444891069
0.7639384858148682
0.8150915091855976
0.7622259812125178
0.6777955249926513
0.8842175067309082
0.8370362897958423
0.7029291911246083
0.8435610162450087
0.6914861367846187
0.7622336717534121
0.8387539501547415
0.8408896470605747
0.7987021000576816
0.7264101112530493
0.8516823062383382
0.675803680637841
0.7745455507761854
0.710132913617405
0.7793161076774592
0.9010242777499239
0.7142716406085913
0.8520606233259431
0.6864274989714311
0.8460335314163849
0.8666704083029999
0.7326172306354369
0.8791290124002217
0.7410120193082963
0.7798168206012852
0.8519189711583093
0.7779344823819553
0.8672333765913836
0.7773442471826992
0.6945562267269219
0.9045921549181491
0.7157516597324723
0.7779350947706792
0.7455752076748117
0.8327498688026038
0.7550181797208654
0.6764611433023593
0.8293065280691555
0.7774177025570698
0.6530548241002875
0.7763823622808281
0.8473553684545654
0.8672758969218757
0.7554148309523029
0.7034858715561836
0.6084000805758137
0.879443126451864
0.6336737752771243
0.8236855309982757
0.7741675729654951
0.7932796883733577
0.7959022465996567
0.7263804222291073
0.8166240961596717
0.7794586508462988
0.7779283170659131
0.7620617437078409
0.7794590390911706
0.842988347288241
0.7457546250736614
0.8329875553881689
0.8098875593941315
0.47730191785114684
0.7146524197056913
0.7838654246503991
0.8084942233753898
0.7058070203026506
0.8024195191805511
0.8339987633580013
0.7736808958276353
0.5893433139196764
0.7542672009790202
0.6412598164650406
0.8375940690429126
0.8262832828721224
0.8420257181153582
0.8203135555850192
0.8403533249096508
0.6782753006210521
0.7904664263463321
0.8452378267401994
0.7905325800201666
0.8286899384323567
0.8534616625851702
0.8399311218149288
0.7841126594161416
0.8091347190953401
0.8091946496503801
0.801364625412146
0.8623620842352813
0.7900148223270227
0.7671567597054231
0.7648018214696443
0.8380593170487658
0.7804191981444258
0.833562435312414
0.7735150404523066
0.8683606882370121
0.7989195583119725
0.7581720203629237
0.7606015434002983
0.7869288153338978
0.7484649344943134
0.7636256877427883
0.8414456694925754
0.9113939783613145
0.8102716215716878
0.8310485105592131
0.8769481327841835
0.9041080260264037
0.9258767517294634
0.8966455943612317
0.8389259361005326
0.8488533563800076
0.8379883508432446
0.7480320767808479
0.6096479814560755
0.6805159099632294
0.7418674880241941
0.7203327085023014
0.8478211699118816
0.8485974275099645
0.6999892452951662
0.8325867032457698
0.6522701993203546
0.7586374743996588
0.7243589005222334
0.7542598599774241
0.8198182358835255
0.7453915262309675
0.8387364341067589
0.8930648675165458
0.8086983621914335
0.6400208780472982
0.8731007478236088
0.8575847900125068
0.7964645783016789
0.829205171766249
0.8793683062339197
0.7154092456714578
0.8519695962621079
0.8359070756518492
0.83782386232391
0.7302881175939534
0.7669392831371495
0.7761399712040763
0.7035491785026248
0.8901491241699442
0.9288215493499193
0.7856938180142252
0.7390556224285356
0.6250918167330276
0.8551717917578052
0.8089178441926863
0.8316144855459303
0.8405480584303763
0.8351906472511794
0.9206702996310696
0.8426698929151952
0.7427775033561229
0.7903562538396927
0.8717716523666337
0.8898841569739381
0.7348114451359444
0.8558245512505535
0.7830000799430796
0.7776505303029958
0.741108136763799
0.7269964039839582
0.8571837625416333
0.8422854676446916
0.8698025865475024
0.8585796952940724
0.8682877594218903
0.8481448925456134
0.7594094039264024
0.8912948449474585
0.7577857066857703
0.8762145100625696
0.8333662808452386
0.7709773366938006
0.8063300396758782
0.6948384953901217
0.8994316916390663
0.7710974452459065
0.642938609048991
0.7556034790556061
0.8371775242142863
0.8787517505210515
0.8685979313832491
0.8654743934591227
0.8629882451971471
0.8359146310984975
0.8786922925758514
0.47109853314740524
0.7686553604032149
0.7865614868058876
0.8755349616420588
0.6351563267557881
0.8736831395483331
0.7938218670580336
0.8609241791587209
0.6979832446111074
0.7224189271071695
0.8383292586173026
0.8642951270894577
0.7142918409849347
0.8624543698931769
0.8718961695921409
0.6660254996891715
0.7910528807523172
0.832881795427151
0.8309807694193567
0.8610484555909863
0.8530536469866193
0.8180337779291481
0.8646373941225994
0.889184215222622
0.903532641091004
0.7970524626116248
0.8442146966746279
0.859809481648162
0.8485967293827098
0.8547198796352933
0.8067031025349014
0.833041916104562
0.787709249763558
0.9242639560708564
0.8431176948684284
0.8909539121217879
0.82484139094833
0.7525028492807989
0.860858081031067
0.8820543413672199
0.8934017238757549
0.815732746095823
0.9038112691643388
0.8116377102116473
0.857937289503722
0.8371256370226634
0.8400154564617509
0.837426891013214
0.869938513915869
0.8053361434927616
0.8818060880303242
0.8034546651423669
0.8200963330858023
0.799813662712771
0.8526307238504299
0.8077773822662598
0.86625394493764
0.8312022890946463
0.8698059277896165
0.8768569038319771
0.8754710419073423
0.8859697211623007
0.8610245882942212
0.910746291854691
0.8151899417530902
0.8676691762865767
0.8148885009782095
0.8218324887841584
0.8378712896925856
0.7694877774970432
0.8202165931321965
0.9088737344221797
0.8351851740393167
0.912829173152737
0.8929395451701814
0.8319964010841043
0.8902669286585322
0.889776779690589
0.8172441070393465
0.858823771097222
0.8588570527131101
0.7840171378157861
0.8763417255301689
0.8279774285844174
0.8399065970795923
0.866714919649314
0.8707467334590274
0.4935607688726275
0.8557879002769023
0.8347384845316296
0.7931290096382996
0.8981815382302969
0.8365434404929353
0.8247046998231022
0.7796071832374725
0.8421209206175565
0.8553448013209582
0.7545609725550593
0.8710475817829922
0.8975630589961913
0.8058030648625418
0.7957853987396872
0.8826198068556552
0.8387366962485528
0.7634340109627135
0.9045718969841429
0.832426126976963
0.8060188530648901
0.774578878795559
0.8171819402500788
0.8951406704105845
0.8630392565273027
0.8174281719886884
0.8033142737218065
0.36943631652274966
0.9335362685643337
0.8769146224332208
0.8869208469180065
0.21900139689311568
0.8148533397516458
0.8615006267046311
0.7619696451766365
0.8338405609782527
0.7498786879093104
0.844048484967802
0.5064345189892538
0.8172451555617615
0.8406370823586138
0.8345503021082683
0.8294655532764501
0.7925520299512081
0.8372410741781173
0.762882451562634
0.8751774403874576
0.9052207363421471
0.8007536538734837
0.8962942021562188
0.810136140877723
0.8861528295245295
0.8517949311082517
0.8743236705205912
0.915790824951755
0.8166762479826627
0.8299568769751001
0.8354680478596842
0.8986555711054358
0.7379179138706263
0.8733421423666847
0.8969123270397931
0.9181119997146877
0.8216153496035811
0.8160797835042319
0.8718182398567482
0.8908818042428773
0.84763396137447
0.7461649504312178
0.8270469099964363
0.7714869271170974
0.923088908712678
0.8409251715537124
0.816742709577327
0.9335974914994075
0.8708641679004222
0.789600689275894
0.80862610779405
0.8733050157063359
0.9275312502307332
0.8816467571896368
0.7843513230856067
0.8441441272056008
0.8140340637135085
0.8371133136659443
0.8173579740838793
0.8494418373014906
0.8891978644723395
0.903939692895395
0.9000161969926791
0.7941507870614773
0.7849475823938136
0.9245181812682455
0.8627966730508402
0.8569328735495202
0.8565128964851167
0.8692030801705987
0.8628109825017192
0.8854469414189837
0.7650598461286165
0.8759736285278323
0.875471728140282
0.8809758192393802
0.8190598442870751
0.8597488067514689
0.8490862205607749
0.8747778747468716
0.8104219865110781
0.8452220919154708
0.8700169397087043
0.8825790042171036
0.875635212726486
0.873237710437711
0.8214557396811444
0.7957259150058467
0.8780449498297526
0.8974022017590134
0.9254252671860137
0.854873452601842
0.8119475359567491
0.8753984169474067
0.8625097246042123
0.8942279885920047
0.8257842259965861
0.8792734953704374
0.9146653783847669
0.7886709189293858
0.8225140711765185
0.9092703672394294
0.8916797296974854
0.8903333527465286
0.9264008888137564
0.8965152718388465
0.89070375300705
0.8974515187782197
0.8785985413369324
0.8752335610289027
0.8487354282514558
0.9065341763597811
0.8509314153759082
0.7883883565089163
0.8896699649112446
0.8892029291676669
0.8841167251729267
0.82356078055298
0.7743557357586057
0.8745655326744451
0.9029399480312034
0.8741627369285202
0.8676134339979121
0.43772936324187384
0.9074942347054544
0.8785532510104109
0.7712190787675316
0.89562410405768
0.8732424024035488
0.7973304715327203
0.730336213119762
0.8386962513493068
0.8045182760402695
0.8216394487114671
0.8028891362039802
0.8954825986439758
0.8980369479635993
0.5644005087082302
0.9327000685557332
0.8195604512729847
0.8370625510650938
0.791588011462362
0.8161998838823737
0.5662734793126547
0.8066380152824713
0.8601143095295979
0.9058246881652141
0.8037903727528121
0.7408669438813527
0.789025222973748
0.8357967501135464
0.8419122184640028
0.7629077263266548
0.842830072580565
0.7206648049053705
0.7998249113411023
0.9171644036919812
0.8695150088521124
0.896769902274221
0.8268289439509425
0.7487769466048555
0.8653442188218327
0.8595456559631128
0.7892182949526032
0.8513599425206988
0.8244039123407596
0.8084181543525158
0.745548605228421
0.9173487416035919
0.8514928506758028
0.8910360886234028
0.8021050292834875
0.8109783514850806
0.8484740596472092
0.8531135049836517
0.8169098777315216
0.9001753180325694
0.9048673653727718
0.8221244101222276
0.8012160765150828
0.7360897612260224
0.8468109444083852
0.7708391619826096
0.8007478267319149
0.8579415329658303
0.7885954702249101
0.7805374663765394
0.8676267995183542
0.8386895675858723
0.8438563937729963
0.8482665071959574
0.8683514567553633
0.8926077661442094
0.7900548535471681
0.918295287444317
0.8518145917222981
0.8525386914580111
0.8902932844809834
0.8283453331898173
0.7487787548392818
0.8325959312888593
0.8332978594338392
0.8763595724345962
0.8512596973566293
0.7994021398762317
0.8876036063192191
0.8841971732403916
0.8413978643239051
0.7977638266156145
0.8519831575923043
0.8313662796987366
0.8475509608957019
0.9008913303734813
0.8356052829346077
0.8830293475560181
0.8902146754018851
0.8594492108859332
0.7862002262697265
0.8574150404060079
0.8059728186772845
0.893136585803298
0.8049522510430793
0.9065046201217308
0.8854181630678805
0.9263260968465589
0.8838369761387294
0.8447684030980127
0.8403167712642854
0.9282607623767696
0.9279123444689762
0.8116648612838537
0.8308818475970667
0.8579124768482116
0.9054553756522732
0.8445053855118154
0.782455258057997
0.8153497919751084
0.9021403017753663
0.8648872051623896
0.8479527769255035
0.8478937014169777
0.8490548967315574
0.86474299186826
0.30880576932447323
0.8986669427885622
0.7708793639721576
0.8669104208152285
0.8710191170076798
0.8349533321047171
0.7781926504712873
0.8833690855750735
0.8720575936670611
0.8798860409702739
0.784103521132186
0.9194159104842481
0.828717935360913
0.9114208161457938
0.8932956019800824
0.8763696935734205
0.7519277109154424
0.8014136009966798
0.8881067030335932
0.8929975835830232
0.7276723529099955
0.8251016991965838
0.8938285411052627
0.8405801621078949
0.8477138168380095
0.8763121001572262
0.8084008740325781
0.91067248669298
0.8670729434560155
0.8777892794687997
0.8510750812612221
0.8310896316591105
0.8945408009335367
0.9336439203653066
0.7806160387940579
0.8854159066031229
0.9232341269979097
0.8432472691770064
0.8500917363621601
0.821976490389996
0.7941606208165893
0.8954140265450654
0.8857448866470365
0.6727980103464738
0.8852395553513692
0.8640919020964836
0.9221558000927966
0.8408780446856795
0.8177757131626108
0.8503068806269674
0.8903191676244779
0.8940570045630452
0.8757065177512265
0.925687181584527
0.8149255424217737
0.785238448056388
0.8773190656339227
0.8907434892366313
0.8947754809056745
0.916132321333463
0.8721308797612828
0.9211975277237875
0.8452915594837053
0.871186839589579
0.800547559742089
0.9006251930614587
0.9006885294875373
0.8818066742453513
0.8570421615802397
0.8210894618006964
0.694082744222521
0.8754444624829196
0.8686478483371569
0.8758971997039491
0.8315376733161146
0.844224865894305
0.8886345879021262
0.8395917028868238
0.866334485241562
0.8648493253148799
0.8842100228204991
0.8934663784882928
0.8591976069979009
0.4404520538330137
0.8719198879488362
0.8535859128664451
0.8679630822499506
0.8957489035747692
0.8966847804217447
0.6605753047867069
0.8918617842880862
0.9209270461269015
0.825728710427276
0.8027485226126576
0.8882151663675192
0.882307997556821
0.895967863317193
0.832402858198892
0.8741653746068744
0.8408811665360915
0.8076538054147611
0.7189456032386139
0.8132440985728349
0.8617546196587696
0.6739308231581377
0.8260287402563299
0.8366023237677345
0.6790088121883541
0.8877617820857095
0.874334050470338
0.9005111133540123
0.8692329681544005
0.8209420903770446
0.8370214181793771
0.8132858491699325
0.7618370121623335
0.8998477349087715
0.8327398638006355
0.8825807632643218
0.7452520230783104
0.8773552337110759
0.8756261226151129
0.794918475611659
0.923670647603331
0.8423570673719152
0.8967050707664386
0.8600849330758282
0.8852283849352227
0.8377886386685495
0.8710233216079614
0.8618584598518592
0.8799377437534909
0.869910615731414
0.8926683998999598
0.8528155877020243
0.7636918569876066
0.8599382315940807
0.8699736283661719
0.8914305695395859
0.898316903698609
0.8961510281897447
0.8047070826469137
0.823490332880246
0.9170514285081908
0.6587074505009065
0.8939688474166774
0.8934938085396458
0.8705222303103617
0.9076639814849276
0.9077718079991324
0.838088614194746
0.8167045950905636
0.893644591247958
0.8828543317528234
0.9345323874148032
0.945031471256043
0.8676614735717644
0.3140153135652587
0.8936096356852622
0.8791866153842064
0.8619007798841223
0.8755021267554056
0.671485643597968
0.81633519866894
0.8888007281141418
0.8869118476566853
0.7678329908999255
0.9032799683536434
0.8231235871886804
0.922017674032805
0.8755853543893136
0.6997102820156325
0.8750191899629676
0.8633905128759547
0.6314824580771653
0.935660063961279
0.8347815885286282
0.7811806244127318
0.892488658781534
0.8778844201555087
0.9493169256629418
0.7535935959941586
0.8208111815553462
0.6755667391686115
0.9251594496934495
0.8392519149908663
0.8972317567023534
0.7175362153185738
0.8500528789800741
0.8282294502469913
0.8671037803055913
0.8945062364179412
0.7933155457782597
0.8547075022383643
0.9095275547326619
0.7449830419020076
0.886505763564893
0.766017027729277
0.8295177210685292
0.7117789325300357
0.7311488167945887
0.8577824908504091
0.8470028943977782
0.7803030344588576
0.9680523248922154
0.838851014509835
0.9256560105353582
0.8596489331068677
0.9340768489828357
0.8828730571920925
0.7836699626356356
0.8888083867159026
0.8429318923752872
0.8529778295796575
0.8668049182014826
0.8216149993573484
0.8795105578015402
0.8531047435344644
0.8796977724505072
0.9438037772787429
0.9021128767610022
0.8631261476897285
0.8767971472902009
0.963974569535424
0.841992160915843
0.8836389572544248
0.8876304709261222
0.697962594856619
0.7894041477715718
0.8888430677463316
0.9329028105033048
0.8457115710382399
0.9213838959327628
0.9100292512785763
0.9264542761884966
0.8291482467395125
0.9505498768529052
0.9057829325683762
0.8531867194692916
0.8423278512153093
0.926733012546032
0.9128378518369792
0.8608513995388667
0.8097016310247964
0.9037269751801357
0.9031450181452543
0.8280869328601638
0.8864220621286475
0.8530674068669312
0.8224333444698613
0.8986169983278807
0.8570523656996588
0.9129169295324877
0.9343045770197079
0.9053086974083722
0.7891784987504532
0.8460355584322433
0.9134283237818912
0.9258782589307676
0.8587856699943902
0.8652074487769665
0.8953318484868003
0.8636725043454591
0.8616857818170892
0.8163205086961359
0.8633172332027682
0.9041300360386333
0.9328579147249847
0.914872486251922
0.9108784440404056
0.8773295435230007
0.8946666215816514
0.924299959482954
0.8950188363134977
0.8697918850814699
0.8621012673497006
0.9253454924747356
0.9649982916790979
0.8693712860498374
0.7165990660814426
0.8596344644181451
0.8586764428336326
0.8758143866934341
0.9029723588812485
0.915924682262537
0.935477544062598
0.8766905091870618
0.8903292619657424
0.904508711587737
0.8420125680439454
0.786879310493117
0.8853446638896778
0.8233601363560179
0.8756355812232802
0.9117217176714064
0.9069784550594585
0.8835516857733774
0.8446388860651058
0.885156545062686
0.9165178624984758
0.8933056209811164
0.9243805580276587
0.9466386632702876
0.9132930344459291
0.8768166512177884
0.9073041564388276
0.9054860733699946
0.8930010666160696
0.8298106975090971
0.8713925712888458
0.8786211323861711
0.9030755497570501
0.9576963082194538
0.9079920094138805
0.8365522945523475
0.7330051854900629
0.8915195569392536
0.9184888573102725
0.8255419488126584
0.7985532029782769
0.9135084680080283
0.7869377125017533
0.9146496209317949
0.8776826702943921
0.9821342947919404
0.9120358485999516
0.8899803226302515
0.8835650816718027
0.927769479840918
0.8885818447304811
0.8415321233226433
0.9019212723796776
0.9634906085605907
0.8809092622357835
0.8795677853552513
0.9109672129388612
0.8878261972021487
0.9418149703919012
0.8517015051241513
0.8889028767578323
0.9058071304883994
0.8681927860614718
0.9458125653944822
0.954744386737681
0.8227207601152066
0.892017120563566
0.9145476848184165
0.9319849223111482
0.8643035712785374
0.9791714819086152
0.9595907682496518
0.9239182397689824
0.8476122320257966
0.8791394969401012
0.8824595056925942
0.8770491863568373
0.8724066976766127
0.917272023145107
0.8856751361276509
0.8754393850437391
0.8661392043590291
0.9444464547774496
0.8712620198288475
0.806773044064681
0.9661629956508685
0.8287742057587993
0.8773369799624152
0.872289475001947
0.9080447438875611
0.9397761018223004
0.9208834061967945
0.8603790551660717
0.8888289997357817
0.8065241074831452
0.9003166471490944
0.8918203617075605
0.9210887505051285
0.8898682271532766
0.9274755043696669
0.932580199855713
0.9017351920046264
0.8508387058752759
0.9087732135393192
0.8089901750456575
0.8526892347738921
0.8494912979961076
0.9077837427173878
0.8764958976583084
0.9412304835607095
0.8960641480018751
0.8621418615010426
0.924451252721454
0.7443951996741069
0.8621290423132746
0.943982928436368
0.8856658967243567
0.9532765347071256
0.8885848126977324
0.8995723359450929
0.870841322991371
0.9607882951028092
0.9109362117312795
0.9240325459654664
0.8583716345579713
0.9007845802604793
0.9022437986141877
0.8859689591677546
0.8807978330457209
0.8854039947827538
0.812648363267689
0.844709136414845
0.8779825402491531
0.8829503456836286
0.930578007374298
0.9126035440625219
0.857159635185735
0.958589180665648
0.9171241756645166
0.8575136797788432
0.8293736474888089
0.8756926220020839
0.8840331810290664
0.9068341715282219
0.8876689691582297
0.9053516627483628
0.900242266143829
0.8897218011755007
0.9244868113718955
0.8904396716066697
0.9063992182187115
0.8518002707467506
0.7766673551524151
0.8726077035792761
0.8447534768120655
0.8461001213707122
0.8367403025223062
0.9367805812622609
0.9121448478811945
0.8907868310242073
0.8411645108537796
0.8801208071514192
0.9629528783520146
0.9105404327775989
0.8856017957003745
0.934471417001494
0.8913734702033155
0.9332684151481484
0.8729989772710077
0.8708984631661325
0.8707021822273943
0.9457666089733756
0.8656983991112733
0.8174547820824593
0.8731015175511309
0.7985788297569492
0.913303520203963
0.7795279500133293
0.8756299676192303
0.8565400784667276
0.8026986849570632
0.9091216674785579
0.9392493873382632
0.8558912488131764
0.8907361662920803
0.8742531578538394
0.9171993771995774
0.8994266970113749
0.8817223228032112
0.8853421820621503
0.8855911397059257
0.9195084204702088
0.8568324365454045
0.9661773595519086
0.8927919754275812
0.9134554962538033
0.8881502139573882
0.907931430471569
0.8730869053521759
0.8936317702492098
0.956399096032463
0.8995330097892577
0.8700925960607668
0.8632160223390761
0.9227170457382249
0.9404850587357428
0.8913153637105913
0.9244301431484151
0.9075997375580479
0.8933886536311415
0.9374762492551425
0.8771708545629494
0.8169285185103008
0.9103208878916752
0.9554652138754455
0.9057928950455075
0.9012789479867496
0.8055978371983921
0.7128284303997564
0.880234833552667
0.9201289524733892
0.9174106153179316
0.8927023597685229
0.8620731140772895
0.9275885427422726
0.9205742204451595
0.8660726453063533
0.8222097989034998
0.8966445753901617
0.852778108752382
0.8049638870348679
0.8633605298668126
0.24952145126798794
0.8537358849915543
0.9354650955566293
0.8287903370895379
0.9313335192263774
0.8689985916123046
0.9160319654621715
0.9111620741356283
0.877578400316176
0.9370126944216659
0.902112705723776
0.8112394509150528
0.9225867837844283
0.9356337036702354
0.9213395393551213
0.9493190396825049
0.9241771050380508
0.8920709110981606
0.9086994271626319
0.9297154067455533
0.8565517712348839
0.8548837843435954
0.9117390055508774
0.8563859830795397
0.9590957626807577
0.8892369207668307
0.912788053629935
0.8175808925400173
0.8773475506023033
0.8536566367830848
0.8885247297569063
0.8707538494435179
0.8339645415887124
0.9220209308143104
0.9232390437646485
0.8731220453358277
0.8205578969996173
0.912334133462369
0.8846353607520169
0.9468437583491875
0.9251567899161948
0.7176391610678369
0.8127696477081284
0.8861404806281697
0.9336873311015382
0.8892012865260169
0.9126683668735661
0.9079735763078023
0.9172265981579608
0.9406005245047484
0.9120209367521359
0.9174575779010523
0.9046020085717282
0.8653279510406289
0.8692193459314609
0.8208393666561306
0.8676822784723355
0.9053259256551398
0.8935099622916031
0.8884707550971332
0.8794695233409736
0.907622366974964
0.9045130965589017
0.8953221392896191
0.8591480655365316
0.9503118806986981
0.9036811897342955
0.8533118802365922
0.9517508745428668
0.9183170689197107
0.8482190085856824
0.9044727988964617
0.8520655163771483
0.942353969997097
0.8767071953644019
0.9525876060134982
0.9381944953096337
0.9059785990636299
0.8825896201982298
0.9062903079788458
0.9390125378696438
0.9305214645453387
0.9119538947453565
0.8081699967839068
0.9353832122339114
0.9310295926536776
0.8698731032462074
0.9364119205996314
0.7897373706252104
0.8541768644065801
0.9279481657843809
0.8646709337775824
0.9293272658621211
0.9062778257416528
0.9298935544069513
0.9086856786640403
0.8075828700791625
0.9127156469569259
0.9007014337178965
0.92702416958721
0.916618684910893
0.9441181982015833
0.9257202644174873
0.7509901271513373
0.9072679066442633
0.9131653237064983
0.8794791908348106
0.8871908847059297
0.891413760861497
0.915832685514832
0.8847128573841195
0.9049024955063064
0.8685684656948647
0.8707773028297144
0.9247670435716842
0.9348592816431391
0.8926215696585903
0.8422831138532924
0.9510907863937078
0.875779154895693
0.9233751875693378
0.8904088037553595
0.8881926278234259
0.7893243965323061
0.7881030246214304
0.8493702645201967
0.8526745027266942
0.9405378424798453
0.8964139259311449
0.8211123241739583
0.9080719618337205
0.8964903964453645
0.8305626388488606
0.8879435675644249
0.8059919648079165
0.9281049762431915
0.8471682808737381
0.8680091350209896
0.8915330880109668
0.9008941732276553
0.876840177580242
0.8342218368815978
0.9324220071959206
0.9440878684498253
0.8751742422175455
0.8913970187022799
0.8247990149054877
0.8661791883334654
0.898492517807232
0.8668864879647991
0.9407535106350374
0.9648223363249899
0.8880555591257375
0.9058816324617386
0.8695156473572015
0.8610338105907178
0.8975166634263726
0.8958691283639425
0.8715513159349432
0.8598921210685251
0.9118253670714048
0.9092619992174409
0.8793652930116258
0.9237263735185276
0.8124984726420508
0.8949726591903565
0.9146803752199705
0.826714215192657
0.8867428716531365
0.831212520619073
0.9148731555505044
0.8860838628545059
0.8912126932140433
0.8915044674540993
0.8152206887635656
0.8796659161874564
0.8689272246310185
0.5830684098626177
0.9025003903438246
0.954296019632297
0.8701922427759005
0.9160542676499253
0.8492559533884125
0.92530970967114
0.8185300776597981
0.8807607761483258
0.870116391420473
0.9232506805852383
0.9652172530260685
0.8633310621205317
0.9177789413145621
0.8820640596457756
0.9013865040305152
0.9237039532412975
0.8589958473892518
0.7793821614361148
0.9486745494736192
0.942073011582471
0.9121867923310232
0.875568293047778
0.7919889509646773
0.9155502022332815
0.8442877342331471
0.8885637799786231
0.9073308623146953
0.8633667372459561
0.9494618954304299
0.6719207612416774
0.8863280992045476
0.8322498188497585
0.8294600475893071
0.7579985203998565
0.9247222077919537
0.8825627803830349
0.9398018595057411
0.7990549817368766
0.8666567530219101
0.8410866241289935
0.8664008417659833
0.8419155078865523
0.8034152136703454
0.8372414589493593
0.9261753795335026
0.8662233839625858
0.8560207992406483
0.8742094333821797
0.8166995172051024
0.9216454141524062
0.8550982403543148
0.8446598291960159
0.8111656704709089
0.9069740916940774
0.9116346813612307
0.9187397463622049
0.8519650390340929
0.9229183163292922
0.8573027862051055
0.8802298024629474
0.8869645646205417
0.9150042003389879
0.8951822383270002
0.9654263946109357
0.8869307409554774
0.8862884807307548
0.7784122640326254
0.9394014886259607
0.7396072461060345
0.8908217434483512
0.8556426134509365
0.9354791072535596
0.8965637534464419
0.8820744812308408
0.9119346406558351
0.8625326518903623
0.8572686225655048
0.9201430319425097
0.8938036495021676
0.8594812431798092
0.8815548188745156
0.9237664357015799
0.892969217917083
0.8422865774136679
0.9287931726352804
0.8806830496549971
0.9206730977725733
0.8489915074067924
0.8437237293858346
0.9162236120921776
0.9132884139562708
0.9024967813019305
0.8671556684119439
0.9381079211679416
0.9453178651821726
0.9029459315358379
0.9210353280990253
0.8862226850908305
0.8925380356050462
0.9162385423466292
0.9396374377130101
0.8512660117876848
0.8522700005495067
0.8324684738746154
0.8937850749328088
0.8679322067513678
0.9082814906965803
0.8956301864148207
0.913304384834772
0.8710068801404469
0.7970989620910016
0.9169668576349979
0.929536967754455
0.8938090705621456
0.8816150709469234
0.8809973198473962
0.8208972996999142
0.918295015703782
0.8168768111770426
0.8448061654542707
0.9614145287889992
0.8601725821047512
0.9536215425870149
0.9150885765405757
0.895657422481873
0.9425499023352899
0.923526618569
0.9320764868463977
0.8773477303217695
0.8563130744030018
0.8949091393969215
0.8431750089273881
0.9170757983057481
0.8837909256072003
0.858461877042004
0.9528135732291284
0.9066103999298438
0.9422972879509856
0.9018787894184722
0.9123886577858658
0.8954553397305157
0.9047337501603049
0.9388265658214593
0.7994612012263239
0.9387871682663637
0.9396682054663748
0.9502836699756587
0.8552110112038385
0.8558879791414981
0.8732152118032702
0.8996189689854271
0.7165395197854094
0.9569810621392087
0.838732649789237
0.9103158248665106
0.93040727877178
0.9042462233676631
0.9690175012124413
0.8936359689978245
0.908870266383283
0.9113279238350563
0.8807156607570683
0.8423900216658373
0.9385312705742269
0.7992136139121545
0.9469361575011608
0.9356708807061811
0.9154533120964561
0.8895293678794427
0.9516790173149875
0.9562981731783319
0.9186198782051197
0.8946483627860409
0.9164381735708076
0.9161147439714463
0.8974299007621971
0.9199307738768985
0.8963522683818943
0.9004925910975105
0.8881007624512145
0.8113089634911552
0.9045760868620419
0.8188881751602584
0.9277543640551394
0.8684879460505271
0.8726615941081493
0.9312179720726749
0.9078643662849886
0.9525105854025641
0.9107980842250061
0.9320912540895361
0.9358466289707076
0.9361119324919817
0.9180592636233122
0.9246228272765984
0.8834066697690068
0.8856416267069895
0.8190630255382326
0.8941914984314921
0.8677395859069452
0.9196248881963747
0.8674496824213199
0.9749518605016945
0.835289155760046
0.8655236494442069
0.8800102246296463
0.914898992617574
0.9447798962345481
0.8898289460915809
0.8724366546381779
0.9174721947898078
0.8502083465266992
0.9294911308127156
0.8634887792674053
0.8387685563301451
0.9604749097292884
0.9208021945321297
0.874738514941051
0.9181957930858928
0.9262736652927209
0.8838457168411291
0.9034156381568641
0.8956163582900575
0.832398403570851
0.9509555463467743
0.9383722008637133
0.9028748891655266
0.8486252712452311
0.9409978969658304
0.860829949323338
0.9324875872454704
0.9681193843962554
0.9554441092350049
0.8474979133772581
0.9129710804430161
0.8778651383679746
0.8986682658894638
0.9571215135890764
0.9171544048351212
0.8359790991553327
0.8739966111011569
0.9088517051656128
0.9036216434400705
0.903879499017057
0.9007752496893319
0.9213740258602923
0.9170381421422827
0.8967485663078087
0.7629447741519438
0.8917021168953727
0.9193610150970354
0.9235694162003625
0.884787069882197
0.9314392893797954
0.8835112049384981
0.8922905295697778
0.9288681201687239
0.9292620848639649
0.6731542768690996
0.8930934216212185
0.887260801648912
0.9402768882407274
0.8817289997081335
0.8955967537364711
0.9148602569943465
0.9530716834713436
0.9391675506806417
0.8534634408690135
0.9210948591391609
0.9433663177667425
0.9073944341588751
0.8714156859245695
0.8676360580386165
0.9463063927361646
0.9064773854366307
0.8421777171486426
0.9346874890043461
0.9545227658018902
0.9187610495925475
0.8861903973124835
0.8999908182533654
0.9063808588390161
0.8116862471622429
0.9153904463975315
0.9478776480540475
0.9042263760878775
0.882849040789359
0.9198864522607741
0.8936480320931014
0.9468350203820877
0.9119856509002959
0.9618931418018117
0.9612600261519055
0.9427302996459391
0.8720354019057908
0.8637237004141386
0.8321377774334618
0.9200133772231416
0.9325524806611223
0.9526707804537261
0.9458694643816739
0.9183006499078925
0.9345760843243148
0.8525448854152513
0.9106472668104426
0.9033107806001993
0.7785593933910785
0.8965452429497899
0.9051932447438421
0.9326477315002063
0.7541164700843465
0.9292150572295248
0.9492588004180605
0.8015755639176408
0.891613219533255
0.8555284662953746
0.8800124847520095
0.9164533921003916
0.8567256921407979
0.8958835832579672
0.9209610005577225
0.9345833562675344
0.9151788547600651
0.9155952522627396
0.9067099080141082
0.9108477835739582
0.9546212106967605
0.9471323063538057
0.8068448370381905
0.9226734633457555
0.9077133169571868
0.9344705674904198
0.8768391339523318
0.911015167965242
0.9214254134547821
0.8703079332393819
0.9470447139317641
0.9595190988159952
0.8899125253674081
0.9223787155269485
0.8892728040088436
0.8985457628555722
0.8913925813185729
0.9408311346962767
0.9280145227063822
0.8905058782077162
0.9032680495484884
0.9377977555709969
0.8916723139714875
0.9504340749571015
0.8687890986874203
0.8848500682075437
0.9122422023128907
0.7775652223609931
0.9335833333333339
0.9510854815376949
0.8986555139990534
0.9326198967956407
0.7797198381863134
0.9351546060405466
0.9288438944034723
0.8799950517774993
0.915606600147943
0.9047674389627925
0.9685175884657707
0.911360860323733
0.9000861605496344
0.9079267857826671
0.7969650096950389
0.9066484741272717
0.8989893804791182
0.9604936478016398
0.9198462323612441
0.962490875549518
0.8888442820806126
0.9473859103474099
0.8553546422241771
0.9152478755221578
0.8808672653222618
0.7802190544184826
0.9271694955775972
0.9534800437275303
0.8867746082652306
0.8786172760040877
0.9014950325099911
0.9675873450463603
0.9277733512226676
0.9257137423132602
0.8671429804942364
0.8532881675352054
0.9643472303646691
0.8861602436085539
0.9182126224222741
0.9362902848643008
0.9073882830893751
0.8946167325298916
0.8932838579154485
0.8668885278534644
0.908002151010589
0.9055668858195932
0.9197891010406467
0.918409500064368
0.8763714488666767
0.93025746721595
0.8589217193861957
0.8691275403204264
0.9599336434764553
0.9205940740504371
0.942338077909218
0.9677970182820853
0.923913352748292
0.8402897473359638
0.8367735615410736
0.888496498669232
0.9332384030758124
0.9317163017472266
0.8998548317121718
0.9239257759671935
0.8746850640945376
0.9150361669533962
0.8875107067975491
0.9323759740440544
0.8104010829052559
0.8738088291050502
0.7910206298903352
0.9587048568210962
0.8637116969122094
0.987109639784379
0.8681783838687314
0.780562087507936
0.7747890896261934
0.9570680894787772
0.9502580195485235
0.9063345083475134
0.8202927797651367
0.9133171843576497
0.8998987332855845
0.9440417721732511
0.8619120867825714
0.9514256797822166
0.9050870372464915
0.8883657947875011
0.9138007290540918
0.9760540589172934
0.9177216783826434
0.9241313669305226
0.9540052192021719
0.9165274454329229
0.9057557698797111
0.907339952070206
0.8474218518117524
0.9147420513478964
0.9363337082711877
0.9140723609135243
0.9478287640896826
0.8876839270822754
0.9076713616806549
0.8815105988219062
0.8905384093052513
0.9651041019446318
0.9488605579767428
0.8332501143780163
0.8556495721952152
0.9045770409355636
0.8472888190574562
0.9129835906871
0.893915963467804
0.937491220685546
0.9388034147494381
0.9727276814950503
0.772854760717107
0.9236556002592365
0.881098091168256
0.8881247687611313
0.890306144695534
0.9010288964128691
0.9064805983022639
0.9243584375538643
0.8862780173846894
0.8466293397297029
0.9647150416911956
0.919867866531474
0.9599477651521937
0.9072497177767473
0.8697080674298973
0.8907218849855988
0.939463253381887
0.9472978842577915
0.8697608091048457
0.923941456030592
0.8992396999439483
0.9409589717434095
0.833619206862375
0.9487864373955053
0.838417074955149
0.8822838638001302
0.9702009004901836
0.9309524740535237
0.9327198154257006
0.9377129294301079
0.9054294979804607
0.9520902794144406
0.8518111782677014
0.9669196404361351
0.8641089138929666
0.9902964436972226
0.9066262053975888
0.9143312326181728
0.7332838929913308
0.9093222423763071
0.8853706624456598
0.9376539031314498
0.8866288274991051
0.955466175421567
0.9162232577977721
0.8958096545192646
0.920544540126129
0.9490626736670236
0.9031342001593865
0.9195458765941595
0.933253910293203
0.8417284340021182
0.9468908849324856
0.8325373590529681
0.9261770695489328
0.9177191651728814
0.9008012747145645
0.9364679599936053
0.9132503338108015
0.9574062072547023
0.93137241286422
0.8893736841583704
0.9406408701630808
0.8139892324706792
0.9370674652479104
0.8726454084862502
0.9057299608665644
0.9543942123487312
0.8944766233173316
0.9487551791556921
0.8873015607912371
0.8621467592216431
0.871214942796733
0.9025046306566131
0.9518992082992901
0.9300615830603916
0.7883989940518815
0.9385941672012591
0.8910393333330304
0.8778569248844843
0.8893702912464991
0.9410497609059195
0.9331168551678993
0.9007983004599899
0.8721268159092582
0.9487703106635594
0.9483146135713545
0.9291308972722123
0.9155521237760457
0.9637025444606537
0.9730293765278445
0.8433691986805997
0.8424827441421808
0.9272918049839112
0.8975840914546022
0.8689712997228038
0.9258380527713022
0.9342024247405188
0.8889630470509158
0.9116555292841325
0.9054105809510585
0.9042844673293466
0.9384093315015007
0.9236494570129337
0.9406915299123729
0.8983860708618877
0.9008064798663479
0.8333720762513356
0.9263138100032746
0.9265322588710273
0.899082012941909
0.9633046335788532
0.973910220627983
0.8755052261149799
0.9302200738439254
0.883696305654157
0.8940416858354711
0.8756917368031191
0.8972938712885933
0.9091113396334692
0.9149106053084459
0.9151100716377961
0.9185907717515563
0.94039717258484
0.9494747989290713
0.9419095250054036
0.9376391490129806
0.8632649551975359
0.9446389139190055
0.920374986286359
0.8735091821309707
0.8729869265743101
0.9111476960044357
0.7875170905676327
0.9111218152331603
0.8375426152922033
0.9540468964483293
0.9026309563336662
0.946791471484354
0.9071981840027731
0.9077552579591571
0.9638282579807066
0.9625035876113037
0.9173141717572664
0.8947458906810732
0.920398738939142
0.9263220494426357
0.9443204241623462
0.7623370875479687
0.9177411513155728
0.9472360807196766
0.9282332131034425
0.9010535191243761
0.8636626555338636
0.9328289212839644
0.936865610854473
0.9167289563052612
0.8905135650638712
0.8835884951531091
0.8786486922341445
0.9241729658978021
0.9093423615651675
0.952410659747741
0.93575848377019
0.9075091403479162
0.8647917881707068
0.9089347406788164
0.9302325851671717
0.8927995836995984
0.8562058393529636
0.9300588781131919
0.9464268218462025
0.9360926948497229
0.9532606266162476
0.9303189816888964
0.8714876753041095
0.9475935042515067
0.8993610415046673
0.9550449321210217
0.9353152329346232
0.8499988896186425
0.8016285779935995
0.9471382894026433
0.9459823389743757
0.9250715811593619
0.926281333081172
0.8549267269328154
0.919862877349667
0.8739485680708863
0.8947879720192123
0.9345941974022779
0.9022037006073844
0.9346796819918449
0.8589325814897445
0.8161197911563886
0.9007606198867759
0.8901804458239251
0.9342852291349153
0.9424828472884431
0.881249323619856
0.9102993649960328
0.8741947479057501
0.9071449247371342
0.9132516644007894
0.9433887919560304
0.8604831444011556
0.9438904441989301
0.9531027800195582
0.9200327373473118
0.9184806414866996
0.9246240503431454
0.9477956263762644
0.9449960561972532
0.9204779909391114
0.8878448102624276
0.954153658886078
0.9160145306669278
0.9433714646939905
0.9469623909967383
0.95510022657601
0.8850967961107714
0.8838957706663902
0.918893922641397
0.8747451018528045
0.208476773959151
0.9185456210667016
0.8974216254987968
0.8568202047266864
0.9283055878031723
0.7889215635500706
0.9534194850558687
0.8837505143498978
0.8242687161678313
0.9612784285220483
0.94641656898816
0.9417491089783059
0.9002245535958275
0.8620987592736991
0.937978110778449
0.9492329680514241
0.9011133303819975
0.8796469924895893
0.8319653120233569
0.9847579390168297
0.9405976322994377
0.8657205454210708
0.9187427622826505
0.8845672216387981
0.8981078666224234
0.8717380298754626
0.8724112302805505
0.8430757478776654
0.9611855673975618
0.9225903811823705
0.952761790453624
0.8715620742546212
0.852246132911598
0.9456912971232608
0.9073348216591752
0.8841475871688624
0.8371896310899674
0.8972195603070675
0.9391873389284777
0.8413488058873638
0.9415623418143769
0.9605416173273095
0.9356215231187263
0.9286835162321071
0.979169178674135
0.9225125828149576
0.8875182796576071
0.8466031152166275
0.8856543794059383
0.9067961494427784
0.9501732672740226
0.8504558362746276
0.9049030714885451
0.8532776586799958
0.9301909828502437
0.9474139404904954
0.9034557729586957
0.8745552631984647
0.90760141402282
0.9034654292034431
0.9078203763793756
0.9354500958783747
0.9191755769286885
0.8587774692296586
0.9295980779412989
0.8966200262227669
0.9097006261955977
0.9707440928595871
0.919080991161629
0.9692246189812397
0.7630159462421644
0.904715887159574
0.9569895268499967
0.8971455104293788
0.8829447316180583
0.9645786105369968
0.8013885970017283
0.8941126796872514
0.9265760979926059
0.9241528513601738
0.9254151380024375
0.907002208893135
0.9388898847482606
0.9181067237697517
0.943518249957527
0.8807910004887322
0.9535574737519156
0.9255081013070233
0.9484947817542364
0.9216257153298271
0.947047683001249
0.9253101254086767
0.932336364545868
0.9117016193049768
0.9235581659465228
0.9121090197852879
0.9124736448678264
0.9134262885240669
0.9125585672233804
0.9136898546617972
0.932039425716651
0.8673352492836347
0.8447127738505031
0.9189258654059129
0.9022336552649195
0.9534602617225129
0.9304985043386357
0.9241223007288588
0.9648779258309862
0.888396709873583
0.8978779477271166
0.9176140459020853
0.913050085691781
0.8641713862750929
0.9331066751846356
0.945254043881534
0.9382379660756963
0.9533275983678747
0.8549960069279209
0.8754001844988178
0.8506070536503053
0.9337534269930088
0.8364293787001802
0.8728854856434621
0.9328139268971163
0.7481937578825939
0.8309057597336816
0.9178350351603942
0.9113598228005126
0.9162833810982838
0.8930647707763287
0.9046107906803522
0.865500883263707
0.9327875874960548
0.85532019725552
0.9127582289148422
0.903201782336734
0.9407584647309707
0.9299154901074159
0.9214881068372697
0.8690738236973378
0.9520801706416969
0.8763600948757325
0.8732687024672586
0.9447477093091672
0.9069867122134164
0.9197578607232589
0.9596780713781644
0.9510285883124038
0.882054253109018
0.9336572640860381
0.8733296303977606
0.5268763123559059
0.7262820364550775
0.8977790658554086
0.8918043163782866
0.914672175389941
0.7886979066944523
0.9238966168520486
0.8554029713159897
0.8906896996933105
0.681509333380461
0.8704284301567077
0.8748590353193382
0.9221757621036284
0.88038715934877
0.9251218824165243
0.8217968406407189
0.7927473278506454
0.7008716496329153
0.7374422602428816
0.9645744321018715
0.9158862062065029
0.6986487110508587
0.8842137349771655
0.8903794983776032
0.9326410878835092
0.8652166559208202
0.7579490890639501
0.8685215308103217
0.6892704486289091
0.7141570335108386
0.9075637206494876
0.9424409203738381
0.9192065539103619
0.9269991429861821
0.8370675864741838
0.9448493079240126
0.9245377871041773
0.9165703805044333
0.8762194799150095
0.8958360649934509
0.8125544033059715
0.8877437921758878
0.9330899179011679
0.8760973540834769
0.7322944376718751
0.9304957205500013
0.9451738946582483
0.912421700773661
0.9468104926489551
0.909861672239489
0.8899816888120273
0.9137225634214936
0.9189254820802243
0.8436156836087776
0.8596291063400584
0.9133773476211623
0.9060600047493977
0.9093078634595391
0.8975193510646905
0.900220691611851
0.8647421772698071
0.8500549186412263
0.8626878447971223
0.8454149734395336
0.9577750329939093
0.7665107630514573
0.9041509558019135
0.9163480352341824
0.8433754652873208
0.8891352015622883
0.9379338660180097
0.9161626657170381
