0.13836881989311936
0.15925333688360527
0.30476336808616994
0.503217443051366
0.13748750710885818
0.29585360493779683
0.2745350567317888
0.029466161303608546
0.10761685947210205
0.0052692198460921455
0.1974880323548952
0.09541403647540053
0.0002760429521468928
0.2919067207721893
0.1254741907683415
0.2620281376126069
0.17925209399527378
0.1327955277050411
0.3009244552217769
0.30881473253923003
0.12630416267808675
0.20097865066753307
0.026871273598558787
0.3877167265461426
0.0828473829206185
0.029409697273906032
0.5173583969565958
0.04899076113387648
0.09340688338438297
0.017912222792027106
0.12701256176857018
0.01787447060163008
0.02162321515897647
0.3360200981351494
0.0815700264906188
0.21459576497209112
0.3551310195649758
0.22427107788921538
0.12808316335947068
0.14467857652811056
0.15066983344134136
0.06642774311271954
0.2168908178309924
0.14933674155976331
0.39993715164860133
0.5542679420293775
0.08068906119513955
0.19506884819245102
0.03450635144443172
0.40674822666326255
0.28757571270005544
0.1401147863219387
0.1331536193617777
0.25494622521191124
0.07011799071080255
0.35935021247634574
0.14389319864607258
0.3802891419441584
0.4637634042655481
0.16206162033511068
0.22635458661186283
0.03978907782868315
0.2942171073690721
0.086776301124931
0.4063540483365574
0.3828496597436877
0.4100701454384382
0.23965838099494965
0.19217655131306383
0.3959730633488703
0.17780777404886958
0.013948157342716065
0.2343050754231954
0.42329665346563317
0.06768815579935115
0.11826628739526326
0.26317966359824924
0.31664875295421074
0.35230449576351924
0.45899943402791554
0.33039296633202225
0.4887658548087252
0.10658605007762208
0.39762181378333245
0.1407106867054551
0.3995064540661087
0.2732341258360875
0.45526367409899954
0.12174521456305745
0.1707855348560489
0.12437054839981589
0.5125941726162165
0.5249023426587182
0.2865388032160123
0.2365723247689891
0.398180357547866
0.1586126818906046
0.5590466356513669
0.059976377091652655
0.3129780218062517
0.39627709283841045
0.22934101510752966
0.08947615653963158
0.21101337844122406
0.2882882532134206
0.5951425774674102
0.3514274917191863
0.4498948204794184
0.5217173189354246
0.08693841622475584
0.3012551206982969
0.39698618280167347
0.24199607538909837
0.5118739240973913
0.31427609288324093
0.5009027945475776
0.2793708474522516
0.412030044134365
0.47504814417360564
0.2969005721968804
0.3174138650477321
0.3389675559893952
0.48223395293036375
0.39530504069705513
0.49799271281462587
0.1761883093124365
0.3750024639982871
0.32282337429275254
0.5189254764842122
0.32613653917836105
0.25821668828919725
0.47457252867945465
0.22335007784206598
0.07983650124119657
0.42943908103433587
0.3700974265980921
0.3355044742593727
0.4336728803564513
0.4499008548511654
0.39645844321119766
0.4136414683811986
0.3810192758520165
0.4042960591695532
0.4698428589031706
0.5686783322265563
0.4954005009420765
0.3089599766144823
0.342105507193249
0.3097103554902543
0.39836775479979175
0.2570184501836437
0.33142342986868145
0.47640597696159226
0.23359324643741616
0.10510255351673273
0.3993234631959081
0.374948286643974
0.5687605500969899
0.3760050938621406
0.3554248616439996
0.5036879264549138
0.5316103364821213
0.3949455468039858
0.17445360348947545
0.3245709707651334
0.45284061623670674
0.47840043276208183
0.597855901329774
0.4495326938044708
0.41278225766540844
0.49129250574471894
0.30027706770559187
0.5270064004860482
0.25860923758951576
0.4277670721721021
0.2416566704617222
0.39824634809942927
0.43493519584587104
0.6445652983179865
0.3409284411345729
0.11270704968363483
0.31104654806958665
0.4568533284654863
0.5139773328165498
0.12973693251317955
0.2648008012582679
0.2896504389886273
0.493693042312822
0.27203864413537443
0.08537310123909264
0.29932589976740515
0.508916269953352
0.3361055345981495
0.5343929385133701
0.28634347674792326
0.4691803545881048
0.43689518265252447
0.32552284090035705
0.34697466990543013
0.5592724935790053
0.44691292718210057
0.4303479556853372
0.24777104871277428
0.5845388231654887
0.5033603173005271
0.62778481950365
0.357982340431286
0.5362082375153786
0.5791580452401249
0.5406720674235194
0.5560089625346396
0.22221535068117387
0.3568412519043895
0.41753060345392723
0.3485355855771981
0.42281971690578196
0.6096589499202608
0.5541625395730518
0.4044632886597776
0.26119136451314817
0.3089915820405848
0.16264081046205667
0.49461808662373774
0.37801204819897805
0.5370554204407505
0.46428700764032316
0.3375884626884713
0.11541442686537953
0.4441054274843897
0.25386073116351376
0.2641809097238645
0.602959479538676
0.3867150994238836
0.6748780531963903
0.5827001637820839
0.32494856138264494
0.5368157189440147
0.5230525602832522
0.31895705395327595
0.5501379564276528
0.272429490153949
0.6521259651087538
0.5459853239773595
0.3653675249387426
0.5609727810134232
0.4813209954071775
0.5024633987502518
0.632818433670035
0.4281083687461054
0.3838324402020588
0.5691984625827667
0.4521869824904311
0.4659889086336825
0.4036168650479277
0.37408695752211313
0.450418540551762
0.3695292096597975
0.30412229980677574
0.42372250552732643
0.3937491234688349
0.5758118536812957
0.21710383439213266
0.5501975753341819
0.2402358409425321
0.2466737994437792
0.4671065804377655
0.318814179150163
0.4880958503395652
0.6095626643112717
0.5240936477339825
0.4408647378324158
0.4921644594258359
0.44927814145245437
0.33757101091883884
0.6640322007604209
0.5859709680597804
0.39255815229627133
0.5268341056271645
0.5331238836334822
0.5448386953612693
0.41232964124211796
0.5267421174514708
0.4690394575342857
0.5611565826106892
0.6140826570678518
0.5599033979356024
0.6269336204538908
0.23597188407554665
0.6599741591852615
0.34118329438723427
0.2938620709748929
0.615149260878688
0.47827663615224053
0.512584009846992
0.5429428957083742
0.5939770098507947
0.4072215151290486
0.6726608266295503
0.3942976060441626
0.5301262670257922
0.443436754347892
0.45741468155572557
0.5193915539038891
0.47436674256636296
0.590625327612764
0.16914535830428087
0.3655739163279242
0.5842755813550867
0.41843770547302583
0.5806145364183933
0.5190660903708393
0.3610986477159278
0.4919996614151845
0.4944900709515903
0.6292868377232091
0.6351221385156292
0.4557527244278656
0.5414015132361483
0.46432672372551687
0.6093278814662001
0.49318090032375983
0.5877211068334858
0.5579093547982031
0.23694084164812712
0.43653564091174546
0.5300043476307714
0.6087424786275044
0.32595375814019006
0.651193687756755
0.5145804913594169
0.5000710101068636
0.3548438556437638
0.6583325786801666
0.43928459745492143
0.5267050704693572
0.5669432662512556
0.6063054779853694
0.558053405468062
0.6473189158697369
0.4822459068022871
0.5516864812092779
0.4481450291818008
0.4429222294242898
0.41462899600225883
0.21812488321727103
0.47860867574600136
0.5372254166807852
0.50888208679203
0.5955640866625052
0.5948860454520747
0.4651580903773426
0.419297785838096
0.46031330642858087
0.623136058537204
0.3685942905079518
0.40763761399456144
0.4378323366223391
0.4469463949750038
0.4278775719248329
0.6952872465204178
0.589070559724483
0.39010604395950715
0.5875838683345165
0.45197894720584164
0.49972560889752915
0.45071780077223783
0.6039125292241013
0.4407364221131539
0.6129643759754537
0.3759480760745124
0.3461087834382499
0.39933115640720696
0.6384575781847166
0.39327475727497196
0.5719475616838675
0.6013924630102383
0.5660830253328971
0.40686930538492405
0.35913468300656975
0.4668496461056915
0.5308929328386536
0.4927804939026112
0.22844979774725135
0.6448302123930499
0.631352184944861
0.5340260742888294
0.5194465200783018
0.6571538731794966
0.5556468488098047
0.420212041809237
0.5947090224807653
0.45143183825951405
0.49969273943698495
0.5875677131424992
0.6142320490383836
0.40669240285999814
0.15915649061238055
0.6236958579922659
0.2729160791476744
0.5635068398321493
0.3646140355541413
0.5728985578186819
0.5385137663423721
0.39793380390702354
0.5340838156259978
0.4552392164624528
0.52619272702245
0.5212706621018739
0.5327889820130192
0.66093503315974
0.497669764994248
0.35847701881084143
0.5066433866253454
0.6614639455406652
0.44820283627013696
0.5236932832198175
0.5659098667823999
0.32514428522419225
0.47493841546264526
0.5167779769779438
0.505321671347807
0.5540671087329411
0.565434301233688
0.6102011625373307
0.5445019466697858
0.5187247262187775
0.3545160789266065
0.27248897150411744
0.57522795519745
0.3486078084923249
0.4998840616058148
0.5828440073719129
0.6103623052287981
0.5475243300467649
0.4107957279303036
0.6953973336083442
0.5926683155010988
0.5070066881305584
0.5263019406239338
0.472146981038292
0.4879554565766173
0.43048597098014724
0.5877883203120533
0.4870152502031081
0.4971903644587289
0.5892815519454766
0.6422499427023836
0.3612528203227315
0.5671574946636524
0.5243526435792232
0.5145287300183768
0.603261716964317
0.588522621842945
0.6967524234105147
0.48873147708260506
0.5779919947746237
0.5332877545742822
0.28482858716532833
0.5251029298855523
0.5335771273903243
0.5990577517503045
0.6338371584060029
0.3634631930239474
0.6633947762369793
0.5851658722839794
0.6318846132665046
0.782575713293856
0.6666595394966873
0.5275715336990561
0.6020683478010952
0.5257721044249252
0.6634305826731967
0.6593954686875579
0.5697615889688725
0.701771928305943
0.5602389336741271
0.48529120499341794
0.5948098561565115
0.4903892286418645
0.5278224523027515
0.5662650233560809
0.5106180802786776
0.5555860650081352
0.684779915553929
0.5062360662551079
0.2824120001981848
0.6935343240730968
0.5939371053219967
0.5811630244593897
0.6724989396595957
0.5361696654185796
0.4081575351088911
0.4223079330731394
0.6362087941188737
0.5033136712753877
0.5673128006473249
0.31493938528883164
0.6318147940353485
0.6244853745044121
0.32049475225069785
0.6367263054855055
0.5136127290116561
0.6320297693199365
0.532304075961694
0.7151735507949735
0.6589527562765474
0.5506333122331786
0.6527917139765427
0.6603894662651006
0.4282177520134979
0.4947071022180525
0.578009590925587
0.5970925954853507
0.6039123700587555
0.5547899992875842
0.6248289910956305
0.5890534840710622
0.621628853778784
0.4971497296549904
0.23394143467104692
0.4991111308559283
0.6932052394995452
0.4081084287682815
0.5261186744905179
0.565613127674324
0.7038433839706778
0.6672354798177951
0.6750412475092508
0.5669620309161861
0.6367919399051667
0.4509060696055874
0.727855916360375
0.5485700359797607
0.483776799242563
0.4827673691812624
0.49932287084930044
0.6278365327296883
0.678148729570914
0.5800791816302237
0.4990854252181286
0.5308753956126648
0.5814063773333359
0.45271685394428834
0.4963216032723156
0.6639454252782911
0.6545343972645591
0.6934291823859201
0.5475036619737557
0.5339420076181779
0.6580896257076566
0.7587562245331211
0.676851984226668
0.5737863268995144
0.574454287219575
0.6382263923998243
0.6035193030883821
0.6392224681155338
0.30194638865136975
0.42180784936748006
0.5764881734569077
0.7828064292967608
0.588731680664691
0.6001366061187592
0.6482982409121303
0.61338446784396
0.6804223757555562
0.6091340666699218
0.6464754491225585
0.5329105439136712
0.6565598270470006
0.5627832434542672
0.6780220204327917
0.5778973469565937
0.45249898498560376
0.6549933443400474
0.49721883618145163
0.4953420764163686
0.5250608227251431
0.6499795541074175
0.6263741192399249
0.5351972745349801
0.5221328462423687
0.5720740073971834
0.633947535331532
0.7009912334773063
0.5779958276287516
0.671862279599805
0.5791360484609923
0.4535909813803874
0.5707374546753778
0.5792971692293163
0.6449615332089611
0.734200480606644
0.5415823941618958
0.6648710419484668
0.5814267908579854
0.6127080815028705
0.6317260130018653
0.7343940546892287
0.6040713364721468
0.49051770665132416
0.6365421152918924
0.6563762561471498
0.7005469136980638
0.5877724375285793
0.5680277347996379
0.46324889435179706
0.6839993314701545
0.7339234257415762
0.6288820833898059
0.637633157804984
0.660119696298109
0.5718973110014068
0.6707863240096198
0.1788244360227371
0.6361719968387591
0.5832271635935681
0.672185633680553
0.6045622261961081
0.617473471208805
0.6257983477342767
0.7899279227148577
0.6614407471292766
0.6760364077927362
0.6483311198096857
0.5543997134955642
0.5998833022025846
0.5358683841921111
0.591329013405457
0.5061291479598349
0.5529470248780014
0.6412314776597821
0.5793627959876404
0.638629504934831
0.6308052827605451
0.6722693025492383
0.6379847699377713
0.7948900666776412
0.7696729543385774
0.5552822564273344
0.6268585937068644
0.6291188476105684
0.5176634819571487
0.6379644897504259
0.7182111887515897
0.758018930932629
0.8027642862642855
0.46438157848792144
0.5807903142922353
0.3586752697784759
0.38573694150276944
0.7137785876461821
0.7791460528630622
0.6241006993572469
0.6351029415288796
0.5301844486322359
0.5941955577750687
0.5809895599409665
0.5603426746210891
0.6878142604895191
0.6759403975611444
0.48649684192664644
0.6952656044774025
0.5146215406291279
0.6713960686926729
0.2702436565524831
0.6808063213388542
0.4080313228025955
0.5814608535154804
0.7186455475285978
0.558637632860364
0.6574696238587926
0.46276819170379324
0.7072423982376482
0.7131245285078504
0.7973023391757118
0.6848927201280816
0.6692539017960076
0.5564037053758019
0.7400910458982953
0.6316553536581743
0.6809372412213471
0.561039099701396
0.6603670240029774
0.780509665186174
0.6739702341793888
0.5613694503510985
0.5908829578999912
0.43399837622343795
0.6019406106379571
0.6690733456378624
0.5488822181379541
0.5959783130416463
0.7621657096200779
0.7262335762795569
0.2579897152808321
0.48124299036313656
0.4667472763544284
0.635664962994163
0.7753473322862638
0.4418437390527234
0.5633173821024102
0.5806012774442891
0.63221791141988
0.6215343848109413
0.6149661634364133
0.5048175891871919
0.6368786140717774
0.5842979906195497
0.7056159795640778
0.6458405891861936
0.5791319557146523
0.6139814980546567
0.6719803267608588
0.6229840836082292
0.4971374391221259
0.6414998455986454
0.5458270103573227
0.673416145207987
0.680651626219785
0.6976024283362636
0.6833032344358042
0.6121582002257339
0.5686147741187846
0.5783218007499875
0.5713110397202081
0.5397091977699817
0.6567097950010943
0.5507107980257124
0.7032497150906096
0.6259896272066139
0.5995753749690532
0.6075467518976648
0.6927377452410357
0.42437462538676984
0.7312534125334496
0.6757697750026267
0.7814933342085156
0.26175045135847885
0.6721009336703451
0.5862826902838675
0.6265691963593437
0.6731760680124387
0.6891902656849873
0.32800667878823314
0.3023438283711261
0.651638828001343
0.626806267957496
0.7531613801333529
0.6413063220382863
0.6177861431428705
0.6681920239247229
0.5466596929424028
0.6703623143304123
0.5215243110959671
0.559024236512712
0.638888868036941
0.5675605368369268
0.5920154055554161
0.5614443095517613
0.6925611222746163
0.6497478496629331
0.580673703719638
0.6937359765376143
0.7057267956710254
0.6479135539759154
0.588711704086565
0.5740128216527504
0.6373130101971223
0.7056399178130184
0.607799230952033
0.586559424571718
0.6742789257832912
0.5663986232068897
0.7009222442269528
0.6318657501471688
0.6464993609906152
0.6239276992862347
0.7727843510905593
0.630401119010233
0.6085233504431397
0.6806816394580454
0.7017277030822089
0.654916092320308
0.6006401044535438
0.5207468281333497
0.6286260482516242
0.7927234471216495
0.708769746743995
0.6775964624513944
0.6215821145522606
0.7386027036524513
0.502158135730609
0.6475871536706233
0.6593160721115697
0.5423753254320224
0.7467806078348577
0.6053341740497367
0.6366374402120833
0.7092013896385603
0.653645957990427
0.7511518752820088
0.8013501578637774
0.7068868539092805
0.7116149525646874
0.6091013831818277
0.429999352242833
0.5336495900404645
0.7009827490677245
0.7786424931946214
0.5912224069368719
0.6450651760740042
0.8002254947140094
0.5360004595476753
0.5895143620353898
0.796454574663522
0.7099362005068355
0.8060356764424995
0.5237207079459332
0.6167730128546938
0.6928782538072776
0.7537595147567676
0.3943443491470323
0.6057516197498005
0.6276981262210124
0.7123033019829763
0.5374489025739004
0.5282624646777347
0.5630303673380841
0.520395296538291
0.699309897767575
0.5408226525178429
0.6007705712744991
0.7024585710134454
0.6288508656767889
0.6974929530245234
0.4103043383921285
0.4873628723986866
0.5040802109080904
0.5623592565954385
0.5393586042706431
0.668450708202981
0.8079117348804797
0.6299935817061466
0.7100247240917062
0.5742935796439316
0.6732715649949023
0.6523976139547273
0.6360808466436765
0.691890815203424
0.6709975686146565
0.5062488928767048
0.6636491359502626
0.569029868106978
0.570916836804722
0.5538824749535233
0.6968147214854971
0.48646341911516616
0.4609400966460367
0.6176703259676407
0.6809646408865853
0.6271813336453895
0.6880573401979697
0.5829301674525031
0.6325690151832881
0.6635740342062274
0.647718777010685
0.6819938835236826
0.4830495894961444
0.6550865431789018
0.6453572725708058
0.7359093771320514
0.731532005863352
0.6272646091004805
0.46842426745929777
0.7307742707262272
0.7200629339197708
0.5684682630054008
0.6154169748356009
0.610461603505368
0.6165031402357934
0.7092607076481252
0.668472224605326
0.5732947456822235
0.6047299872997612
0.6388414256344064
0.6998240474614018
0.6342966321853943
0.707120949894679
0.7683351528703568
0.6509957470662785
0.4575735600014005
0.6882642675279814
0.6562947307554968
0.7194296097547195
0.6758956981132787
0.7313552007950632
0.6788855611748711
0.6846377578395871
0.728444746104457
0.6354344241499162
0.5991365361461771
0.6631808979712992
0.524461419661173
0.3686760705766774
0.6593095035299834
0.7792713896112111
0.512504263643326
0.6591003805038116
0.6233438746514379
0.7407224329039679
0.7311280222070827
0.5417698230343733
0.6722900031387024
0.3403125865072433
0.35867743927274354
0.6513194236797597
0.6709133033370711
0.6630882161979029
0.6677738024758471
0.4312945422017519
0.5183010714010735
0.6754953796048908
0.6197565802993051
0.6051776942461098
0.525166284094443
0.6078815374097423
0.5610847015291607
0.6460867079653321
0.669099685598434
0.6561694289838164
0.6927039326931614
0.6791284982871494
0.6185812518275804
0.6516293751120135
0.7461669216669126
0.6350539363484322
0.6746239334095037
0.7356165651129176
0.6705295177801783
0.7494280854978469
0.7182908564185104
0.7122621218302373
0.7641395708470798
0.7993454014464166
0.7477820338426588
0.7378240226613281
0.5686388795778115
0.6628366443886164
0.6173255910316737
0.7596439620364056
0.7036115390168749
0.6260062742490945
0.6498423938933152
0.5848630692152157
0.6554818812850068
0.6976278874372646
0.7759833013466604
0.5574274775129888
0.6405380959371033
0.6035855881358675
0.790320426390299
0.5876642456407235
0.6922023882535342
0.7482448304649196
0.6882858849924173
0.8277054349709284
0.6261862838462837
0.6667283177787319
0.6732994801015749
0.7988222957290424
0.5948298266741648
0.5584107929379148
0.7674643494717359
0.7419128321802083
0.7287034637832223
0.5785296804778822
0.6595643583538385
0.6548911302632674
0.6356926921870216
0.6395541586660686
0.6463378479071578
0.5778269807009491
0.7851230718971004
0.7242982091443302
0.6945091440032243
0.5588768256825845
0.5597532845971874
0.6820860495257167
0.6954726143351445
0.7472425343428667
0.7877075906415132
0.6871716057753412
0.707272268823217
0.7630342530073763
0.8188469468552516
0.7484426806831208
0.6370231793048745
0.6315947026516259
0.7663515082272184
0.659260096557463
0.6764380208116944
0.7372217720021194
0.6749991715550366
0.6211867147022531
0.7657008673034055
0.7739309386630137
0.5966892848531096
0.7111388602414896
0.6802291510446052
0.7589861492968043
0.6270133326647401
0.6900167702996066
0.6104021229455069
0.5915503225841343
0.6417223776528512
0.6345727340901448
0.6830745118921926
0.5616347359318885
0.7870608390339298
0.7755164809204803
0.8286920741824078
0.5685964253513869
0.6344479243456763
0.6421440221165453
0.7156809504602467
0.5149558647368621
0.6002573966784159
0.6805090493667848
0.5658450774293736
0.6663133865735941
0.6301398660487544
0.6755592658885646
0.7185931773999182
0.5726442766824029
0.6729844905565671
0.656653179940064
0.6490677219520125
0.6735988239034074
0.7560916599843596
0.3106944548668398
0.6879260304004206
0.5457648696416237
0.7576709464861687
0.598376877476774
0.611793604955056
0.7083270066804964
0.7387818663819875
0.6809549638924759
0.6519499631974106
0.5638851562364937
0.6912786162179185
0.6724675077597709
0.583673834744435
0.6947316515571774
0.6217473859585596
0.7896165621835328
0.6889447438484853
0.6576890616781155
0.6995868772818506
0.6601988893923483
0.6835410944733947
0.693758227267912
0.6555239121871181
0.6485310807512731
0.8345996747053955
0.7939655033198146
0.7679251850851304
0.707700216574365
0.7251661807427909
0.6402395417369976
0.6926395743167426
0.645128155214332
0.6685254194792064
0.649804760771011
0.6312980573354285
0.8021324450626723
0.7008307960415137
0.7279096193329877
0.6859481805630329
0.6405697447612959
0.7568609900923629
0.7007666808934734
0.3369177801068
0.6157878983366069
0.6204840730823961
0.6985780198914517
0.7660136427752553
0.6802370559869141
0.7970011994957321
0.670104256745515
0.6735736106150532
0.6673824253135138
0.6446319811130639
0.7070999029752911
0.7184083755520377
0.7189044854598621
0.5703915697740931
0.6142418972147152
0.6334445465711486
0.7634656499396401
0.5871523511700514
0.7324964764160652
0.7157292022354735
0.6372757492375921
0.712725918155996
0.6547106714470432
0.7050754914772651
0.6843578958214706
0.694197075890839
0.6945661927452131
0.6757345782226544
0.6740800473278032
0.24270657798855677
0.34967873498204555
0.6660127990611295
0.7959084070800997
0.6044946430219412
0.7168393068195015
0.7065323088211686
0.7323605898649209
0.5122373298574354
0.705207152438989
0.6371086828022454
0.5835982058548828
0.7206857110776717
0.7193283937086768
0.6600480534205531
0.7014685849763803
0.7052920350056061
0.34938981877498704
0.6790151546680079
0.677196827019688
0.5793909111140393
0.7495943883330731
0.8349136090049296
0.7911489374124678
0.7261018291171638
0.7289382686476616
0.00010558429348808996
0.6586656228485426
0.7485160334749772
0.7450342077199368
0.6481438678828862
0.75109524186147
0.6508432021312099
0.6774939904076942
0.6170780722432095
0.6291641394716556
0.718149228474098
0.6228300774458291
0.695612677763475
0.7041470520837977
0.6252132409760826
0.8291862037926431
0.718545152221779
0.7315634652283319
0.5528827369990593
0.5588849889842059
0.4794422791921262
0.7746117121485354
0.6797118646303243
0.8162860146489723
0.6840381229260402
0.7382444653558669
0.7141460111438748
0.6467234702238325
0.7185576773960203
0.7115541765776784
0.6720009029189
0.6336119141610613
0.6310310689175472
0.7421733497698981
0.6149559212449254
0.6533223379427536
0.7570345911320276
0.7261190724001133
0.7647313014697441
0.7045332200937925
0.6966308223378092
0.6105722317585692
0.5964936994693838
0.6840190560771185
0.6220083305888187
0.6881425173275821
0.8015271153742902
0.6453089294928823
0.8330085874077165
0.6786406039279091
0.7237395272892688
0.5983786115282849
0.6992698899749531
0.6868816592455851
0.5676357432244278
0.740716635481867
0.6258133221522144
0.550400198654587
0.6895943524720173
0.38531447298915034
0.7352396924587308
0.7039668197002124
0.6963825463515424
0.7002944207837517
0.7475535642192864
0.7028984330434862
0.7083155185721989
0.6368681995457327
0.672489174167487
0.6584647896779537
0.8465923145675402
0.5227634790856154
0.4823923930200915
0.7741819239087101
0.4510978914934243
0.7125163044562371
0.5939088406729601
0.46706425746990937
0.594824367975358
0.5737575409765356
0.7138055409462255
0.6674716497901069
0.5723828917204923
0.7393804171130164
0.6644780147953468
0.5083212681410181
0.6862443887769465
0.5762817846368118
0.10438990314749741
0.55972013936513
0.6906188151237644
0.7385276895649296
0.7091343263041
0.7218282193237975
0.6303032214641298
0.6639940955570176
0.638050048968433
0.7526584959073991
0.6766440250891306
0.6901013883585901
0.6492787303676815
0.7033069348884617
0.5595572973331611
0.7128121153685706
0.676294997356058
0.7359653425359342
0.5705005054242475
0.7114974798575306
0.6472501682630714
0.777389896108339
0.678343512178093
0.6935025726854175
0.6606350843845532
0.7762493980150625
0.8337900745245288
0.6791901009589034
0.7605917797636801
0.800375912103295
0.7175116096184843
0.46122243436217614
0.6553366948989617
0.6479317461387211
0.6735162116086443
0.7373850251169752
0.6961724909702102
0.5105171574606413
0.6491279574487068
0.7743063485384835
0.6593508340908555
0.5001416491909386
0.7006216450379422
0.6960176036885356
0.6079320876436737
0.7166798910658536
0.6948641501138161
0.5827875126714813
0.6483446189460714
0.6784871861583517
0.675394284167446
0.7438066499954283
0.31126338853845026
0.7627937496517511
0.7536653777348397
0.48205746146431855
0.6545199234362457
0.669233518985904
0.5850818132579387
0.6816881842160099
0.7918498287649994
0.6605538122774667
0.6792124485454878
0.596975108172305
0.569025108632296
0.6561948309679779
0.6830851771353136
0.6177086551305536
0.6959786754519004
0.7448616090428262
0.6414984822066004
0.6927138606125243
0.6839807201698229
0.756370900706996
0.6881933462682942
0.713232381361656
0.8247025114070411
0.5403946844763248
0.7617445830476286
0.5640200262667056
0.5682112180777199
0.6993451180940572
0.6460418633162894
0.7824772931268669
0.629013013943474
0.7180087846570854
0.6438783176254881
0.40676923393806247
0.6595985667696092
0.6867846064774722
0.6472351627369564
0.5244111646509991
0.5102011272833128
0.702454092883962
0.7202437199078905
0.6874790915105291
0.6095805454728092
0.6160526674502765
0.4986426262291244
0.661732679726899
0.6565156484887626
0.39304434353188195
0.5476101565905885
0.6492576297001982
0.6241317257143197
0.6241826391237508
0.5817967772390557
0.6353871835656413
0.569836182609692
0.6724694771034133
0.7774548494569661
0.5590031914870779
0.8255737539217052
0.6720803636364288
0.6818242495119833
0.8266309894486511
0.657327997528187
0.7538960911015693
0.7128252589853488
0.3315136221486638
0.5262692211346294
0.6775078129824236
0.6901859724969978
0.6081871160055107
0.6633680585209841
0.6638682189266505
0.6192284729669131
0.8188134990896782
0.7421678639011975
0.6734981767657148
0.7248317849900835
0.8551115163743316
0.7804898179774511
0.659196445117062
0.8202555750613244
0.7161339502298489
0.6386508324179164
0.5097908976639708
0.7313209158587175
0.7576100473750614
0.7295398856336632
0.7645939694490813
0.7136717360943683
0.5815727780045139
0.6863312311411692
0.7111269896833309
0.7541705526148564
0.6589877275014263
0.7149634836195601
0.7710083389586118
0.7849435807916665
0.7820573114809025
0.7971928069439558
0.7489815315603886
0.7213548759190335
0.6710814513902577
0.711074439332443
0.7303895941724765
0.6853658995311938
0.7935389138873781
0.6261107759510872
0.7793101781486971
0.2481033328688592
0.7725541109980807
0.8145562854082493
0.7138694760999171
0.7452488637478203
0.49778315501852133
0.8244131718194952
0.7463791214569261
0.6317648909871172
0.6986791705989311
0.7408405618460447
0.7342618174563686
0.8183031140706454
0.7625541118333793
0.7665824723659714
0.6255791745781362
0.7830622507660097
0.7930990150282924
0.723556535185308
0.6821092177137144
0.5512640856381391
0.7065105341337472
0.6892489648747546
0.7667293860077787
0.7215338600341958
0.6284509835619952
0.7116497273706702
0.683301657074426
0.6775132625413163
0.8362205992156175
0.6900933643445736
0.7999009650891368
0.721705608936679
0.8555863540008669
0.7787820456644183
0.7779888641505233
0.7991934150300356
0.6261652187083063
0.7569035865809447
0.8265199403494402
0.8632288362863926
0.760266520076876
0.7752013420864927
0.7738769081231562
0.6775927552407652
0.7102823245081147
0.8110411659083188
0.7647765618068955
0.8345539068745192
0.605382790708269
0.699099331933138
0.7443915841243247
0.746492600882199
0.8743899228666077
0.6452089269644914
0.8228554254934133
0.694338217891696
0.6954445132721299
0.7999031570869083
0.7792701991854217
0.8099311457711758
0.7173521446912327
0.7167610674603299
0.7745204845447564
0.7218932063974871
0.7872006235418965
0.657165149682976
0.8674875807012505
0.7991863247065412
0.3710705020058465
0.804012311669841
0.19222194442229956
0.79182488536313
0.7745261325594599
0.7246874077454408
0.6960662921178324
0.7309996278627219
0.8375161796503737
0.7675383940433802
0.7794643166539693
0.7853221333125306
0.7559838326839123
0.8002171533627045
0.7344869980782728
0.788115892620058
0.8542822685114545
0.16057738802913477
0.8341702312597777
0.7405678583782747
0.7454148001332385
0.7652710523901516
0.8000377070295721
0.6032820313861535
0.8613116698044451
0.7553896933653306
0.832347507814894
0.7161486307268935
0.6541574835303969
0.8451516606907468
0.7449961840121645
0.6757337474022042
0.47427672661821174
0.7722762498943849
0.7631900583806752
0.7705806018589088
0.7475246338203374
0.7570236251577849
0.7198558293035684
0.7763354580534017
0.6479799143176809
0.3786028627966169
0.7064719384095465
0.6741626120439175
0.6088271081650269
0.6004605210836483
0.5704590475744422
0.7096384431722346
0.7230686184299826
0.8307922275670014
0.8226720825194882
0.7635055598462295
0.8424241095379521
0.8258995290153259
0.8087452244688896
0.886772269999523
0.48917058617912185
0.7597391322211962
0.7615463894721013
0.7910406880089421
0.757158197977412
0.7272752005658085
0.7195229292920172
0.6845598432567715
0.7279026035619587
0.804315050353063
0.7852770407710341
0.6367775361915214
0.8484069796564839
0.37397668246821725
0.3664566168693828
0.8184961417228177
0.852952858887869
0.598956765510457
0.7834313966167187
0.7653268756059494
0.8062712637567317
0.7187740345721982
0.8107035021862798
0.8485528963003962
0.7995389713719553
0.780711820749018
0.6817641488699848
0.5732118028582552
0.7398976193070284
0.7791857534260958
0.7303487712422339
0.7702681749564717
0.7896918697847147
0.7387966091260536
0.7465480584148533
0.8107746794710866
0.7195757301244649
0.746373145965266
0.654802053871248
0.6600146928637507
0.7759362006015206
0.77451098309667
0.6937459172286964
0.640633973542475
0.7037848255820341
0.7851129654317568
0.7968886111063053
0.8045460967591285
0.7140349292224414
0.7471599366794806
0.4405574960763988
0.6785554666572682
0.8117316487752001
0.5997698054973268
0.6675135106791309
0.7797270037811779
0.8465225395867861
0.7853322119824435
0.6034057846647322
0.7006157339002962
0.7562028741368947
0.7706085345901976
0.5897755997182876
0.7234530539910969
0.7447382962146873
0.6638961523806175
0.6414009650316931
0.6928716590192203
0.7421938882424786
0.8126127564399916
0.6987883597347078
0.7698809681003379
0.7392285923238221
0.8421480876036841
0.8173867138374287
0.8363984726957281
0.7319899882537173
0.7059294382473703
0.7551480483727494
0.6815717506919488
0.6145769579265825
0.6702043435724458
0.7328784581019397
0.7148749800146368
0.6909062169036426
0.7211721362881921
0.6778683641939481
0.6255405865261153
0.7491973660501245
0.6239156421188682
0.7223556845022537
0.669372961325264
0.6657177974049749
0.7635650776382509
0.7375773488471546
0.7813980752803092
0.7833142721621023
0.7337165326993268
0.7411782259561316
0.7672239946765517
0.7791383070986281
0.7261204081763379
0.838611283107781
0.8930370203848947
0.6868417034640969
0.6675949789920351
0.6118819162196761
0.7016383593232333
0.6308864831726789
0.8058004151150301
0.9037041627348376
0.7686279328420557
0.8384871475379732
0.724682499453063
0.7553893447378099
0.7646748722265735
0.6911201552312233
0.7854057641718335
0.7853764006964197
0.7932361829595077
0.5958437074749112
0.7310353489770017
0.7694399425052094
0.7036195631948702
0.762665968210527
0.6966406255413392
0.8298757660062399
0.7262179209377396
0.10276571864883344
0.45895208423322387
0.6508633643321988
0.8109525768732914
0.7696898421883005
0.6734615749372989
0.7491638561702372
0.8175159680964704
0.7279348493802753
0.6793123634619483
0.802071786813006
0.8460801326070991
0.7415645411612934
0.7370804494726053
0.830137461730729
0.8058920736435096
0.8079320671048812
0.707636038832306
0.7535069552488782
0.8010301660214545
0.7379499028565406
0.7445542382912171
0.7642389277258377
0.8052928910808004
0.6772688108530425
0.6254835130583823
0.7479084392675952
0.7251908955126968
0.7928078632372951
0.747662587794065
0.7656747769851201
0.6917890935401252
0.8285707560708009
0.7634415580170791
0.8228130279198805
0.8687958544037332
0.742962183380546
0.6852564137933538
0.6982479755676888
0.6106026516497094
0.7449066704903151
0.6928278399794872
0.6973751493322115
0.6879625210082423
0.7976696458584474
0.8101114340120233
0.7498672512193924
0.7208373346379748
0.8117776673370529
0.4079592376001995
0.6455594597118812
0.7327349115694639
0.597510673037929
0.7875704825405019
0.8130971706959924
0.7438285744123547
0.7992962305908907
0.65588997748282
0.6688173184716055
0.6678157199394922
0.8397180998811621
0.7483135173863262
0.8181050820763622
0.7945664416797414
0.8818676135565164
0.8241527227431779
0.6541604068398844
0.7931172273720865
0.8272323463471639
0.65546007259282
0.747782474176554
0.7317147805720561
0.80023028727569
0.8077310869742427
0.6037529576380243
0.8420670414119285
0.6678699556301327
0.8137989902933378
0.7719937714921511
0.7324129912268424
0.6023652281314505
0.6728748918738563
0.6975787850499467
0.7278321997597221
0.8695076711222945
0.7817365068436177
0.705188961526957
0.7738804198137805
0.6286644555961161
0.7809241602090686
0.6085857991229051
0.747446012911223
0.8484113630395287
0.6531941126995457
0.8261853019731085
0.7358800100057814
0.8499399823961002
0.7772253759027457
0.5553768588106531
0.8190515200152183
0.7952617855934272
0.820354154992165
0.907923013306732
0.49588858739103236
0.7130049944356291
0.7236842593865951
0.8327630316627347
0.786989086681312
0.6622430524608928
0.7146233704631988
0.5502268438179083
0.7831717422209811
0.8272466585529793
0.5750416587431267
0.8513728785791004
0.7959058397489224
0.8269787754845006
0.7162481565935779
0.8721618180151789
0.7062583174404555
0.5294274310666338
0.8134938383216689
0.8815482251224366
0.7899041794537431
0.8173308252115038
0.5507633164011334
0.8491584037143843
0.7767519973606605
0.7351210651440772
0.6848689910564305
0.8305356381444667
0.725126498098267
0.6764257808824609
0.8287361034548235
0.7205652705201525
0.7795349265369883
0.8019113230460521
0.8356162207258347
0.7679362176477085
0.19813157458873498
0.7463435977073672
0.7173336426995413
0.7271432340561944
0.752953044382355
0.7637969810861329
0.6688690290573782
0.8745591129217748
0.8153226788364752
0.8053388698214838
0.6878978095856476
0.818601044337627
0.7779297856860201
0.8388495594258231
0.8309720362387875
0.7543421851642422
0.7026075666441984
0.8212127516464932
0.8290285718730847
0.7639212718380147
0.824391052056518
0.6437271357197362
0.790793576870388
0.878592053945136
0.7095054995909155
0.7764266109693242
0.8219293817551723
0.6459678822573304
0.5691291754379953
0.7501572368682902
0.5818993663110035
0.8239461457728823
0.798061455705135
0.8807815800507179
0.7887529888956035
0.8404449802519235
0.8544486816671463
0.8112115108738351
0.8106570332392572
0.7461290642493527
0.7688313462674362
0.7795157038914676
0.8476828357396112
0.8281736214299965
0.8124073382111825
0.9360450862825118
0.7865046996457103
0.7710961811212751
0.7279353829977104
0.7115207864987921
0.7654908848021426
0.7164341403443628
0.7122143772226844
0.7145238908899013
0.8798267637228773
0.8424353660920538
0.8304766222359282
0.7203864914351921
0.6831380165262761
0.7515452361162351
0.6964924511899082
0.7624172251242485
0.7487904009869076
0.7254143156968555
0.8600987989652844
0.7631805313229016
0.6543732840007417
0.8478308251478777
0.7176326375372487
0.71225347937022
0.8865279414997415
0.6913970152854021
0.6565464499626938
0.8994997834737576
0.8469675359255965
0.7428364546640845
0.6902630421000658
0.8307781175554715
0.7623651327836517
0.7678380665563302
0.8212812262806883
0.7926403194299411
0.4753325918120438
0.8003061795821206
0.8119105030506465
0.7527125981596703
0.7320383391628589
0.8433747874695448
0.7771788536077864
0.7108569893868686
0.7808038166193341
0.7536172340594078
0.7217393520218685
0.6476465815314308
0.7203483253416363
0.3283073406177369
0.7553238892693525
0.8489238394174485
0.8440468602808323
0.5862003077557422
0.7641159934898109
0.623084808020422
0.7330914946504937
0.8919282502947763
0.8093203618205247
0.6298385866230857
0.6576819335011571
0.8078523164083927
0.8037794769723726
0.701299761111046
0.8266407497996281
0.6951760831316705
0.6774705805367861
0.8320609575299788
0.8080838106334691
0.542719154496165
0.6865732728033598
0.9358122555573405
0.819794261224507
0.7730385483421943
0.8601411052163119
0.8158792846250214
0.8830082241888759
0.7743376777227303
0.6213468121471974
0.7351867557270664
0.8590995147604044
0.5035662731204962
0.8405363450342344
0.6915428613289082
0.8237884795637223
0.5936599977788368
0.7995218223169828
0.8414562743686398
0.6482810686954457
0.7114674801871688
0.7900775323905809
0.8304208748100723
0.7057286862001847
0.79331083328049
0.8558736497055456
0.7386238371877845
0.7833433127516615
0.8584610151693071
0.8638351976017643
0.6859622488283398
0.72232558054155
0.8523497846383467
0.6568250598670197
0.7160497539644846
0.7797335011159098
0.9080011267959566
0.7796485849001052
0.7659309455005147
0.7770956288741343
0.8574367092047476
0.8049140044299843
0.7125727290061953
0.6309445037324652
0.8219712256394047
0.8184273324969101
0.9197144785687599
0.8301093821699109
0.8116662898474368
0.8406794959362448
0.7867934682955121
0.8720297844466849
0.692778494515461
0.7860154999157102
0.8255035170742285
0.728550184483167
0.8059136859176603
0.7487550503986199
0.7214859118160192
0.7032043341887857
0.6554866450993971
0.853428555329898
0.8256797067373439
0.7776479031284634
0.6737736084614305
0.7794618378750552
0.6026782499931458
0.9055392287691794
0.7770500001710373
0.5932755028398
0.8779746580040475
0.7993173565278672
0.5529992651021081
0.7385526568126188
0.7407422705396022
0.8297267583666289
0.36590077077264577
0.4625433956117734
0.4662078900916404
0.7877724927275642
0.7263462177766025
0.7776479920794422
0.9437997709489541
0.5835129699937748
0.8496196997962371
0.8446231952745997
0.8318259958942967
0.8406384530456257
0.6286084484857066
0.8472507277836118
0.6952377537835704
0.8023493759300756
0.678688007194394
0.8000254603274949
0.6855146811908405
0.7711094720675996
0.6337015117834366
0.5732194131315728
0.8317814372547874
0.8454029421684445
0.7881612301821841
0.6870240280135468
0.7424283549695525
0.8025084438798654
0.8323168426964718
0.7220481548528072
0.7355890634396368
0.7645968587730395
0.8416154409938177
0.8152612339134557
0.6404107211482949
0.7693079175805998
0.877114356313232
0.6526851539353825
0.8214006571364213
0.6953076538176381
0.6183753386353136
0.887340786265148
0.8087619880709387
0.7232919449781754
0.37816762746735466
0.8200059410738048
0.7906393516200755
0.8005922533983116
0.8178669053110867
0.6181798833933723
0.8004644352293099
0.6700022198665448
0.8326521196756871
0.6620630665778178
0.7534484765471706
0.8287762016226985
0.71928083777826
0.35799829416893075
0.8808459091713092
0.708172733583872
0.7328296506906975
0.7862505195925923
0.6570858843801979
0.8079290808658149
0.842250980069933
0.7409458084178651
0.9224283412267572
0.8610291820275539
0.8597023265412065
0.7550394295402785
0.8212905761090588
0.8083121352293547
0.8151434717753159
0.8569073805723998
0.694775678997725
0.863675527325103
0.6868889869494725
0.7550997071021536
0.6381840195162966
0.7065193441373979
0.8438935807751864
0.7573688586232089
0.8220607373547018
0.8450657462318266
0.8283080907066562
0.8580955613422161
0.7342744901253693
0.6930948807611899
0.8055040704826308
0.7343334117001034
0.7419925887794014
0.9040386340042603
0.8322928542513233
0.8723903458813485
0.7759820023022991
0.7340119809177794
0.843045689412893
0.8530675903854907
0.7213425187735722
0.8078342613255337
0.7203255875974581
0.7340560456545578
0.8028221790329094
0.7627196274634437
0.7925546114944838
0.6672567905875313
0.7727402131128442
0.8181603359247215
0.8011856429281206
0.773907332356685
0.7875593540134552
0.4377267612636001
0.7173944829931855
0.8781102253877254
0.8671429633119482
0.8161881029937976
0.7965054449893575
0.7701024800188598
0.6637543324996407
0.8116164189206984
0.7743641132471215
0.8333010415332598
0.8939622594076054
0.6157714807334976
0.7857723755494439
0.906267877011855
0.7096826076174758
0.8924477436504106
0.6527902317666022
0.7447649192318765
0.7483151787298232
0.9285374819310439
0.8433896615413662
0.7823088418775206
0.6928886264246651
0.9263645426329306
0.5476080589056789
0.7789905872541761
0.8132825011858833
0.8466013448113995
0.8339794449722107
0.7881198777416664
0.8440302559020408
0.7520365726922453
0.7579432568732417
0.8772734979344221
0.8592606023326897
0.792553748978371
0.8946232434711462
0.8023888355704684
0.6471628489477809
0.6944808543906325
0.8140845219067699
0.7575363076950896
0.8835604790039229
0.9341767751661334
0.8362141823351369
0.7757927628176631
0.7841079221636497
0.8529364461605664
0.7596707561483937
0.8284523558150383
0.8278073348783882
0.7428423518457664
0.7008593600529816
0.7500547132685419
0.7534371131722928
0.7249540175840984
0.8989271488229107
0.7250965881659502
0.7272576828950404
0.8242022323864375
0.6499217947256265
0.7072077488563024
0.8190087619522778
0.9444427360502655
0.7040381780198202
0.768890839286926
0.8319971039130257
0.6438802338031402
0.7881609053209152
0.7450506654262233
0.7969090455443008
0.8870470043504213
0.8701566850299787
0.7361481883392629
0.7900620060861727
0.8967891253634118
0.8273100946698474
0.8286933805376182
0.8196605212076032
0.8025249058105892
0.7131806172699799
0.7679143171811225
0.565767125445403
0.8376782318881019
0.8534730034953201
0.7954547201490193
0.7532066522951218
0.7768977537519629
0.862080158075301
0.8842863394284882
0.6923529303380239
0.7005752723008248
0.7160105146819856
0.8257870813721655
0.8442395322149833
0.8234284157743251
0.8509233221029475
0.6384616721205804
0.7492283978834676
0.9234166989922374
0.7537245647785571
0.8244064425091441
0.8694976518125079
0.7123652105392488
0.778232516619978
0.7982364029891832
0.868624152178824
0.8358333315324896
0.8377996716653554
0.7038301520286347
0.767296199133374
0.6995919940991786
0.7688444523493945
0.7933504014940129
0.8211745575594018
0.7512825070620818
0.7293012643496646
0.6997802713190395
0.6747748617215075
0.7834727352427329
0.8198399712563973
0.7665670500518731
0.7051667407262312
0.7528873308552769
0.7305334255720217
0.7611709976366707
0.8723688086798961
0.7337018309344709
0.579593218868624
0.5433358982113528
0.7183993682513419
0.8417645727112171
0.8321256431639964
0.9001247691262606
0.7593344787643866
0.7868532297161255
0.8511596006770721
0.7629164355829231
0.7336048304421883
0.8165771815005479
0.8752678528423836
0.7402816600431084
0.7745054442341313
0.6950941242127968
0.7973833311721263
0.8057047655765699
0.8362002300059193
0.7570347281180138
0.8861245890461966
0.9080430640960475
0.9245605598601375
0.8208976823596076
0.7514318027470004
0.8883923772303943
0.8485335582263704
0.8359070929690869
0.7705328316195709
0.7886987851762516
0.7980628936459496
0.7887567516957824
0.7910368977863845
0.83087149624732
0.847413575082498
0.8514577320789075
0.7728825054350466
0.7831512146383875
0.8347130772313771
0.8319827215663663
0.8674844172080785
0.7950769472643653
0.6791642358122513
0.6707490936575975
0.760138529550326
0.6192665398521744
0.8626895426500331
0.8449251899646876
0.7964486207978816
0.7657252578655814
0.8640682835586414
0.9431942176583401
0.8404925120694131
0.8145572108118961
0.9163526189330351
0.7656229311405148
0.8668380032015929
0.8406171435173556
0.7530330120059616
0.6281099000431873
0.6793190582315772
0.8334757641172494
0.7396311734091506
0.6976024742218552
0.734885831810158
0.8191339378058927
0.9017445085236305
0.8458482298071489
0.8053149930591563
0.7293758207044047
0.7746581239562574
0.7706032739746561
0.7730819018732555
0.7557846361759633
0.6163088026940398
0.7732465291162276
0.7599457788640627
0.7270885530990143
0.7210495400241409
0.8227980834497148
0.8266868611657088
0.6903163167115415
0.7403084987555762
0.7094584900060111
0.823607723537813
0.826814441272387
0.576992967578063
0.7545760217041706
0.8276721906528729
0.7489044246577808
0.7984195979633553
0.7121829177139525
0.8307362743257931
0.8053558582665695
0.8046961573195656
0.8830218028977399
0.8071401641568515
0.7726416545400058
0.8088290110888822
0.6857912096453562
0.8272556336262593
0.7527378864278748
0.7933708526182933
0.6640935546615231
0.8062895736223601
0.4644305818258051
0.8795120950269917
0.8198399977446016
0.8564822450722213
0.7971830015661259
0.7962692546786054
0.7058276662815187
0.7097503900053787
0.810537987228099
0.784436156708464
0.793641452949119
0.7498090422610788
0.8515304057841778
0.8039849284557046
0.6908909218286601
0.7441407667126265
0.8407149363221111
0.8119122077278389
0.8211206835236324
0.8533583810785343
0.6588784382246291
0.6021189999929316
0.8529409842137252
0.8363503602059352
0.7586316321185026
0.8258305167400963
0.795201954236171
0.8106445629787096
0.849652661977836
0.7391341307537366
0.757935907949762
0.8235803053079138
0.8467205124222609
0.8278710941874674
0.7403329498046329
0.8395541400565782
0.6836530824021898
0.7492953807425734
0.835934344979608
0.8523519182949164
0.8295863605672165
0.8416927657580916
0.7366942764169002
0.8390701889149915
0.8137306456182604
0.8456855792646958
0.7644619601846097
0.7584893812417932
0.74655681706206
0.8189987887247537
0.7046077319988268
0.6828076150265122
0.6322466958633414
0.8407680906531344
0.5468576026357009
0.6278393952714791
0.6434072294109855
0.7661934808883639
0.8085810248770042
0.846130863959412
0.8379261949390497
0.78428589542841
0.8374737196458184
0.8301805050251307
0.7973093322411144
0.7311236981393223
0.8532259978365956
0.7907991783343076
0.7105778748018252
0.8632839446795317
0.7908829033124374
0.8626892655907976
0.43781411294619976
0.7784179953029515
0.8269236734331282
0.8834699511370298
0.807928181102632
0.7834233870124795
0.8158529127568154
0.8267414599747289
0.8456299137316453
0.7416464697801659
0.6909161435800633
0.8489405022151452
0.7405887112628702
0.8169445911787434
0.755632328322161
0.8199994677656303
0.7505387332639206
0.9272720323726137
0.7788773838208506
0.8926768776105224
0.8090709726880939
0.8511606914039074
0.7710717287925997
0.8329568030027553
0.8442840445485293
0.8192671350117362
0.7986630057921039
0.749761248633573
0.8534139770730566
0.811863411219724
0.756616631627155
0.8060605886731926
0.8732305804986207
0.8192558907422729
0.8622647804130633
0.7276527073540626
0.833047397797587
0.7944738048209048
0.8197061321990016
0.7895926470485761
0.8001508463616678
0.8769425611295166
0.8975480947009704
0.8026989049763599
0.7983989665431055
0.6876258612227046
0.721559942776516
0.8570412451160725
0.8278790981929715
0.8138266174614835
0.856360798945681
0.8473588413891295
0.9014776696271563
0.7954422266494379
0.7917956745514675
0.7316091563644178
0.7657866122374163
0.8563845759912789
0.7609725074951913
0.864284444709989
0.7851374718423645
0.7990544612610841
0.8364869209074139
0.7844420115060287
0.7814537947752733
0.8137571743710386
0.7946817841579632
0.8441130104558099
0.7783437846959377
0.7400333321818714
0.7403850328547911
0.9020533481745197
0.7895722108070024
0.8352335229424399
0.9063610288626783
0.7802037017155974
0.8016208698572315
0.8436105286579312
0.8576056133626021
0.8202403206133971
0.8630347775552538
0.8394564963454197
0.7975907190123718
0.7583586325549295
0.8227326139968142
0.8698177961499567
0.8035626754234833
0.7873486697309722
0.7755922817196874
0.6051218945954123
0.8440209564612953
0.870729857128851
0.5716535257652553
0.6208850815219006
0.8622883048346293
0.793591913514279
0.6879082033515698
0.83529906384472
0.8388042483798626
0.9480389198949569
0.7007963757445674
0.8759576539609378
0.6682038143687055
0.6216198922220681
0.7441433160558227
0.8931986759245515
0.7224207870678474
0.771564210011362
0.775317459269202
0.7182128706757477
0.6076124633054353
0.6563564813298787
0.8856389370894694
0.890273075183689
0.7220657223728815
0.8522010800594657
0.738753948325637
0.7479245335094119
0.8024803835349509
0.8092437844897029
0.5513300553683477
0.8593925100936118
0.7499970589862549
0.8050321420585982
0.8275767071633803
0.8047843079421986
0.8103428134070232
0.8601443507178328
0.5108259458637647
0.7834746580516158
0.7248023918104514
0.8931324132115303
0.7910610433025032
0.8152748857573197
0.7160043529637647
0.7984201796352041
0.9049521610082658
0.8780694518789098
0.8219485636948136
0.8575082785459718
0.6395556369024846
0.8183314151770906
0.9250592981612659
0.8842280429771086
0.8645877459906351
0.8205649019553863
0.8224490017211834
0.79678107043929
0.840144637690189
0.9047982935819929
0.3924330012965925
0.7665136542387906
0.6059719998361119
0.8014223602897205
0.8121013550631733
0.8057533360791885
0.7866192680356029
0.8135810149928182
0.771765641870579
0.7682469020416844
0.713831184000764
0.8126161559116345
0.8564430069814855
0.925957624878792
0.7962322974575037
0.6985976928684443
0.6817680835945709
0.8554221014862472
0.8350189649350053
0.811837609479308
0.8301165381809952
0.6033558719052423
0.8892541531507158
0.8003440010735171
0.8804412027620627
0.8947095061166652
0.7064646332849263
0.781176899208925
0.7494132724384375
0.8261048443639603
0.697575447860175
0.7484875633987914
0.7348090927357012
0.8690739178713109
0.8014276301843689
0.7957911005010223
0.9432985399660615
0.8171815544351938
0.7599408423539868
0.5936466207843321
0.8992903183752817
0.7506891035456558
0.7469733884885956
0.8369329509103645
0.9082484337298622
0.7802184677721113
0.7836638619844625
0.6974115838785424
0.7980627518624881
0.8461435684270684
0.7497225635323008
0.880198364974563
0.8697225594971454
0.7912803721662185
0.8773510748027756
0.828801948974283
0.9125285406663508
0.8029599692818417
0.816206212044786
0.7641776715226424
0.8998249074120364
0.8992320482243362
0.9240563904924574
0.944095617519122
0.8781904579141332
0.8825373649490851
0.870033287620903
0.8199330758844711
0.8096659686199738
0.875197290808984
0.8153291635072588
0.8510332995756014
0.8462432944378381
0.8349589900435488
0.7892694350614966
0.8641652972121527
0.9050227464297323
0.8280407865197742
0.8113723664311101
0.8383164804121571
0.8643038990284073
0.7947208271467483
0.8792498870261841
0.7985352596221094
0.70530076665991
0.8349503656421841
0.8930169620260676
0.76824725130685
0.8979061779388142
0.8088392938983686
0.7738366763840441
0.7213723892791394
0.9260741685765148
0.8207481106627894
0.8709165235442619
0.8372307807043076
0.6929504315985701
0.866095779816315
0.8692320604434055
0.6371520191216292
0.7364521214279989
0.7852021043257678
0.8530815705416476
0.8713046401966928
0.8005659808118919
0.7877454796525588
0.8066084259383842
0.8529697936534438
0.7569976814807093
0.7068359098640843
0.7974673352420338
0.7653378548563075
0.71482514363226
0.8044738772093529
0.8674997412205093
0.8052574279196179
0.8470263474194342
0.7690957826278687
0.7326600509657173
0.7606321453130772
0.7380960273685969
0.6438496672514504
0.8392124902209034
0.8616020768180919
0.8632786636043922
0.7933423847388933
0.8314359443935182
0.8779842845312795
0.7603192000937685
0.7975402884841941
0.8267023159885575
0.7058865552449552
0.7400616337200018
0.8270573776948738
0.731167713232829
0.8548836144125707
0.7510677234062964
0.902777722846608
0.7959561697475565
0.7426226713476638
0.9116615547083029
0.7028282103764839
0.8329060746083653
0.7124216471826575
0.8847352976138916
0.7776785808414545
0.7306216388892488
0.8037768311269834
0.7230367793240124
0.8567833025201474
0.8087029458151609
0.842920603695599
0.8249715088721916
0.8369651763805431
0.7781937443748516
0.8456913500187038
0.7353696139992573
0.905430238893099
0.8970617502001887
0.4033968103724061
0.7962366010927968
0.812979140137835
0.7398642714312558
0.7260855697691045
0.8563970840001793
0.7558235809856582
0.7543757261014911
0.7631698872087089
0.7995719742745458
0.6683033009487903
0.7871303080276045
0.8317612545336268
0.7580911181868055
0.7487832371339688
0.9233769945242275
0.7779998350656352
0.7389625038646386
0.771356496406397
0.7318261348185692
0.7136129313481537
0.8509516288918312
0.7519220766889475
0.9122456053403155
0.9440472496615936
0.8413330599480318
0.9317181699528253
0.8599864511509735
0.7391121110053723
0.6837123170304019
0.6537241205871461
0.7056099642017135
0.8733300117214892
0.9287147174569153
0.7571818952053122
0.8680701012367709
0.7691040337390866
0.6064377273876634
0.8402463394851505
0.9056158223751529
0.8763052835365331
0.7004783035047821
0.8758637938930636
0.8214139398981086
0.8521685179074926
0.844567829138513
0.8681997494493646
0.796034147962868
0.7846915412412294
0.9390644743278291
0.7514970324158541
0.7824824071706932
0.8545820526217439
0.8634181636896839
0.7332128368915072
0.8212589074324157
0.8290206618458423
0.7696369220095767
0.790972987226969
0.7875869623484922
0.3525718108049452
0.6470857424588171
0.884289503489725
0.841219878936723
0.7278185114027969
0.8917596763986075
0.7419579341713641
0.7805232912527768
0.6568282399611234
0.8188748473556146
0.7619161324692896
0.804628275595023
0.8577495783884682
0.865530458506711
0.8420020070858893
0.6517153896703559
0.835155598598711
0.7372622685312041
0.8932326821477443
0.8915832551060923
0.8210184322927074
0.7705895930078824
0.7104626490571665
0.82623045773259
0.9117876496849674
0.7100583068632943
0.7710979727808769
0.8205764609501922
0.909587079456495
0.7686600813284052
0.8275563401377782
0.7113573035987166
0.7777455017533872
0.8007158659200462
0.8363307023100451
0.6706702994502025
0.8100552299711273
0.9062336343782347
0.7877301816882085
0.6432952709453099
0.7176113027051062
0.7791988505401942
0.7731232681666428
0.711961672243693
0.8661269279605398
0.8924393444546055
0.8805451307452634
0.8036173007188105
0.7684186102881693
0.8364515601140738
0.7617591387093321
0.8728689949106969
0.3885117613351857
0.8880194724775816
0.7812334828126397
0.8654515978339594
0.8482828541288054
0.8610093213375776
0.7558333573874956
0.7108223579118957
0.7191645053752046
0.7172043684569468
0.9091387252528772
0.7844541544974031
0.8567731989656832
0.8129695231974086
0.7502649715952486
0.8145784087043433
0.8336311833047412
0.8010102550846463
0.7402262960086801
0.8614586557643232
0.7399246268434625
0.8180207592548495
0.8419040312679387
0.7843146492778476
0.8185957449979641
0.7798357162047854
0.769001474452294
0.8121926365812988
0.6583554354175483
0.6672374302238486
0.7058765887437627
0.7635901837616191
0.7400432385601053
0.7565464505022799
0.9107043207045799
0.8786175167600839
0.8082493042157863
0.7845473452398921
0.8209605331747477
0.7926138180974555
0.8372294993937196
0.755609018416543
0.9098173508108138
0.8280414824559679
0.8976339825741408
0.8602965534995723
0.6978524259678436
0.9049094222587647
0.6375363653351925
0.8255060736844801
0.7871871279730552
0.8912626357587239
0.6819345990074109
0.7535991332438451
0.7597950929295912
0.7606797034102271
0.9264232578636411
0.7602751928575286
0.7958004924322408
0.8139691499415755
0.7669799216269361
0.908882506193102
0.758678235161615
0.6604691917572082
0.8387844362553583
0.7895125609985126
0.8179545924842819
0.7758241175737592
0.7776617670101096
0.7656200999880447
0.7310386711924505
0.8586467101832821
0.7575171249089615
0.859250654821832
0.7385788988140907
0.7178521815139719
0.7464063486022435
0.7009983653915701
0.8139595157161339
0.8265253350505966
0.791572271321004
0.9030976337085522
0.7290863632490547
0.7251859940756372
0.6803357632807493
0.8800821018505719
0.7959162067648862
0.7242005407381843
0.8457780132134698
0.8883973975386147
0.6526486614500923
0.7121070897730688
0.6593192571352341
0.7541204795796322
0.8654797586025242
0.8056831204766328
0.8500710478173024
0.7975059669480722
0.7536315767414838
0.8045261664604253
0.7113276319309102
0.8336172217666769
0.836676195691546
0.7250141125650478
0.7649085326566205
0.9373040663498051
0.864774294790276
0.9108978914896266
0.7359893654978394
0.7653927947156841
0.9066804683640118
0.9246444415352277
0.7560686319106878
0.7754444515431804
0.8522015800033189
0.8939912390768981
0.919330291368367
0.7001077007170176
0.7042823447886696
0.9201129687185521
0.6782383489844497
0.8205123422923951
0.7412400282317975
0.8079678082574202
0.8898832532347629
0.7371741630278125
0.8978516574414438
0.7518831156511275
0.7577422752495196
0.7749618097569821
0.9252331453755299
0.6906844123549226
0.804289103761434
0.6172183637864839
0.7316221237727172
0.9016640458560515
0.7263597084656581
0.9268289666106191
0.772570522788999
0.817969893759831
0.9427948629694604
0.7204132560074781
0.6517206388239646
0.9189731686966901
0.8492633220725498
0.9004619267591019
0.9099106652376182
0.7818595191136016
0.7796194887882903
0.4918260915761891
0.8337915379047116
0.8542038388606702
0.668022740013849
0.5852456222951877
0.7266773987849997
0.6218186402909273
0.8121854955063464
0.8941110914532847
0.7180211757511854
0.8386363703647346
0.8602648689213339
0.76879067978637
0.7413459902625056
0.8237247884332279
0.667497050434649
0.8123289033677721
0.7695756222591448
0.8363261936787673
0.7727717850081333
0.9403620355325473
0.8109857947079604
0.6927353057068144
0.757243452543694
0.92551541156631
0.8739499409166371
0.8495776918545025
0.7451988315726312
0.7997498900819084
0.8004861120989468
0.7355005871983813
0.6796584882314682
0.805051748811001
0.8830167312178842
0.835089586536904
0.9441833415946296
0.7667574712619764
0.8296324406453702
0.7790122164401952
0.45988700226820006
0.8876870784125576
