0.27696108542774894
0.17807898943804829
0.45651220001083437
0.28644209002533305
0.4604638731685593
0.21222387696397754
0.24734168284559296
0.5762644822627473
0.37476808668466627
0.503707943295002
0.5501065769691064
0.4027430522555438
0.12589496890211652
0.42568810136378515
0.2778028634926255
0.39084650805453697
0.3362457003237753
0.294762024829166
0.3313896030343374
0.5044142786690817
0.4787859239584216
0.3777050064723356
0.4824625894420316
0.4944255423110883
0.168404589466735
0.6033120697896266
0.5395716746788005
0.6719207479172195
0.6179791837375274
0.3788056543669254
0.5596522955803906
0.6838207576608015
0.5458034672559127
0.3949809560892789
0.5353636942312237
0.38841158755404437
0.501872842435671
0.603514311581193
0.4349079962154934
0.6257772201924106
0.3939913127242321
0.5130398923652644
0.6003398564278714
0.4749809971349036
0.39766656378040344
0.48931083452168544
0.5272146492270743
0.7181810101057964
0.39628134096589274
0.5096645853038075
0.6630806873300236
0.5032180430455404
0.44153099565780346
0.6287900292810994
0.3492333357502493
0.5431645790053701
0.5541823464715632
0.23285865658622945
0.5860813041150794
0.5882554537787364
0.5750585676980815
0.4456531589329279
0.578824678555258
0.7168975825587388
0.664420704133789
0.6176446686865261
0.7271669924566752
0.48180121399337245
0.6030072119422054
0.5596000292095407
0.5826715548524969
0.7666025938881167
0.6450800530903755
0.6103925708548834
0.4804436363818136
0.588719558277419
0.5628667343448778
0.5844907242424616
0.6433391994704875
0.6347494036839249
0.6126607829530255
0.5849335816209852
0.7824858858425909
0.6918742527444702
0.7391378120969091
0.6791513622197356
0.357627576049255
0.7084744459063461
0.7547586954910572
0.7241385247021244
0.6270560996530036
0.6330359099045073
0.3659034741092947
0.5517061028537311
0.627655434922194
0.6204083783720029
0.6323036913715033
0.550213851689269
0.5623029060918507
0.7828958129961482
0.5911358913426435
0.6238485115296049
0.7577612442263216
0.7724002367821172
0.7362655529117399
0.745825762945364
0.7606866402329561
0.5879722683358115
0.5114713256130762
0.6231279375144545
0.3233492744560477
0.6236977119629047
0.5925525758339205
0.7101066214501354
0.6611920959711834
0.5763726482998659
0.4923440164078673
0.5222147568249884
0.29013124236196947
0.3335115431824235
0.30453654901540944
0.17666821973439265
0.25290751501474423
0.40037400024061137
0.5037950126278438
0.2923487500580288
0.3054400704744633
0.2976798581816565
0.19747238998298247
0.31188273676044426
0.33628591590210966
0.3489106367538829
0.38387763263799046
0.5473045535089536
0.3382761192466248
0.29202827623562183
0.6121878709693235
0.7570964011032244
0.6307726642034108
0.5669756025741431
0.4274485921865642
0.5949673835476841
0.556754017201197
0.5852323173592815
0.5594938240830437
0.5790291321551491
0.5457999587948353
0.6894051835121249
0.6214339242955997
0.2967285774651486
0.7700540534351628
0.7022777339750964
0.6871309808470032
0.6358144762790785
0.4136517915724774
0.6588065132720652
0.7861365060236061
0.773461700505844
0.39568075028157923
0.5221558833368538
0.4456824855464616
0.3581700305179033
0.2118563979380844
0.4682758850810275
0.13074114415595772
0.2867841800196001
0.364492175924801
0.41269937469938794
0.5216804418032962
0.2926709721573284
0.3654584366871604
0.4381279058339402
0.03234895545462829
0.20184951001315463
0.3498048074077286
0.4377015287501008
0.3777258119393855
0.5843986812084087
0.627813240877119
0.38407491553401757
0.7581167124943063
0.7756669578127906
0.6572257374134393
0.689959691362453
0.5860843228776893
0.742291053543023
0.6445743932075494
0.5937875169698072
0.5332943567293597
0.5872604216569769
0.3777203778356021
0.7032698886796231
0.8162756986456289
0.7559473733853246
0.84580314686064
0.6962802642884627
0.7495540213323127
0.6564604764662502
0.6217508288553509
0.4969547710086742
0.4425451927192525
0.38905833135635076
0.30644448960492116
0.18199780243621258
0.12886963327818832
0.12213885521395323
0.10216402177744634
0.365736850935536
0.23854822006650386
0.5329659197386342
0.41476164239628366
0.3802721200151432
0.18425850751861034
0.4798922118736319
0.18114772777116642
0.24521152465822849
0.15623077529231913
0.20399674311799196
0.5968187320141788
0.585086233863737
0.566772677771311
0.7340173396353298
0.792700919198316
0.8469768377035762
0.5998013353227623
0.6839491883002121
0.7814948297375599
0.6299809936698284
0.5590105185842464
0.7347911654348858
0.6281164231656597
0.3913726792683396
0.7545283361216594
0.7578731060822301
0.5678086114571116
0.5466844619639857
0.6932620752716997
0.5725738012457512
0.8372080430978873
0.6806718791192948
0.5589911461269669
0.4701261426624399
0.28277295249711115
0.420595812191682
0.47477618954112555
0.5651544411304795
0.7824987003508272
0.6272212204679859
0.7668870184282913
0.6956902061270454
0.7719742084672303
0.7530103194100911
0.521074991774467
0.5335796615326545
0.49638096315405955
0.3415732252127992
0.2849372892697427
0.24379758545309407
0.2534171875222559
0.28267310200078144
0.31449797444285377
0.3303414777299687
0.2869967864168956
0.28293625121525884
0.3164613437000515
0.3321269444377349
0.30311965385998674
0.22568693866601014
0.4572487939847516
0.6916638577751181
0.7589406908727055
0.815747603246872
0.7429904723870949
0.7705011208529513
0.7724806460782851
0.3768818456946644
0.728945448126037
0.7198672810763967
0.7283897807503265
0.7872151572129767
0.8231806575818602
0.8660434040131909
0.6775067814614454
0.638380680819725
0.7873404968359159
0.7872081614156586
0.6502108757770643
0.7048553311589985
0.7000215114419026
0.7215447528207457
0.771869069162526
0.6296578726314647
0.7281596444088911
0.7673074305952463
0.7741526397525579
0.7825521864405067
0.7454275971691803
0.7975925408081278
0.6637425831747624
0.758636785778288
0.7135167311213055
0.832404266291619
0.8247768682322352
0.6763465641266347
0.648320591508266
0.656429066211539
0.7664336074124148
0.8385168568324503
0.6048495904284907
0.7579544371937194
0.8113985435367319
0.716659969837669
0.49897247675222767
0.5122511403579414
0.42868988208448827
0.6395257460793355
0.3970815150386595
0.37318055038579395
0.4164009250016051
0.28320478921678
0.3880737763464742
0.29758528103876053
0.12850755324765328
0.27918677654776014
0.4618658244466723
0.4547714688538273
0.499087013513296
0.2719728082535255
0.4776780889101974
0.6087566874359301
0.6656660032011552
0.6400392813643384
0.6350274076944338
0.7252377597349987
0.7232835432053014
0.5884670164584435
0.6116814071489941
0.7178753741803918
0.4654369587892175
0.726108206488311
0.822536048056152
0.7150366114342316
0.8653307606061995
0.8532895372844059
0.7354558473804462
0.751126164887276
0.6997505338547424
0.7896140231366153
0.7703743726842857
0.7067565048347457
0.648986940540317
0.6393463685297018
0.7663642705797767
0.7514598219781784
0.7883678024727664
0.6726481506376699
0.7013799707606393
0.6610540614684446
0.7477029927822195
0.30964019109783736
0.6236448812939652
0.6345332868343899
0.7178509131777894
0.6515942191981001
0.4945992447851083
0.4403536887336353
0.4275341331789925
0.4247109295425408
0.43759528557221894
0.29849414285025216
0.3545278830806813
0.07439099339486917
0.44578891345336913
0.39608446367852757
0.2517091719272456
0.3344328356232339
0.4922352647336629
0.2838150639817395
0.4276031188878996
0.4449206089071941
0.39768975385023586
0.3714227640857218
0.3212726413212379
0.7162842364306126
0.6913689345041679
0.6044863978290703
0.7079026714454969
0.7057918835801987
0.6902692511363178
0.6900357415465779
0.6112700625203495
0.6393974341788742
0.6813068306162561
0.7187823529582761
0.7157858787304954
0.7005631748917963
0.8340357148338262
0.6268076151441888
0.8687157299047088
0.8304943571144378
0.8198416538677202
0.8377382105265652
0.7708774271955986
0.7331800903131561
0.859777010069308
0.8478136062744761
0.6932150749569823
0.40276926417185394
0.7425483732172364
0.791093751550821
0.7412213997650023
0.8188895444241969
0.22307766046248467
0.8477640195115772
0.6355800430357046
0.658916033308881
0.4976707826275857
0.10697883777098599
0.29226568319554785
0.41868428105644284
0.5159336000935127
0.45888942404666466
0.2884658908329655
0.34565632764865206
0.49965351573648886
0.569353258722446
0.2839796139761622
0.4519400546930373
0.2789108248517698
0.5235773098079222
0.5295575316448853
0.6750555773662392
0.7079016664031212
0.6446885813844503
0.7445795725090302
0.723721986347363
0.6191931233638451
0.634702614616882
0.6139473063772863
0.6983510745552977
0.7271973849758482
0.7437960011245335
0.7800406485737545
0.8009515660784934
0.8261237665193917
0.6023734134860332
0.46326654805732487
0.7649174621428209
0.7944171174503915
0.8580793413018694
0.5978781848681739
0.5986834847138016
0.7623594485589408
0.7619858765532977
0.7736631042071599
0.6037839642608537
0.7783209896476486
0.7533868852155398
0.7791924025417539
0.6877499327073479
0.7821267420560233
0.7865230235907904
0.7236699922722449
0.5777955304582004
0.8169673364263547
0.8369956892913162
0.695005670035357
0.6669279361331674
0.4804114656791043
0.5763887454978268
0.37494946876113205
0.4779544714500762
0.23156151950300502
0.43808424187326367
0.35300530183863016
0.43385531847689834
0.3268789789039181
0.30999330259795504
0.4623206032962656
0.45535318987500845
0.22712742490854826
0.2839941956344601
0.35256080038321785
0.5584718393280906
0.5622142919198996
0.531245718923343
0.5919471216209637
0.5845978089763729
0.49812013416182344
0.7883740252433694
0.648144648750985
0.5673145938406927
0.5742558432879228
0.6619892710768367
0.6108435278919818
0.6999030003031812
0.6687747973538292
0.6466221446924284
0.5702726442035209
0.7614598190992139
0.6724620784763631
0.516574258396117
0.7870635491799424
0.7318340132162209
0.7795936067437803
0.7446252433422957
0.755096318227737
0.739788775507768
0.6250350163951665
0.45507496325309915
0.5146704919291161
0.6231525987998936
0.8565573990790633
0.40016674589545054
0.7591099922505967
0.8277404095662874
0.6056477697842414
0.718861425966792
0.6798148965885964
0.5218614110796909
0.2044669446054512
0.1323279818017171
0.3016847536476109
0.44831535011961754
0.2892758728484778
0.22212462926841037
0.14465096304535752
0.19185358745927908
0.552318685334929
0.33749194249163267
0.34901682106146525
0.40465218075371695
0.3996357480019679
0.3496438771058679
0.5935137093834405
0.7524201614251812
0.6742526882947584
0.6648587820475147
0.603948340078798
0.6600627623558591
0.6597825046397516
0.6173268173433689
0.8306061326934429
0.7157993151016406
0.7637253689016303
0.8291842416210418
0.8343649825478201
0.8393017355400312
0.8039062103844233
0.7316920407793593
0.7462286065157505
0.7599635067873005
0.6906873359481562
0.7107560524020399
0.5756635133789739
0.678003741675945
0.1835221448484277
0.7278178986728895
0.6866127971762627
0.7512513059902924
0.788173986369211
0.35020159492512837
0.5653172674135566
0.8059348525041721
0.8500039331126835
0.643049060357563
0.7363274533457296
0.6842860712385902
0.7323971343839392
0.719028080039428
0.8022111028187707
0.7400865784763418
0.7058586574378763
0.6523474755032628
0.7168357966308921
0.7900965074271684
0.7967631686552127
0.7300091663680722
0.7722767061339632
0.8257934731346127
0.6086347403522634
0.5039428473571504
0.3409304857908018
0.4272057858171772
0.14105214001833594
0.4910888746393421
0.5337848955614534
0.4193750371154955
0.26527215686184713
0.6051354060715327
0.19469125587878378
0.46542133886236053
0.43732300198473617
0.45490387355573647
0.4859601868496094
0.4311574077421443
0.4986080882005066
0.48591790324421746
0.46791981109570324
0.44506836263752914
0.5056936840331904
0.6073601550228953
0.7503138561010395
0.740267490687565
0.6902819650175739
0.6125397292720138
0.645868795134641
0.7310958635731811
0.7748566080135777
0.7194655621573897
0.6310951637619593
0.6872686097352491
0.6682543862274918
0.5869122827107668
0.4432774642271624
0.4581362054791685
0.683738870949538
0.7205941766614952
0.7166232978446527
0.6519913602065175
0.5933502468763812
0.5167248629239601
0.7124206613961593
0.6023313449707206
0.6472312510373286
0.7502276333814311
0.721601505806469
0.784768459718308
0.75707014424828
0.7877079005325356
0.7821464223496706
0.6255531780471812
0.465288189183521
0.4021537925132752
0.3241392626223316
0.2748857040362784
0.26905804988812454
0.41090145671964384
0.4550410767296932
0.09341707760123846
0.08085104900833327
0.24965508558856125
0.19464589150303957
0.5998062038835965
0.5204006069482152
0.5127624999206263
0.4731098576781416
0.5453479415130528
0.7061881703702647
0.8032514133177056
0.7643899760993071
0.7607386729393866
0.755367985280235
0.731707854820137
0.6281170793050156
0.5037216194496295
0.30390055476859634
0.5740639516763136
0.6247007188491825
0.5992571835363141
0.6029061919794263
0.7230293451086159
0.5532367500617799
0.4877415398245855
0.32402154655852944
0.3861469653309304
0.7381834307284071
0.7089774770017827
0.7333331556089352
0.7504680522967042
0.7111398948342621
0.49125763706839065
0.2527665791635851
0.48934212233421703
0.5488731887815318
0.7341241945726311
0.7952874270881477
0.6206596010204266
0.7742135725690572
0.6132524491731103
0.8151993357006365
0.8209650668335017
0.7306679832721579
0.7292973134841506
0.773559213937506
0.742636485729704
0.8071803647810816
0.7643002251261605
0.75892765814658
0.6382644463675495
0.6550910857864664
0.8088830339458187
0.7786572828295639
0.5549031281509804
0.5174138032879456
0.7503896433246235
0.7231592405772426
0.7251229871206037
0.6878179363415658
0.6943753007729206
0.8185303480588039
0.7723349080554262
0.8197744678269702
0.8118931921517438
0.7662425019049838
0.7657934392238721
0.5830556670457989
0.7171583823346761
0.5341968090919543
0.262553052489913
0.3718646743592767
0.43219629970190576
0.21303268628821648
0.16395755504351162
0.1478132368777439
0.21821195993099615
0.2871673523232511
0.2982412263791413
0.42959656010788777
0.3608974842299486
0.4565665298880496
0.39003352134760233
0.45389498254948224
0.6235721329418303
0.6023876879021648
0.7728193647111411
0.690014765834357
0.7666114261914824
0.7237720256123746
0.6539885228022082
0.7714463673601828
0.37367470892510524
0.42172056391512913
0.45529753749808577
0.8410264089882016
0.5958198203668009
0.8300412895410426
0.5294225443764775
0.6204615544698977
0.5289034014527461
0.7229608384264402
0.5533581089948459
0.6467795816318082
0.6999536964185619
0.5396300315401329
0.6039372598828978
0.5736557114981453
0.2753197440938834
0.4741882303251607
0.36449908617046256
0.3201046238392188
0.5711758934023513
0.43145710032237766
0.4683281472725055
0.24161981542084296
0.25584369961930525
0.20344641640243669
0.2649685699312691
0.18592558323713212
0.46291699471992426
0.20889643421796905
0.44738682163073845
0.35592212031990555
0.5080439365219224
0.5047955616574462
0.5520596583976575
0.6227136153849261
0.45822885644936145
0.6467397045846163
0.7138943674928139
0.32413750760730287
0.3726952666368132
0.6394779607190538
0.741611973918455
0.6806212668290534
0.7637443697997469
0.8144431313489471
0.7723793101610643
0.7024862228144577
0.5699615044705911
0.6623418826913102
0.796237917217994
0.7198498105007393
0.7969454598027874
0.7567954332569141
0.8159080589293721
0.7778076276106569
0.7656867354152932
0.7887372400594616
0.6700411383553473
0.634394690061469
0.6048169271989147
0.5547316083673735
0.518969934893779
0.5318759701598039
0.43759772497706323
0.35583775070216056
0.3377790412144384
0.35746543549585275
0.4814465809713427
0.4436421340595276
0.372507767287887
0.36829402562569635
0.49820130771522075
0.19251934277193475
0.5326468460058975
0.49703494677501425
0.4363161207397164
0.5416894116178426
0.6071831541807499
0.5736309359830847
0.7902653884023837
0.7154547178991851
0.8596521185034197
0.6467712792926593
0.7342719514161918
0.787287674973526
0.8115461175646201
0.7236676408318372
0.7170159515895409
0.6604982205705572
0.5650058794184278
0.19943596494902685
0.5712367794099468
0.6999258136357466
0.6651061401976284
0.6873987719230389
0.7327624604534182
0.6160241020863233
0.751862528849049
0.7762344876346671
0.684455829675803
0.7284763635055127
0.4966128450582964
0.45013409082025163
0.5267588762444348
0.4820396222669776
0.46693112888367927
0.4454082812853759
0.4967026480588443
0.4712820028348092
0.4147394287146794
0.4601258861530487
0.4010556111290296
0.5536837438469121
0.40401743943501844
0.45838015572120006
0.5687896296081779
0.6113390701636829
0.6462888673796071
0.7056049650783984
0.5856373716062062
0.372623649691419
0.5453073858971788
0.7621986156526731
0.7932853817313428
0.6700369127324873
0.6985440358868664
0.6319458539347556
0.70251484996955
0.5894556432116842
0.7813575046592068
0.6855251081620969
0.32668527186712654
0.5128573671639478
0.4487999642921011
0.6643262290411595
0.6131995140404443
0.48850818313104477
0.7453354741262902
0.7302248800241619
0.8334447068161639
0.7554051314139449
0.5284469568428883
0.6405474217719004
0.39900633177492234
0.5624558465824887
0.7803514819480104
0.7974365690754138
0.8103775821748868
0.6586903609767208
0.7182228336450658
0.7417581733790826
0.5868594614656358
0.7578481740077452
0.7579655613928165
0.42218030946175206
0.8132328508458526
0.7404228278304602
0.4899111313006681
0.7657028406591209
0.8429474713105833
0.8545407528564861
0.7244047316093283
0.8282410924880336
0.7967768250965608
0.690978840107214
0.7737044552557757
0.8214657650133453
0.5972926207820463
0.6717607973624069
0.6577617139491732
0.7289583315529127
0.7918342040009343
0.6656832094662936
0.5593895628453918
0.7737384446001507
0.6954040926500743
0.8393468484058544
0.7709341809936763
0.8533511133609898
0.8092751299870601
0.7603689024380494
0.7201741320092904
0.7151186060501732
0.5370453999571012
0.45340605509250553
0.49253678644979165
0.5092266929532709
0.4896123973811101
0.3624098915863391
0.28323074436352
0.4365959307422891
0.6066836059936768
0.5730623358040672
0.5241579103989583
0.39911523797202236
0.5097229957075856
0.47788668935557255
0.5236636176436203
0.5121033158007604
0.543581880924911
0.44595627345139344
0.5961421612633059
0.6196871756703014
0.7362175800304762
0.6515053116164734
0.697295195197645
0.8122497857710025
0.6674354864911042
0.690380625275879
0.5631575585353766
0.7769636034704616
0.7176688372709208
0.6788263823002548
0.754249950701604
0.2230222146447962
0.5977150289866161
0.7162990336671803
0.46553610536924156
0.45115847971950823
0.4504270499445236
0.8735285260543276
0.765688453599278
0.8349821244314534
0.7751979127749168
0.7579041794496626
0.8536098244523493
0.6364726707225756
0.7230463487814431
0.7258359130329566
0.809132686835007
0.8144664504141989
0.8226444679906956
0.8102670688528015
0.7941430280352257
0.8112113456432739
0.787943318519132
0.6526538980431996
0.480751105195776
0.7526805342817284
0.8286845974422964
0.877688726741428
0.7177240914861284
0.621966343456509
0.7532541525942713
0.8591935459903952
0.790934179545704
0.7627799604627117
0.7647066707601694
0.79536362032947
0.7850612872261911
0.7170253507466258
0.6925376424524561
0.7255135850035614
0.7757309625777197
0.7366530945129552
0.6678163363588209
0.568774114124801
0.7505862167306102
0.8033393719821729
0.7685814677413134
0.7165256285678134
0.6122183041461813
0.641863457111105
0.6493281959382529
0.6230974979691662
0.4681917514501855
0.4697045301279102
0.37774235476626095
0.3052221651873406
0.1353217207736316
0.37283294349573515
0.11300859171980085
0.20978378872973152
0.13736730988738358
0.19802165014055756
0.16858142905669557
0.2962841091349308
0.3793975355230119
0.4935063725582564
0.4970592373837849
0.7429457643401975
0.603138636999589
0.6959266923607071
0.7749436937218773
0.7306499241510137
0.7628282067018327
0.79840306313812
0.7201867495605664
0.7704464111099668
0.7913734039377408
0.5580462637437131
0.49274256165391955
0.795218265137522
0.7405742016789896
0.5942670371528218
0.727099950714529
0.7570318697003536
0.7965037100574066
0.6323186992445656
0.7204596356873071
0.7139369346431542
0.6815419508177308
0.5849032498303346
0.5529933927650152
0.6191453717298083
0.49402877975648607
0.5201306667917227
0.4301681263350644
0.4564493122301533
0.26171117046327275
0.44840258582695436
0.5606755358568486
0.4750164754691466
0.28258329580934516
0.5641812915847898
0.45596519598464025
0.5121471441045831
0.5778585096154971
0.6985679618252731
0.5870010299014699
0.5398784735607419
0.7371434124210839
0.6782213338219598
0.584102600427769
0.6324279259021469
0.688145933501294
0.39946166785216264
0.720034073135442
0.680300640038536
0.7203874301151433
0.7963567124139865
0.6942676773852224
0.7894056207505541
0.6162041854650119
0.37664658903544435
0.794415275097099
0.5806128883215469
0.6340276387911158
0.6457604757120841
0.2957313698897213
0.28946934541388164
0.5995410475498977
0.32306768032292227
0.6817084405684969
0.6924643249834571
0.7844950845300235
0.4737132084657177
0.7144844115228647
0.6397874723047823
0.567007996798295
0.5688070006785365
0.5731677124252623
0.5302318238549746
0.6482678791547657
0.5287767316996207
0.4530582402791299
0.33074644035101924
0.5314107883523951
0.6166580638724802
0.6541873630289544
0.42590596616548376
0.4453734544476442
0.4582063910785101
0.6235918229509956
0.6561717281309651
0.47152383983105006
0.5568168716940501
0.5358327387652619
0.6320204938325379
0.6412599754879005
0.7236985320443963
0.773878082787089
0.637839592544681
0.657353300024099
0.6003206711580085
0.41358237546071924
0.6133977373611575
0.6743453249914453
0.6987709749611775
0.6748804227281546
0.6078133058438827
0.5153508840908941
0.8019201199816923
0.5877827173135906
0.7782191753352389
0.7606605228014806
0.7749867411586395
0.8024728769637679
0.5110042003678136
0.6278219923992541
0.6613827389953241
0.7973399879295862
0.7737817468962512
0.7343911839832222
0.6441429409156377
0.4294732695352046
0.6678271276516058
0.48806104291457897
0.6227041278825299
0.43778511733625897
0.5598533729960858
0.6819327010400923
0.6030351215051651
0.6448359138986806
0.7768877399658287
0.6050171192406824
0.319304316442106
0.37060342740605895
0.5727222040384179
0.6409188527205376
0.3982869970989816
0.5384823323061069
0.6394039439640126
0.7706426550326956
0.7629461611105107
0.7249064956652187
0.7788063350141116
0.7035988277057962
0.8127356497589967
0.7272676470879494
0.6652749828597431
0.5861443869697479
0.7312231909894394
0.5844011134023566
0.5628347994352102
0.7101338482447815
0.5532082441543147
0.8404062700599277
0.7411297813177522
0.7350856951052142
0.6570765009237927
0.7947766342495115
0.5707825968300068
0.7899062819494287
0.7217508287353389
0.6533541564076145
0.7274630666029803
0.6972427530996671
0.7405212893818295
0.6724494144184895
0.6956395561039725
0.676204285606577
0.6543214371952114
0.4871486989953101
0.6338021500106189
0.6028136102743453
0.5423410006861672
0.1917915380361019
0.2642436701964639
0.5894652819198652
0.15212930564665897
0.43846617168626345
0.4831289062802395
0.5415476904513729
0.5873094122586339
0.14745577783060967
0.40247931401216447
0.46644497100439997
0.421000716643313
0.6022062972169906
0.7484865115983855
0.8115871363238911
0.7348881850077987
0.7601707824602363
0.7260172782884573
0.724624564803993
0.7995180015696576
0.7928690951966366
0.7671757621214909
0.709205157000196
0.6866359719994181
0.6900312650735334
0.7259150109528519
0.7303436519564473
0.7178511792310437
0.5908095768404857
0.7100263970527121
0.8154610492495479
0.7954038676642822
0.7498343437848201
0.6984569985161176
0.7966713558747291
0.7790777678018236
0.8473895681772886
0.8211311344627348
0.8125120563422576
0.6397522876771001
0.6338258949134439
0.6703911619877795
0.7478613263392065
0.5914451365745607
0.6368108034178023
0.5826368956829565
0.42333169662947995
0.7431856175420418
0.6818974507438961
0.6331583771353307
0.7820130942810056
0.7260677447134107
0.8226925542801115
0.7464245187720617
0.7582840747281813
0.7597391306209903
0.7598529523601729
0.7716822404185943
0.7947240371146674
0.7016509512380215
0.7657666720270069
0.7053325279216742
0.721590210199478
0.5667492686170256
0.5255573540850899
0.7196730747425687
0.7456702819715546
0.6967372716591502
0.6489343129685774
0.648108267311743
0.7896310315108955
0.7709435350589183
0.8261013169182825
0.7993259949842602
0.7745533286011517
0.7806428832442254
0.7349077468530945
0.787392951351682
0.5779657853102288
0.7378701244011334
0.5565055287623992
0.3861660413010213
0.38455918747072815
0.5424674124831591
0.525211341490092
0.5695474090868438
0.34099806971519514
0.6816327351861503
0.7984234009552235
0.5952255186096891
0.7575895289336145
0.7529035047951299
0.8174232972402932
0.8185240450292103
0.8013947208852822
0.7988204507695349
0.8179282018674079
0.535944145621489
0.747403898935585
0.731562449344284
0.6505866642947243
0.6392789726806751
0.6958854257932201
0.7719496829884791
0.6252418028341962
0.6496166571373394
0.6272959705018785
0.8227981431360586
0.712976547435473
0.6655855907627388
0.7659101304657644
0.5813846150156499
0.8119751284945277
0.7418441523929247
0.6514613493851066
0.6640772805265692
0.6400336226346559
0.733664903217546
0.5216683790176274
0.7145595692546284
0.5245157440891629
0.6689294882603661
0.6074673837042842
0.7475376944995641
0.8327905530805544
0.8108439320304345
0.8283178995881894
0.7462147884362124
0.832007038680442
0.7905060506097192
0.779697722422188
0.7829765542918059
0.7752243744576544
0.4901948305606414
0.4597303611331447
0.6965341825929806
0.6667892100109966
0.4841555621966651
0.8095878152224947
0.7730109363833719
0.7216637680616713
0.6990073626977733
0.5240688963795496
0.5638159635592763
0.49711348844554204
0.3231406047399949
0.24855036814184905
0.19567161189819868
0.3441736274084674
0.44380889626678605
0.507880377451531
0.5629360619713715
0.6345277760786376
0.49765123341705314
0.48089506327461057
0.503902554606936
0.6157705225387428
0.4497280903992914
0.5122836476677468
0.4851268691073014
0.6135032397236412
0.4957962095767837
0.7597674774444461
0.5215587303166491
0.707715569471366
0.6601815059192216
0.47452235178897945
0.5750741737415775
0.622000772204105
0.6954890652287373
0.7313065209229674
0.6640671566680932
0.5723522106034
0.6165114948199534
0.6960007527353409
0.7554212063667437
0.713746569091565
0.781140852794727
0.8275269849793463
0.6632591330764622
0.7905931783882686
0.7938438343369724
0.7049224141332311
0.515043723409078
0.4386799638900083
0.44742397659827565
0.3709481189668961
0.5484038533513852
0.5311727365954405
0.602489873754163
0.4352851339306739
0.38395010614157393
0.5547447413183905
0.45600226137667244
0.37150405157989347
0.37431232821367366
0.5328779680413014
0.4715386606669882
0.183356086350698
0.15178051408828547
0.6539655122492333
0.6001281888026901
0.5267097055003012
0.5716326354322362
0.7688356258868133
0.8197961915337882
0.6732461788044258
0.5899022987573933
0.6651128355745242
0.5529149899011354
0.5695076102459017
0.6886825289981721
0.8024464607379406
0.691067234287262
0.6236294799762608
0.620196675866003
0.5503905463475973
0.7194441705952217
0.8228367726146116
0.8390158734772849
0.7888558711017111
0.7938133561092541
0.7907586328275409
0.8188241328895002
0.8040443284776184
0.6008741634344288
0.642343068059283
0.6380504114710761
0.34532591693382214
0.4617997135948093
0.5559691405210928
0.3517653524672003
0.3701299985242683
0.4428044154221605
0.3718658541756087
0.37788833293831314
0.3639607059520939
0.37872643132636136
0.37327464084269835
0.39290166686417116
0.3766407602756244
0.560613662786238
0.4820346821280388
0.5076694493288223
0.43228557433175774
0.351160670698604
0.790195452040912
0.1793398002781322
0.6823794998497243
0.7970058739036375
0.44691392822007914
0.5582578450752952
0.6382717042865844
0.7163821516321517
0.8081767636442446
0.6941349231622828
0.7039094160426456
0.7455510059844295
0.5238035367064375
0.6080167564935663
0.8097331382744406
0.8521849940122428
0.802161410431558
0.7553614845652341
0.6613662909439756
0.7020431508727508
0.6256828831681505
0.7409951317338737
0.6831786730396378
0.6841887130278143
0.5795647538997061
0.6063884098738508
0.7949626101629748
0.7813808660660098
0.6753967556212237
0.8016357133659717
0.7771503628871602
0.6349483003799855
0.5596883542062796
0.5874113905884477
0.5223900304552186
0.5204917859798078
0.5539529907501635
0.3251674601564097
0.3810427008842022
0.29948398762030765
0.31366870372376665
0.3703839220633474
0.45086110191466683
0.38102348367293987
0.4648147291682683
0.42857761078770834
0.46331433695315327
0.5056133064738284
0.48420934378680935
0.7456840148342501
0.7154404682438303
0.8000797242918652
0.7013495322968598
0.6152993557333742
0.6952057084535056
0.5706594047805522
0.632505648985096
0.729431030470929
0.7263850997684742
0.7934785331780929
0.8382039594931499
0.818351607281238
0.8277699328839845
0.6636453161416411
0.7392878374764166
0.6465451210571483
0.6831872876525195
0.7067236861886761
0.7404979097898351
0.6726009634485749
0.7624813875803218
0.7383227224068959
0.7712612423242543
0.7316679017254915
0.6647502446220099
0.7951212072208856
0.8699954824056099
0.8338877911829795
0.8003990289695062
0.7533696470526767
0.8123326937003625
0.7816246515384426
0.614549750312596
0.5321840049043827
0.4683142039382861
0.6508561372711259
0.8080347705492608
0.8010271097080455
0.809301857212042
0.8387315924496846
0.8039418722304145
0.6929159758298346
0.7018162998272254
0.5904297600229178
0.5737665605239779
0.6012268474520274
0.6249814255138212
0.43954455314169827
0.3625176680930349
0.5491328885709915
0.46015293476574726
0.4404296503949844
0.5682350655713332
0.4721347110937085
0.4776120684393772
0.6015542911377999
0.4984948679988743
0.5046607551133558
0.644726965677823
0.723055256431545
0.6557863890723334
0.537129422583335
0.7863995364762999
0.6536175216827871
0.6762420708532676
0.5128984600993917
0.6545035405495814
0.7540431325333888
0.8361149971465509
0.8407581359015255
0.5234955639236974
0.6328589693593918
0.8413738771016217
0.8257120423962673
0.5674656084656079
0.8074066740809839
0.657202500873353
0.6906992690356266
0.69762364103957
0.6874791779737355
0.7250225832322283
0.5479613242970366
0.7003007244014217
0.7232528709775597
0.7018107151259363
0.6810182355574955
0.7550413450013299
0.5868108967286428
0.7972118930963771
0.8069221712779566
0.8002788418748925
0.7758625978227416
0.7909242153272241
0.5819637270203788
0.5348935418250554
0.36656652148043184
0.5239321521826792
0.5204379780026376
0.361533629521788
0.6035369865123643
0.27332710261365634
0.6801133268572127
0.6769574533487124
0.39902310703710897
0.5893240805461566
0.6262420896609077
0.40404768720812134
0.5251597971545671
0.1687838085265348
0.30476274682838184
0.21111090811527033
0.4241467578516515
0.34404546112842327
0.6184261834405339
0.5360418242408586
0.8173618330081008
0.7845608108833271
0.7466859742527638
0.7164143936087781
0.6697816980299217
0.7469564393593622
0.7294332211144092
0.7400726833524441
0.6989460146329443
0.6925425185067584
0.5605644377699537
0.7965733918957991
0.8067837752320308
0.6350826665545336
0.7579850734101773
0.29351085124123427
0.7564131919643278
0.7655565823175706
0.7720931758480511
0.8055580567352485
0.6701807117762825
0.6906193753123087
0.6844100328175716
0.7670864785189253
0.6856670260696579
0.7717707127517903
0.7765119870299718
0.7938452359357933
0.7959026305250384
0.7043964036769172
0.4497664638690491
0.5837804162343583
0.3532542037458714
0.4051804097206037
0.20645766094831305
0.3874180844357359
0.3572636417703505
0.5654886072433782
0.4664568455039898
0.6472392133379933
0.3672709733077945
0.5423496455319616
0.5833815069288367
0.5399848767373595
0.5606847605608807
0.6300170253191721
0.5257931042962071
0.5729071991846512
0.7983453208549368
0.7831250725039596
0.5710632451435989
0.6892837070783583
0.6029703727613902
0.658179769388603
0.8002601109639583
0.8703129771574877
0.7516562686737973
0.7207052916560184
0.7429043564420068
0.8191457753599038
0.7439457391157082
0.6454025399665596
0.5187987153423451
0.48862226108236617
0.8588521586709635
0.7495271794184313
0.7473301653623738
0.7108441335955377
0.7727161792051842
0.7290343834183683
0.37631296252840174
0.5488232928483395
0.49621685600603255
0.7350086393215025
0.7738857709665123
0.7565344385378097
0.7881126791922763
0.7422528290257203
0.6976918236324855
0.7838614666837362
0.6420183902150589
0.508573811671463
0.560002113539284
0.28647861048045076
0.44234619404069464
0.2643403215673301
0.11034993194992682
0.6398762642074685
0.41952982236345393
0.48682262369780444
0.5453198763674912
0.3386706613843081
0.5442817279913926
0.45999945650911545
0.24634450046819942
0.2625647119238673
0.5068407106035302
0.514986851944956
0.4801808832057776
0.4848262558012213
0.5090056056344333
0.5824431803198515
0.6091253118901014
0.7780043456756971
0.6997381772506702
0.7975217470502709
0.742767725154601
0.7717962266133064
0.7167001170419567
0.7468641856546364
0.6458873320921658
0.7310840676648706
0.7188670633970777
0.7262698624512628
0.7006579798640066
0.5663332704755349
0.5467292635233815
0.49337931320374806
0.7326956749858813
0.3879860630258674
0.6889830587886298
0.7503268882028766
0.5570370758050976
0.7557509228519169
0.7214257440323821
0.5726406669530436
0.6276805437548795
0.6459442293606809
0.6397161293754032
0.7704332474694005
0.7829268202008479
0.42239163528072743
0.578593480943793
0.6775626667963881
0.44909769648129605
0.4407329975649931
0.5026363872033459
0.5633212937165006
0.42198149261568796
0.5985651087102877
0.5963945777289422
0.530523936386302
0.58623199263093
0.522771160065389
0.4949646684384897
0.44674948089133937
0.5090549815792528
0.5200057257113115
0.7600976188351752
0.7611681213501188
0.526103505175541
0.713110939391958
0.8319127300888377
0.6772272162790054
0.6551004199287083
0.7957327740830548
0.643993497798248
0.7257947875392159
0.7110523745207318
0.5531962381525902
0.5710423601648698
0.4776826151477583
0.3879655224004116
0.5817260653686488
0.7195129014291222
0.7690259231876518
0.7933986206008566
0.5627984162954287
0.6052748137373807
0.7464736367421422
0.6380710606839756
0.5524661402943546
0.7517646693059561
0.8257843239891891
0.7958477090720186
0.7921515344952402
0.8218412874835795
0.7643721918249426
0.8188443924977759
0.787409081418008
0.7740048821963288
0.7814816986959844
0.7834967509076851
0.7834186886873775
0.7893621596732406
0.6746605588390808
0.6220864675696918
0.7236105097413729
0.8310185218324415
0.7255163248802318
0.8451027966061843
0.776359913657188
0.424748198635119
0.7841583710253992
0.7775790501020652
0.6446016894095109
0.6374135835720791
0.6316682823287486
0.49179584748424987
0.3855427821703904
0.2426429411158773
0.5794110764204592
0.6223767789667849
0.5658548534078389
0.579010703850008
0.4360597771782636
0.5807885943372597
0.39654630128726887
0.24315831649451766
0.3028558182245392
0.21697255505498572
0.41472368704447704
0.4472158218765558
0.5352658979479218
0.6381725373419791
0.5798740265650452
0.4138008809138596
0.7211340769615593
0.5086585361874071
0.7271911633886218
0.6744677195763277
0.7411852780131082
0.6889383234756333
0.7682972842769783
0.7723772951226131
0.7197371988634584
0.7364945030365873
0.784569418151328
0.601351812644731
0.7106295488495727
0.5611868607979783
0.6631126332926065
0.5472631240239336
0.6100017808122372
0.7002134083871532
0.798482267896082
0.8091466964718518
0.7743992178305895
0.666757585543824
0.7569565626327437
0.7974864859911044
0.8152314974496749
0.8199099401062293
0.718585425573123
0.7135899413034178
0.6348389987236821
0.6309145225770704
0.7109124113264181
0.43366463369833746
0.37293541219881005
0.5128751701197749
0.20841783274997142
0.28860691974785113
0.29331083760449794
0.352277968501498
0.41957464454339766
0.3562397997531994
0.38288240492915726
0.5867354365330185
0.47926013295933495
0.3229026105018311
0.14357035606398816
0.6644676582902685
0.7191348642918588
0.6498349171997455
0.6293888646873044
0.82835277369812
0.5215984908041166
0.5055128868457653
0.629481502429729
0.6341983388048348
0.6875416721536771
0.6343481547597999
0.6094740871333274
0.5642672973793903
0.7128287509344675
0.6921313997795884
0.5360610290827436
0.6339640161709283
0.7924005913379939
0.7528415535500264
0.6637717188496199
0.7549071340712912
0.5356247448548684
0.7413689369784257
0.7335711193755091
0.7198895436959342
0.6440967858411615
0.7865315087746648
0.7881190717673331
0.761247635599982
0.6912013339612412
0.696458992407612
0.7983377597486296
0.7459128472120661
0.8124137173468579
0.8020263997689461
0.7905701700629335
0.7987146206957415
0.7459632207509506
0.791124458152022
0.5496505967745646
0.6796002600471917
0.4881301866452176
0.6975201934797296
0.8412743353012238
0.7843052535189718
0.7744662724024388
0.804043739612952
0.6198889699974416
0.6488483944265941
0.7413465039376288
0.5898886022948959
0.773693430065027
0.8478127802692705
0.8532956088599688
0.7357033559835112
0.7863401524792302
0.8121845057103464
0.7294109501706759
0.6769901849953545
0.6714852544145481
0.6359029051477018
0.6530511763168454
0.6181634722882645
0.4788363550128065
0.3788176290911117
0.6418996071986152
0.5510617415595238
0.5559496098793153
0.5571273141003232
0.5009103593312124
0.4767675844283643
0.5610961792681949
0.47360288039275084
0.5440998314295454
0.6974527000769712
0.6854264658334249
0.6947053223756962
0.7858244763300491
0.8201696440281065
0.7446571784342961
0.6316049318163619
0.6699045390113053
0.7741972511030367
0.7580249934739777
0.7663264066332586
0.6575470253026137
0.5916219174857986
0.7113364915805913
0.5637495385982312
0.6495456112539568
0.6625651278971639
0.6550771594069137
0.7268590696898565
0.7667345691183316
0.6926456851765285
0.7660537033311884
0.7326044929958542
0.7270994607925171
0.5598293247052972
0.642066145221867
0.45463350990447454
0.6932986356908206
0.5377605747090343
0.5187133412992552
0.5687333239535576
0.5542079515489934
0.6489091747953755
0.7754090090965111
0.5656465461427966
0.41605597934657984
0.5464152787688361
0.6543578066491017
0.5186869508807768
0.47618661246998534
0.618627356331963
0.490579337192635
0.5026403774224498
0.5864794091134697
0.45966570314730704
0.5659246323830095
0.6533697426809139
0.8134895900965595
0.8043057430119545
0.7536405862936255
0.8084055378969434
0.5955475207537558
0.8184158831929619
0.7676333564911683
0.763585982726424
0.7876145837792835
0.6943395411824375
0.8089240128707422
0.6754964495859099
0.668778970108095
0.8012783469053614
0.860140968502086
0.8111716024682722
0.7520223889048371
0.7764329247236824
0.7191761264692922
0.7513289531811158
0.7453055590013993
0.6097411474761071
0.6766177834466737
0.43904902486332886
0.49505855541589305
0.5383726042152737
0.5863036667111813
