0.028686583571978133
0.07227794994029697
0.07150372675798217
0.05310429172360984
0.08028100702260392
0.08539801926437388
0.011808930916696412
0.08945232143279368
0.354848830843286
0.11655488936827657
0.08810658373068056
0.3269810050473248
0.04942912600440455
0.05515621002468121
0.05331901943967798
0.17361653469765462
0.039207981448405815
0.15380442390395918
0.052715761523619696
0.02696779190463162
0.17769970807767094
0.021436727380511084
0.21859613924142715
0.09645822445898539
0.056462788185747466
0.0734744117370547
0.020778594010210667
0.024394202084519034
0.03022924535370513
0.07898278736665076
0.050640822729761406
0.04888334991146246
0.03463997028348637
0.07533241823414624
0.04356603031169676
0.030944263772763093
0.18543051923047948
0.0035526030451181203
0.08618204298725782
0.0501089020954957
0.10341715086913439
0.10245148938268271
0.196302421856269
0.07946959503014804
0.08455572379843095
0.05926314390250935
0.034324319827127366
0.06631988364038338
0.07228024704937897
0.06776272563823732
0.03474248588698706
0.026413135292580926
0.031001916232400326
0.10363190729242888
0.037822199435664915
0.025173372719205868
0.11368695347485964
0.11476037494178906
0.3508314272093743
0.058837895736668824
0.18430820802170853
0.1138385445507048
0.21459901234711395
0.10008807823242372
0.08778315688955338
0.07403831552943392
0.10017510429608874
0.03324072860657415
0.11320709795208506
0.04328362900915599
0.09535616635221768
0.2617731847339634
0.05549210764004562
0.024445667044310563
0.07169070816974919
0.0846554506758142
0.130406284478139
0.07278659472498746
0.07362142079476099
0.06299150115873513
0.04293928505069609
0.04322850153555441
0.25611614762723106
0.05192588523651684
0.06806238325215394
0.15069170457398567
0.18851520813262032
0.1778072640213844
0.07692609316346945
0.07190740233755878
0.10132973279562064
0.06661596770149442
0.24429065705010428
0.22681479810778601
0.05703256968999608
0.19408250171324642
0.09321668119353958
0.10135266691655773
0.05181781212770522
0.04628093920929897
0.04781560692130751
0.2764091075916824
0.06577110994976584
0.19377378092180605
0.21900399604881315
0.09849709309901272
0.17887597035750247
0.12957723705592838
0.15148865978423592
0.10809092374037783
0.4246644327491317
0.35725590979973176
0.14395307280333022
0.13140725352269628
0.28846914286241426
0.07356244169057552
0.06287602481504309
0.04150583904771931
0.10402299863665636
0.09813170455597295
0.0249435944832644
0.24198825993584758
0.012934084358880318
0.09740639478206946
0.06508521840026452
0.11627395561188544
0.07130964585123212
0.012322629454031321
0.08581229778846175
0.033518779721591827
0.1482769090515219
0.16183742488956884
0.29306463672863825
0.24177249037645265
0.12738023191404846
0.10409101918140788
0.21527353163799876
0.05093938576956015
0.10256164316473045
0.20607638996045727
0.1433770017904037
0.02832422140426855
0.12366873139623578
0.08242395861249767
0.036683073366676304
0.03017991194994468
0.2239288020135133
0.1183390956433091
0.047264506752779926
0.09171487190354409
0.15370099959165867
0.22285814315945068
0.053362017019810616
0.15452914000453205
0.08333117112391243
0.03848838708537866
0.15051827696147776
0.31567968434449584
0.22890780062099225
0.03872430196193349
0.06284409604753467
0.05271455662847009
0.05995225612193236
0.506797015516244
0.08679839208794744
0.1905837299539973
0.12720770399224274
0.0590791877688104
0.12314176493961587
0.20914657239022766
0.12537252318377218
0.24574333101806656
0.11867019570478299
0.07154596037760463
0.04992527072706025
0.08624729360212446
0.07388513277347122
0.4375243729570604
0.14943553761624612
0.131158894934895
0.017851750900877712
0.23213696461086225
0.09074818009409526
0.10648003700271885
0.1460763008927775
0.08083707838175667
0.1874051265751697
0.07584506057427282
0.12547640126593412
-0.005500589959610093
0.17046472231459514
0.13175236962116588
0.19232878074963528
0.5724818693472694
0.3426603899958691
0.09067013615755137
0.2905850174545747
0.30075478003137057
0.26843633472911244
0.03385232619866155
0.30508698188181854
0.2674144468817899
0.22518930287274994
0.34271739101341026
0.15316229286706762
0.04993080529767714
0.16354220189297639
0.14279910326163925
0.09595736892949247
0.22555081637316668
0.14734912163164007
0.13902022785605894
0.07622365417287238
0.2574178334482835
0.1974233026418709
0.01866030735838823
0.18823736552403453
0.31409299053611794
0.10959899738098759
0.1939794084102386
0.2554516715930449
0.19205691015846973
0.28658875106658266
0.07710979291255528
0.02763549466577188
0.06591093219469599
0.25827843837210296
0.10324290085652742
0.1951593833869585
0.036678200794805535
0.11199165740689931
0.09999111961546109
0.2295211189833294
0.1455509366478161
0.0942568578185537
0.04118456036809757
0.2796364615323711
0.1153262495618986
0.1251279821153462
0.25126152370329446
0.07675421264255762
0.3772809768013456
0.09979990327345144
0.017359979546421333
0.2397680952602723
0.06711927431424122
0.24685653924678752
0.2302963908579115
0.18220494752799582
0.29824733817470434
0.2033912329548011
0.15481368250918787
0.6169486564347904
0.16450638511390042
0.110702031919131
0.20432814475070157
0.08528750093031391
0.13272119141628683
0.28851826874033526
0.27536194528433133
0.28025533064752134
0.029424039691403996
0.07900015419728385
0.09010475140005812
0.2265252256834124
0.10472303259439904
0.194539059381803
0.21917665229497657
0.12505638051803586
0.17947087497963554
0.14435063724554456
0.20720982959274917
0.0883799698496894
0.12243762030271797
0.08729206499248715
0.02322602400327462
0.07916886115059375
0.1934712065905642
0.10332243785042987
0.34051249372940334
0.2684814393443923
0.10547888939398545
0.23954887037980527
0.13376264437771337
0.14568888333490565
0.23516816876152025
0.1526954170218915
0.09305043828942729
0.1867352623673382
0.17792102912689015
0.2440963143409163
0.39608760694623163
0.07955245036790232
0.20987655665281724
0.188312093045935
0.14082587448274647
0.17052644713195714
0.39881125075989693
0.11945176786612882
0.22904959175162362
0.1296427781365526
0.34383792374770644
0.24622996423348195
0.1337182458100354
0.21928453518275431
0.19198108525680746
0.19177737758959273
0.07856195558475233
0.026406338117491584
0.3279430914715735
0.022012332520176963
0.2527785171452914
0.3292029078756384
0.38671032246225445
0.09997865229244797
0.2777953955472372
0.12427175610334532
0.20001415807646178
0.16365437842752661
0.5077064989165025
0.06866354155728809
0.3117214281149892
0.12984922302800672
0.2561757174925658
0.18405358629812427
0.3645570325201024
0.12897170509954814
0.11846393189150328
0.2283796207347918
0.20471939173439133
0.05199019430363106
0.18371331107910704
0.08613512895145611
0.19153268013249494
0.12695326417452069
0.2801934246218251
0.15993642161380556
0.2105695161929787
0.1562741050823953
0.3445524948046092
0.07794043765746497
0.41801482957239644
0.23650121076197855
0.1877131372216241
0.30951766330073904
0.2980523809055166
0.052741613366988786
0.11944619737379215
0.33281975875174646
0.07651741149804246
0.45986297256289616
0.14962687389984475
0.5186709879733923
0.26755162088771206
0.08814282826761767
0.18377687572845797
0.5096953385369809
0.11655142853223724
0.22280729188302395
0.29207985062674147
0.2666473705923941
0.27831868526927056
0.24869390945358505
0.12965367320147128
0.03689666978933525
0.08996666270472374
0.18647213840062482
0.2752149574586603
0.06631543539896963
0.15311244168363033
0.2204244867485155
0.2066315789744635
0.3323954157305642
0.2200368126253092
0.2568243056280757
0.18067140344321822
0.2751965232030616
0.3251828918504956
0.44527773890426964
0.3453437770538784
0.27445494421141137
0.1506892425037408
0.2045173910069121
0.13299997383908704
0.2118401840116479
0.21420340563028117
0.05234998420864048
0.2185635729136695
0.15833905817991023
0.2616249874421155
0.1433401795216509
0.16402861827565043
0.14548765007695413
0.1011694209978047
0.37325574775646514
0.3088686301874645
0.44462063569067567
0.5242577183155649
0.39777608900026723
0.07805095927009752
0.18370850247118564
0.11684320963513892
0.27509589104102794
0.5036841977717014
0.18924630414455057
0.33262373499442227
0.020627808773783035
0.17945762685006283
0.29070930276542223
0.1763692939614827
0.1256878217120591
0.28855786544416917
0.29672268809852376
0.31271903984317156
0.11250352802939709
0.1681766643426414
0.21961018619902561
0.009060805261296268
0.23895106386349896
0.07821009845268526
0.15647516260071326
0.042742811010831126
0.21658783845642318
0.3276251015487856
0.29967713010483754
0.39776759818946883
0.36001945386469886
0.3969077477424697
0.39416491932588854
0.18393676017457203
0.1313574560246118
0.1111683014882872
0.16874672525599677
0.28303394327284015
0.24001463603909354
0.23954642104633475
0.2464363012518119
0.3476495277376572
0.30561625114151714
0.14142658537233552
0.05962169391523063
0.3768162529065718
0.26904483103713867
0.24034526999919753
0.24545302074229255
0.20488120969662765
0.097976373635419
0.322478221604986
0.3096912982056022
0.2929603460541434
0.33767363838234
0.5041300367407981
0.0434267313796897
0.3922672301474168
0.44247655709965306
0.4586201497716521
0.1429620538646793
0.2685082052527936
0.09789791726675888
0.28761377135436833
0.27736807183305745
0.030037057669239836
0.29102399234207427
0.4896972494101513
0.2997511224808354
0.3654698190582603
0.08454656275384863
0.15859110273053686
0.3882861879790471
0.37273659609573656
0.17715550747149067
0.19409939444682206
0.1564396418673156
0.3729947300214605
0.19400192662083446
0.22369372798466303
0.35802064931066196
0.33287668746067905
0.12604687258404396
0.33111612116798256
0.3677108041122546
0.26794739709461696
0.37029414777429187
0.13106149450869437
0.2750559678638806
0.15235966956268232
0.3843240785168559
0.1499211130511192
0.31783052391440825
0.4278266812953245
0.4033310555229788
0.40238355889402483
0.3467253068101768
0.21111017820970432
0.02712159925003212
0.20282319027153753
0.20595506786911066
0.2853877569246432
0.35456515044735726
0.09739307393469578
0.24518065477554601
0.18313809186447444
0.5096940102244755
0.37947394107079424
0.13903386552973915
0.34029144923889987
0.3373920942193185
0.1481921007934251
0.452339339243673
0.42893546088595585
0.12715682160840808
0.4755156372748668
0.20540824790919818
0.4213132104890491
0.04614515043074375
0.39322642990425083
0.3841103384648747
0.34635092044079924
0.30427283656994286
0.20431324975386062
0.3439653243976799
0.21847713233233051
0.259840057093121
0.06804191193061439
0.3878794658569489
0.30172169603793647
0.35619898028860264
0.24265262610623956
0.1899601805571389
0.29439221745487615
0.415026084127739
0.25941795735859974
0.3177045903372623
0.37278699122507725
0.242045719071516
0.4105608178505558
0.18025887383284256
0.4511734741263559
0.19382187253773991
0.2783703315553216
0.22826450148469368
0.17801011213306606
0.31685833858569534
0.42664213922770977
0.3028925419225896
0.3401664250151723
0.36907824586139604
0.04985932256503348
0.10808032528144551
0.2600345425036392
0.07288413703480298
0.19663265937291616
0.14903343754671988
0.25762644771257365
0.20640624514522568
0.5142062153424335
0.39411292690756866
0.27943875143696256
0.3508639739794755
0.5083322636100498
0.42529798711141203
0.19151040673031478
0.429866912749676
0.13654812231705518
0.34883425148375424
0.06516901297503618
0.05394718157915558
0.3550999453141497
0.11334102107731525
0.15042494772961382
0.4231056613776395
0.35125346100732036
0.2947555780929857
0.399323046185698
0.21797234623419176
0.31472115839808296
0.37459299803851454
0.12149920842775178
0.3478497859994632
0.488038004118983
0.3293181797590022
0.31475330399217577
0.06310207178386683
0.36557251443028166
0.3283495057383697
0.3824082709372943
0.4361695746585111
0.2964893219593158
0.23925967011807192
0.35907148316726756
0.41985979228703735
0.05956705253405414
0.43958674023265587
0.4128242405636391
0.6155329653918541
0.2938974698099112
0.29413696929732586
0.2875273060790484
0.08760768899942638
0.16477966124274343
0.2653526435096548
0.3495026581115501
0.18753999291924234
0.19808436848395253
0.1137137460244407
0.20765489127389591
0.5740392428877946
0.19433427525054145
0.34815844757316383
0.2720446286230393
0.19906326147326653
0.34433092983324143
0.40230041568921576
0.26088583364577816
0.5498988041514637
0.3769991087834794
0.24876959676207114
0.14675874375235964
0.16834794725111787
0.26687831384764
0.2615247386645166
0.08294135909367467
0.1417933786067838
0.07352670938708157
0.4377786001894622
0.2244308113479055
0.15865461773186992
0.4535885246543043
0.35701580424931506
0.17652268569590882
0.171424405208551
0.41925044136312023
0.23328855747466812
0.3321346193144854
0.3699872807790095
0.12688290329900354
0.08142614207670322
0.22135372189633326
0.07216356415371655
0.49864113355896683
0.3468814872284438
0.33535269090803754
0.2568265157873714
0.31873364490084216
0.4113398836000934
0.421840788096369
0.2474440077642625
0.10396707351419682
0.17416401489930988
0.49446741133698907
0.11946150296311245
0.521201268158969
0.48373208981205906
0.39038830278116426
0.21199984865334545
0.15988815406266377
0.273930298915749
0.3084326719940789
0.4595060994865239
0.4695046810172257
0.14872250049620803
0.14574664961921474
0.22745403853738944
0.27140565809424777
0.30602347958433784
0.6028965095792603
0.3457420261176631
0.20892246641197423
0.10456252289171707
0.5683297480522238
0.3757916233849481
0.2528646239343204
0.15944234000525012
0.3450722805590177
0.264123194584163
0.35673526602176286
0.33983177406428916
0.28918559049798603
0.31337911447227834
0.1774596896595241
0.33458268342041003
0.20268902485908996
0.251510245375251
0.08117177825655815
0.20254364450795495
0.0433092786644519
0.5055212025242118
0.31589387376890554
0.24849524839348067
0.3550049686112139
0.37931093965577584
0.27498879486279615
0.45635231603434595
0.40736255154754425
0.38113532073138146
0.2500746209848612
0.4290722141965129
0.3007902921311651
0.34724188368235254
0.4271493686556489
0.23493909563826817
0.42292393483260576
0.3485406364460836
0.24190932284293978
0.5217668792611865
0.3237328448827872
0.4081554226311873
0.12829139073422366
0.48587456272790924
0.11882276110830746
0.3871767277669453
0.49262327764565894
0.428652411080057
0.21243288184978146
0.16249010217580195
0.4197506343462631
0.18361887304060182
0.4955772778693524
0.5146694441067409
0.43367104470824436
0.2774382592471973
0.28665593453218696
0.3379936236119836
0.39826225221420514
0.30001134304183746
0.33539317624309134
0.3606737898622269
0.15075035219495359
0.2429096821473152
0.03955682281659003
0.4141606466328862
0.21946616310196077
0.3200918223995529
0.3724566138002468
0.2308969529769842
0.33468930103054484
0.3914061148146565
0.25123433670665796
0.4287171684836802
0.4022649471633175
0.3714517258428184
0.3512539958873217
0.27338268246735675
0.08354224551343746
0.1215358600394433
0.2809533017817919
0.353462833982641
0.5687329931562116
0.07035097443957003
0.2619461148232057
0.5083031915886845
0.20452644203048032
0.20429424653143954
0.45630408369468045
0.6201731101179235
0.26407217766602015
0.422669147731419
0.19267403882610395
0.2092017774283992
0.3115484959738022
0.21035747502652538
0.28868084285731355
0.1562781065487997
0.16737085864426615
0.3835922075749786
0.13181195178017188
0.35109675465279383
0.21954029950922668
0.2643346346443057
0.4214413508887926
0.22504389811183828
0.4003107217123813
0.02010912525069748
0.2257826979031399
0.3420544027756059
0.22196792300631624
0.229288295103923
0.3595460738164525
0.48083862796645915
0.4520593081343657
0.195951304410998
0.32390901912178166
0.1685845916694146
0.11862406358570103
0.534856859580277
0.42148756568232726
0.4082524256708489
0.11168635302901181
0.35503683689868565
0.5314926102918884
0.21822027733826918
0.21583904584564884
0.5552244151835685
0.5364921511514859
0.1782046987430703
0.27965674707580007
0.4943026001869791
0.4253101741509189
0.5098092456117739
0.5102813135825746
0.021228815839878918
0.16020584812965427
0.4204063309764082
0.2917552496681918
0.2894448294460788
0.04282342430865396
0.3519748823912049
0.3215627641068339
0.23428005609967822
0.2091514030327252
0.24421043586050967
0.43663522040435077
0.229589051454767
0.47586825029596314
0.25366767414675556
0.4145261258323147
0.4838722229391676
0.2687201833626078
0.4200006266175827
0.3441887833324448
0.4058258014481706
0.4013712102794185
0.5253277029638341
0.2821743576002752
0.4494243489960538
0.32363021876612647
0.14760970152542316
0.23749864104415153
0.2857624692765884
0.4827569373919435
0.1786132713838568
0.4818080209978195
0.16496525906666812
0.2408498240834424
0.3240644218267033
0.4172391682489946
0.19910146997965975
0.41097613679178807
0.16470479687297476
0.60915785418212
0.6002051215154086
0.28530631375122745
0.543830132968654
0.23636928398686202
0.2711696570773277
0.1784764516857627
0.22241333462698956
0.2488989052979722
0.2663383380233075
0.2927734212157539
0.08287382094540079
0.4396120919141023
0.07139971519637583
0.4774406377629521
0.5211156886632561
0.43321618148081986
0.5014430844327407
0.4481336411197261
0.400791977734313
0.28074505084388124
0.24933024145213709
0.4637138030539103
0.19001014302707403
0.4999935941253689
0.29176933962475987
0.5713356746276116
0.02127830245140453
0.6081254754575718
0.5452948865475378
0.48702009704223487
0.5755198070999412
0.47672004481876784
0.20891055640176956
0.3746635313823793
0.481614222094232
0.32281383106070416
0.6329999192143199
0.0942861728344017
0.03457079152731323
0.4004405831814588
0.4830208482310146
0.08007760498096
0.05096155676604914
0.35411324099641917
0.46561116663215496
0.36258468710030733
0.32086013968070354
0.4501876462607653
0.37594839203505737
0.03876773564624329
0.34927264198322483
0.5322772258458306
0.29233997182901317
0.5889763380562539
0.3873313789712063
0.44489750116704324
0.2983124665410145
0.027877069103896753
0.25068361431316405
0.4393495077692093
0.5069069417445731
0.32115132662921303
0.5265332956894117
0.5141094580417379
0.5395435142308755
0.4782127173231255
0.4125667182538441
0.2623411350051283
0.33573735948418304
0.15125030482383
0.0975196673900955
0.39634794733333584
0.4047763415133558
0.35031184427520096
0.3993454992050829
0.3410092466355456
0.5009480551204571
0.2572766356892118
0.18871408817015095
0.3417159749069538
0.05899947914777424
0.3353661203040207
0.6139454149721272
0.12543260172562182
0.3562118728785453
0.22833130954248312
0.3130244952723354
0.46620549187151444
0.33719787050633665
0.2911221797588596
0.519495923352815
0.11968083090639609
0.45331565333572266
0.22269525696500325
0.5068177787256477
0.4854237085099174
0.40868289465247004
0.29087281358686645
0.5769332179277279
0.428093205924072
0.5145991531387
0.5558467955402847
0.061342106731893144
0.3554569896578977
0.23271734933657245
0.2410933762147326
0.5490264244466434
0.11278040214159372
0.1702867849462995
0.2909455829727471
0.318046060432579
0.4995521808602041
0.060810278460505456
0.5379318238767076
0.21322026370689554
0.13107509126416952
0.34012868588564166
0.17384897730831372
0.2631014452418952
0.36825897457963175
0.1533518639492854
0.36903962780592886
0.41016771084028464
0.16543084706969854
0.5042024539562937
0.17804513382584822
0.36133939263356935
0.49066914691014857
0.5222346995534455
0.5623843771685786
0.5325477625598082
0.5592257798520072
0.2163870802922068
0.42975800590107754
0.33724542842191924
0.7062181830294036
0.5487348548412692
0.16188329267838725
0.249534279404299
0.3698613749187031
0.38329941705367987
0.3290081015621707
0.012552683260422314
0.535080687632719
0.5878245162134883
0.41957064731914456
0.285171929658104
0.27515442426293446
0.4381571391637611
0.4708300966379057
0.4096953468358607
0.28080486913962327
0.37540743841939694
0.5075896234283435
0.4478465803592547
0.49396674216411446
0.31564450222649576
0.5346999429632475
0.5130631142477925
0.4502796491361043
0.5141557758488965
0.0923886053908177
0.3138778412797582
0.5494169564222834
0.5037567743178811
0.46605584459236415
0.41156597222825375
0.2736754107828207
0.177595680672114
0.40739304507167823
0.3671858266024359
0.4151076823562923
0.5491613411377516
0.55105865163047
0.3255008627734523
0.5162548250267437
0.31034795183780384
0.10993630805245003
0.45531716501761965
0.34790312504496074
0.3179430134937785
0.31760326524831156
0.5018201416493546
0.3105864749521789
0.21450609819151384
0.5203758978735504
0.3787016163964975
0.2695301969947016
0.4652464205036471
0.43343514356596785
0.4689789006055024
0.21134449098116764
0.2220836672965214
0.3568698568495579
0.5113817997459854
0.5111439370823596
0.4888087162341699
0.29420822310068145
0.2094970094801308
0.4103223954463143
0.2938978018600865
0.5525148318766303
0.49654016928722444
0.2587262266078396
0.46947752451110164
0.5683669778650021
0.3602037090997505
0.5059051608325289
0.431367588145039
0.1489000798837892
0.2277373264108524
0.43396328717373256
0.3383046432563731
0.64763207222148
0.16167750056710484
0.4320762579524213
0.47968433852474307
0.594049982446673
0.6256675078232052
0.5320494368970585
0.1282033662751118
0.21593997108282806
0.34136694682643365
0.6017736097680932
0.30587687166545097
0.2560146344695939
0.3335583955877649
0.5109346743292067
0.19231782612130363
0.44602980954887167
0.5275994403470279
0.2246555862890635
0.6277791682043825
0.34506861768540376
0.4046606709612776
0.1526543873812522
0.3827793208889375
0.4649065864496187
0.4203788667229725
0.5247080359208326
0.1950299167402875
0.4865536691207709
0.4833250901494928
0.5830445133909927
0.49437868199249985
0.4972812982395924
0.3986240280659695
0.36915941980368283
0.4815348910979606
0.451763426342585
0.2667813731566827
0.4759596771418565
0.4580457666294879
0.290375088228801
0.5150574204781606
0.3095956805031119
0.5007578534546082
0.15504523551944846
0.4478649810830185
0.11867927096410645
0.3630320795072647
0.4827051560907452
0.40996144440490595
0.4358186225487051
0.1908421098479286
0.4238952816822128
0.5004373441937467
0.46172803005341123
0.356710178269276
0.5787049019903097
0.34345808011980844
0.5285400767671495
0.19161652726743297
0.490883359267078
0.5868111924991335
0.42192012405079354
0.45818055748895453
0.1347389737239432
0.12684635027936048
0.27968531909716743
0.6049606642938826
0.5246334316771921
0.5959192135292115
0.5197764126337152
0.5342775880476138
0.5801189081009249
0.564557758685632
0.5769437282200478
0.24529994628865734
0.3372973585096269
0.2746409093208351
0.5036391023451635
0.5533575292825891
0.29914994898808656
0.5047606718770526
0.16728881463642492
0.5322429544314388
0.4740703107122638
0.48014660740993764
0.5319150041344725
0.45505894201724395
0.5028493409799202
0.31549799134092904
0.25433942568708784
0.37662446502352137
0.33220942829334255
0.27656193755342884
0.41321704814620175
0.3892776150226276
0.39155286314795584
0.6133241149168651
0.5452323352650152
0.43586602615517267
0.33123366454342995
0.22022664311823956
0.2987124321277201
0.34006877381272366
0.46566197978746793
0.11863804487841817
0.22365367640914535
0.12856328280069695
0.4957885131316167
0.4246017325050265
0.4362681821127724
0.4090562303801871
0.3624465547392662
0.5006311999775267
0.2981065770152051
0.5400486113019834
0.572469072272446
0.5457506076386259
0.4921457393828114
0.4255618831548392
0.2868445360154945
0.2849401427024488
0.4003895294108688
0.2277120933855808
0.42007116680016554
0.6182034889674237
0.5469777953331889
0.28288339827662184
0.3779386879624284
0.6098991554598032
0.42031201932933393
0.42792845305316185
0.06563026770615493
0.5001028473716894
0.6248366337696749
0.4092037895406316
0.6121393543892127
0.4094118690685331
0.2585053550964835
0.3423680514367609
0.5624250200186082
0.29091783614180416
0.29115391836153315
0.16275481800722771
0.1651923871702986
0.5308491733792668
0.39241638938892565
0.5691975289371084
0.09610018059221853
0.2544049236882968
0.09293032520825664
0.42416528365829953
0.3036192452093072
0.24435126087108214
0.47899325821235517
0.2177868721707972
0.5338198269105612
0.3718827321951337
0.35233701815955226
0.508430885822589
0.15608910025420328
0.5130301201166193
0.44605105588982824
0.2550449807736591
0.03309123465605605
0.09487564224492541
0.5490401716815427
0.09910373133330617
0.304939611216904
0.42112791013405065
0.06853871015935063
0.3501076963548344
0.12838235944081658
0.331597816816007
0.40889885277223653
0.5390193620397847
0.45853258503692146
0.21813094532279823
0.5599733215535173
0.3690443489439583
0.5053243282623897
0.3477282236957817
0.33010434353950674
0.4292097142148711
0.4037246639641282
0.44413184545550677
0.4975420645977664
0.036226524159830874
0.5237256588983218
0.027485713638711863
0.20510593076940484
0.5231386716694318
0.28428183610376473
0.1987744328816129
0.26142218483050944
0.5956677305740901
0.010611598827937932
0.2931118394630882
0.559741569193661
0.46983613063750623
0.5096502014347072
0.3671802323012372
0.6048028194772129
0.028243250291702156
0.25135638051679754
0.15754859526613857
0.26498668621127786
0.621655345235387
0.6237440882178339
0.25012084827564046
0.36950948569057346
0.6347157903999379
0.4689968847496073
0.6303291069541601
0.4269878048988177
0.4244685586824614
0.4877729734829306
0.5373410507097979
0.5118471956884606
0.2749787495369705
0.15440930715346127
0.32366222017982843
0.3679494708793208
0.4055903520091602
0.6054819785699567
0.4195643542437963
0.42123517852038084
0.33979758624908224
0.3664589093319879
0.500047016520859
0.5293969499267126
0.36472289533415336
0.47814007858328594
0.2916159028819931
0.5368118415748642
0.5024279800023115
0.2535443403219104
0.2534619457663736
0.37374865941931396
0.26301969125679947
0.4347418229980688
0.556598250216189
0.5444863630472961
0.2813236950695872
0.39417554300194046
0.36039543513445993
0.48309019230330996
0.5934056430877159
0.40860627074541583
0.44406474530029155
0.5544729516421153
0.340287420235433
0.4378797025563429
0.31833776893937654
0.3083253566466171
0.34400806697988434
0.5301901153287091
0.41517096063214676
0.38486407928069655
0.45867774275620476
0.4363352494911032
0.359879623882424
0.49334357902411563
0.6283294586671182
0.1889290748493278
0.41353588117375517
0.5603429481699969
0.41189682457275567
0.38553837154775794
0.29811092038509157
0.6286653462044725
0.29884294878220424
0.17240635287235867
0.4054135808786316
0.11435743649824402
0.5073853762237496
0.15061722400750374
0.5976617873909855
0.25223818260754277
0.455697144347074
0.2573970335266999
0.3756968713338226
0.49812700559701106
0.3047432078477366
0.6506640636134235
0.5480021371647082
0.5758596764172077
0.4613384528030044
0.17306070577245822
0.6499977077818248
0.4435355092288338
0.3721812739015987
0.5424459332166914
0.38750010783538746
0.2926460236079342
0.5393999345482987
0.25689399262427076
0.21774607497201603
0.6198836513313535
0.33069860658503464
0.3697845427812142
0.5137111313443071
0.5598995265210435
0.3178257980126127
0.09779158589331814
0.5129957985499857
0.4341875683335648
0.5461244537944753
0.13419613778020714
0.3240547027099278
0.46757265337464077
0.5740586511913834
0.6444438148569511
0.5018706880846323
0.29954343452448423
0.6508242210255745
0.2930175539761704
0.4892184942468712
0.5883461907483126
0.6312322838804626
0.4265973709952465
0.23766093484105486
0.5697034152822086
0.32978139814776214
0.5548919287857373
0.38120678819326115
0.5263797798751565
0.4064258149355215
0.3178807876874299
0.35376962011800034
0.5346343058788294
0.21975202900996446
0.45830034474268116
0.6182801305077252
0.34437354936944653
0.3952156196571233
0.18292929524302928
0.31206362602852583
0.2764305903180259
0.19774808970076063
0.34916900607421547
0.11289449179400374
0.47453183055426584
0.5841344849292225
0.24365188237109192
0.46699205753161066
0.4144922549513143
0.39696507408389764
0.19611832080374647
0.6159932802173752
0.25796252803845104
0.48080088549774713
0.29474730731377297
0.2742780049633638
0.27345378447872976
0.3605450683221001
0.2675774842625064
0.6307403473033003
0.31123068212167326
0.44196064313521766
0.2412039592005037
0.256317557790235
0.10733950437274115
0.27954823459616746
0.5630761282013842
0.5548490591742649
0.44879032604683183
0.12726535824120164
0.2609416844681989
0.11171596008309141
0.16626671453398947
0.23197172118733686
0.4804739746914924
0.4690041058445894
0.42164125797564717
0.596300707576933
0.43284507386807475
0.1921675079110963
0.6907849220939251
0.30528527630741037
0.08938395964393632
0.6235027790984831
0.3992289119854923
0.4550579756601742
0.39206850567943136
0.20273755935986448
0.5799203570491755
0.5344096239000372
0.18975239150593567
0.647091379705057
0.6195939047942792
0.1903185258897863
0.6217307331857482
0.339136255105466
0.2705428846456856
0.1028278184664605
0.27270875693923763
0.1330559097923211
0.3249949687173002
0.5373876310621236
0.21004610280674932
0.3092179098183446
0.2701144478704378
0.3263327167436198
0.48158009774732674
0.4403901986017653
0.5130603886581
0.5252925115285472
0.2273252100255569
0.40465409509583444
0.5888641971542082
0.24202629259273686
0.1932513227336745
0.48367826421397647
0.512736588427002
0.2459894649757939
0.19016740952073474
0.26634981388542467
0.32211395792504793
0.5597556336353706
0.2754684302207307
0.4591815169717032
0.3700290574634272
0.2090477421404685
0.26249725642477456
0.4549840221104641
0.28045780451348706
0.5531823836527572
0.26859193231907025
0.42514446570453424
0.37315302337103434
0.3094789851704867
0.6703899773209697
0.11993783051227115
0.5227255814968104
0.14991017795983358
0.21232803009764203
0.5124111235505491
0.42934382074245214
0.6128578921739292
0.48263736973399524
0.3708196485909733
0.15346805216024534
0.34518412515955693
0.4601677453835461
0.37897022984289186
0.48077385892079333
0.405272435100735
0.5684993587610713
0.4700650901868454
0.2382443021787207
0.6090220498975889
0.13221310810534453
0.512292963818001
0.13131559883034602
0.2391887975327694
0.17967147507448045
0.22926769162830446
0.4804578680153759
0.3358500732583291
0.20455546104087552
0.5351765024482038
0.26176001997308046
0.3668768676827833
0.46522350230815895
0.18999586297951027
0.38484880663561283
0.21399140281486292
0.4063224293302916
0.5608069623565151
0.5674784563342873
0.2931544415696565
0.5133372825122292
0.49452415512443687
0.6443739522068441
0.29096582627914735
0.3049444782287293
0.4172524805561244
0.5182085046705791
0.3237047384954008
0.5200940688636471
0.5880652155684277
0.45983078268681365
0.569544807098245
0.48692143298183516
0.2657411048232741
0.28508937620639396
0.42478493222328934
0.393201066434865
0.5090541116461081
0.6841998267372357
0.6188779870960686
0.4101942775917559
0.6277506622920166
0.3707305732737494
0.27024309312883443
0.25499508914666313
0.6407585810372993
0.5354206914722273
0.5054943279235825
0.4887381627952471
0.5541647323555235
0.4865414545154457
0.603821833721761
0.18608816297426145
0.5211069162583285
0.6511724899927855
0.484639737442904
0.41253978477157277
0.5659970231253316
0.3193704503323953
0.4668037936646418
0.6266599304775596
0.5055232705075307
0.5619048989967754
0.40059925257874274
0.20164902329077625
0.7346745562130178
0.6552695045543951
0.4355517030129426
0.5793937183758111
0.6520524478978139
0.40046611856703274
0.44825785226408316
0.4892166588465177
0.24381788962334577
0.277951554841343
0.3685873604857877
0.5514585190846741
0.3996399872807197
0.42076396088845897
0.5981660894348861
0.2848182105112109
0.5575063519910428
0.5629694985149952
0.5953409652415413
0.2564248171369897
0.38526793201473325
0.26174167172446194
0.4495214732228287
0.5388409384265999
0.5904187694515898
0.28431289734985715
0.4161256043851387
0.5930307102381521
0.6173723408406677
0.43436971952201925
0.3026214093557689
0.3540187491552904
0.34976888836728826
0.446816070491381
0.26301591319406986
0.24498008322785292
0.6091381777653574
0.645695207089001
0.5850815196405522
0.2606270153140386
0.5602292964137613
0.296199444597686
0.630238708732032
0.608366970349727
0.6026510930679608
0.29500614235005457
0.47916148621744953
0.32693417018433585
0.2387781516926173
0.5987490936079057
0.2221117633768568
0.5831017605376583
0.5419060930897728
0.23683333125422784
0.5006699074648394
0.26008740947168446
0.4555322988483993
0.5542990426350619
0.60892637213286
0.44743508730853604
0.33865397089584215
0.6409456760672608
0.5825357012128638
0.4976958709452239
0.4740947577926707
0.4786904521738786
0.318873018921783
0.4430347438775277
0.22922188793395384
0.6307598237317342
0.624861520401514
0.5970867119585074
0.3229787418093577
0.6327703871525032
0.38286747333548427
0.4745989427916096
0.5795356877248697
0.487711425763941
0.17669972544287293
0.5122339306484449
0.3703844140611896
0.32075916190744125
0.36044755916343846
0.41984126183661347
0.5398750662802254
0.4301184286377761
0.26922623425051834
0.228405416365082
0.615642947835466
0.4474819588803992
0.44095764728250275
0.2567194903693397
0.06392277040237261
0.6380098578704422
0.5052978787322425
0.5603135279608182
0.2975250888655976
0.2868012548649444
0.6049353920224528
0.44145235100874125
0.19088511103604733
0.10494116270764925
0.3622990575384302
0.5648897731658347
0.6394897071828898
0.1346996201926356
0.24060670193959413
0.6138442718424802
0.4485899082308834
0.3710326043969917
0.4528925620107621
0.5635695946912099
0.26944777226728706
0.4204557166798832
0.6379510879089243
0.5986611251995871
0.06970786585745455
0.6776699060811344
0.5541947357302277
0.47063978137580426
0.22775117525920474
0.4027959823455189
0.5196511585450209
0.6415518983129612
0.3705993033210021
0.6049969873356431
0.5430691217252865
0.4763424791813879
0.39587904145693714
0.4660599671684802
0.6187920425123025
0.4188086722642468
0.5450180384757614
0.6296147189680739
0.06731258535433979
0.27190842351072336
0.2538244011074264
0.7007140544854651
0.6234059539988912
0.5017588263579286
0.5199051245148197
0.51074644744555
0.3229253535597051
0.4604795730584278
0.6201933127825486
0.5354480913444717
0.48382572502466514
0.5306763258706131
0.6807775983837442
0.2828570735351471
0.38526483652076193
0.46722287280272146
0.48959280094831514
0.2776260607665049
0.4966901994657798
0.6219539636027678
0.38847092792928223
0.4736094268549833
0.4652779859934075
0.4956427485006419
0.617873722139077
0.2762137242454303
0.5733416951926528
0.5641352763079179
0.537133518973077
0.4836132110753614
0.5240414972759005
0.49136646340890056
0.3043403489198608
0.6582926528714248
0.6556363716672918
0.4352716791299347
0.5091189385887336
0.5328225358281096
0.5029529877485498
0.347173489208014
0.2528853598457365
0.09740876096496237
0.44722608506772277
0.03143853248201073
0.3377657451808531
0.4680210027026461
0.3957460700094449
0.5780633566604039
0.5563971255491854
0.39237083158731445
0.3969558773782084
0.36621824394099983
0.49092424848891525
0.5350420177842031
0.2580377567544969
0.30487971438422196
0.5497078313353019
0.6735857889151532
0.5152359736679127
0.48079320291099853
0.5726001881671039
0.5875253723538271
0.385971840556699
0.5021521579261905
0.3968258267053183
0.4201761168093143
0.387127625601494
0.2630123808722695
0.5395478456218146
0.2350150833354875
0.5276451690118387
0.4019596747560927
0.27180934531402307
0.520359344586179
0.4203622942692378
0.23076521581798665
0.5197353399383301
0.5431021952603552
0.4764736491665627
0.5595767579241024
0.43445216233463585
0.19189096176524115
0.4420031147748425
0.49869459308474595
0.3703742222617477
0.4988103084409337
0.38683445974165054
0.31260222823853356
0.4502000178515835
0.5446823804730401
0.5851429104949599
0.6202836894001189
0.5248181958235341
0.410815604693933
0.17553876393814455
0.19431343134004112
0.5409336523709062
0.5969125968084715
0.5382748489411445
0.46974507921155
0.5156989173307046
0.49305752261184915
0.16977893302611455
0.5005720190057762
0.5669302162563438
0.47296578733089306
0.5561921615781938
0.1194792334353275
0.5893299692733812
0.6234350373138213
0.592627673416305
0.6609446170414991
0.6420828206209573
0.4671613842122152
0.6335656055884913
0.515986470025459
0.6504797246630667
0.5165469728285421
0.43981383266476654
0.4669013091733546
0.5383359353126694
0.35339334111911247
0.5261572832738959
0.5893635376322033
0.5584458052584251
0.21532988085657684
0.4500145095975535
0.5415362877942211
0.6091392221845332
0.5230009571033267
0.47202069471116415
0.3392281214886988
0.525103460228061
0.49829618974296613
0.3558687686291234
0.5819542718519873
0.5702083321588558
0.4928747202149078
0.48731513235173357
0.4206225751505566
0.5504288209933828
0.28706653429650303
0.44279441135047315
0.48265115544341747
0.592497060090987
0.2763300719837459
0.4480032283193514
0.20304674430574146
0.5100969696291819
0.38631895668737953
0.4383657944412407
0.41724855609171274
0.48918610608228597
0.2641940752736205
0.4916893137350005
0.5642983093525129
0.4962237610793105
0.603186309540825
0.3414894592520777
0.5923660924475672
0.5472351278770938
0.22136106450142645
0.5253359493968679
0.5522502367509831
0.5583947661031988
0.5605001108848128
0.4355968846789828
0.4667582737651854
0.3641496692130006
0.6106893642835856
0.18726600543309646
0.5397018860814962
0.3137137452881424
0.4491981121853836
0.5848012536438667
0.3778058148550454
0.5059090765094385
0.4363106105533899
0.45876786081344684
0.3393997763628491
0.4720040325175401
0.5030443743778599
0.20112524322768702
0.4300393933843455
0.32105001181311543
0.34178555352164863
0.12243354713490735
0.28720066804400696
0.5800486052565038
0.38814105000866256
0.3923924859807552
0.5876476477899061
0.6045161078775318
0.3252259916240022
0.49242230400256737
0.31940554439935337
0.4524034495403913
0.49747159509433314
0.3890669897212517
0.30089086398431053
0.0337061365600692
0.6331008810645287
0.5205642248716301
0.32637677703665297
0.3689721142033386
0.2691974585123839
0.4177021675225754
0.4606679859010192
0.41863837231290446
0.5460978266554734
0.6638774740585056
0.44769238521163063
0.2582287845706865
0.32243404360680933
0.5272618234208086
0.5307406284067355
0.5433269149761073
0.48920053772373806
0.4520890186754617
0.37667877360016705
0.634424868577847
0.4518505504551702
0.5592875550010445
0.41335011340139566
0.38424529324519824
0.3738924022253176
0.32349199245596666
0.5598614709131513
0.4736169480371186
0.4934866845814885
0.530723404934901
0.5247758485693158
0.45297185747622976
0.6373310111639021
0.3784806362196181
0.34458732109995155
0.5623199363019694
0.48592832238583994
0.6006469910192171
0.556024372812447
0.26168674405786463
0.583930858969594
0.5636405178393882
0.4164119254555604
0.5481880809956471
0.5875884283587596
0.5409164845264242
0.5884432279983236
0.4011684240621723
0.4748515973941684
0.5321656578432126
0.5868569143025961
0.5275994984526304
0.4921510181490707
0.3577324768849778
0.7162130177514796
0.28828079694187364
0.5038393785006682
0.6924267110330677
0.47739693313222775
0.4384801994049606
0.48618104575163407
0.41215270130597115
0.4437769666541562
0.4407440383505674
0.2065571164465286
0.4510195383831014
0.4983486001142502
0.2772895940693622
0.47468881418190373
0.6432675408212876
0.4046861405728974
0.5167146128035892
0.4971467371654895
0.5274508790481771
0.2553003552439907
0.6645636539367727
0.6353224076577341
0.49040209009491353
0.5478019031356325
0.5178391867242581
0.47425218605897035
0.4582484048802691
0.584400900708408
0.38400684419611536
0.3481112649540766
0.4900750762452606
0.1339376861815134
0.5217892316154471
0.43006667714167846
0.3570453004976866
0.050897020715628655
0.443623020855993
0.24651513112047874
0.5401460613682962
0.6620607877627566
0.5603977313232498
0.40541610873525435
0.2876852317903801
0.5342252438803246
0.5247070912856249
0.5530817258928493
0.4342895326973938
0.6766702216478953
0.6488226304303568
0.7009710351377021
0.13508540178697534
0.6086713811173357
0.5334165796280522
0.30074179843073595
0.5206229090243396
0.4667958092948224
0.48090103254690775
0.4241531816538409
0.5219681949618672
0.6037353851016553
0.48975730396937406
0.35952529330066907
0.3223521321485807
0.45910087279445966
0.25735511515779824
0.5150484073614159
0.4004031075272475
0.23972439685897723
0.629241171166554
0.6394056368462473
0.6053268081497921
0.41728614086301036
0.5961993778813011
0.4302759562785819
0.6441654715219424
0.3912297539459963
0.4691877685515363
0.48200418369108283
0.23155962342316008
0.45331882271627777
0.5142078158150204
0.4355951004504386
0.390068711610557
0.5909246791736225
0.6286386969823652
0.5352214289281224
0.5388610893561909
0.48679206604854275
0.6817797508096345
0.377665713288861
0.38957741081261055
0.5263916482540203
0.3548108605917728
0.3986191265584822
0.132283154680092
0.5448821947453728
0.5636461639652491
0.49211949815734374
0.34374182504299106
0.7130464364920281
0.6701706462330531
0.5122729116363627
0.38963116193880454
0.49581608129779076
0.5759162149083117
0.5629266871200709
0.5780732993007528
0.5533477699567666
0.7435207100591716
0.5525004213635029
0.6308145375365046
0.5366224550802813
0.6216152187882171
0.3608151901015703
0.30562167680615143
0.2633375211840558
0.44963602910573947
0.46720435011417727
0.6369786087131293
0.5008084244637453
0.3863279398425184
0.7024034939419554
0.5433173617948518
0.17194786103169846
0.47984017453539574
0.35282627661730315
0.5047113782594463
0.21705259672094218
0.4715928428561288
0.3208129220120858
0.4955524641516653
0.6184021792548826
0.5041737051759361
0.5362896788545024
0.49169403556080554
0.681396972935118
0.6075416244523607
0.28426730454344257
0.25591513852347636
0.45043547259123523
0.663232052682703
0.4860029217127179
0.4562450505773585
0.4360625526380051
0.7118638176638176
0.5642265802168274
0.20107107574140837
0.5068759094273558
0.31524693113402574
0.5740802424041459
0.5092766742863801
0.21433481428549125
0.6191003267766003
0.49498878539707664
0.5202561719702943
0.5130629013839937
0.484624879419873
0.5327946894905956
0.41586799305951216
0.4319315902720961
0.5475492339291099
0.39755719543062334
0.2710836700677888
0.45879205371957793
0.4015593134596482
0.6004595469997923
0.37196790077008385
0.4250360743289978
0.46883933262272365
0.4184423803215905
0.4599475029109294
0.2588465875536102
0.46788262575314155
0.2716167996686831
0.45930279254638234
0.5581457237465139
0.16374523924529838
0.5528458435440022
0.4705575071092308
0.4781567023906359
0.38167871369715195
0.34680733509352235
0.4637381680870402
0.377186275628883
0.5495385588690511
0.7242261152490497
0.5553730384594905
0.22481239229263805
0.4559733491024956
0.5037115510718934
0.3828226814169438
0.532968349904261
0.37974059582666286
0.41412196038283683
0.47061321576444215
0.4885464807815619
0.5408138112590526
0.5154554045368321
0.39630910499879085
0.42520138229197585
0.37082233095653633
0.3239442305891396
0.1941412051700536
0.5285785526609328
0.621816599398315
0.5172497511851961
0.5294233367222054
0.602043783459319
0.6482880865941995
0.3733299010763455
0.19542772456077354
0.6199533638942853
0.2391330453035652
0.46717906297245776
0.46609778841772465
0.5123975622549002
0.4699533638915105
0.5338514629973052
0.21898967472973163
0.4503981944980691
0.46634016993988603
0.5946869262758736
0.4504060084658634
0.2671028924709621
0.44439932627218276
0.48538518863039415
0.4492064457281845
0.002754633631038121
0.6804482130467189
0.2403844505202376
0.5844529612492293
0.6504001900738436
0.5692296955645882
0.4094603608792529
0.3479747987466718
0.35692307692307657
0.7343231791949743
0.3110556123120674
0.2597948938146575
0.3008839901884011
0.21975513406024538
0.4235174553271298
0.22943777678796817
0.40238577330517633
0.2335312912421408
0.3684478399071704
0.3610898478457554
0.19317311048216038
0.43471214333301506
0.5345192811422268
0.17377017572802214
0.7178894565903354
0.3557541803359034
0.4177692065974088
0.44019504648199664
0.43359616795601785
0.29742112862114367
0.4313025850014982
0.5472997962930581
0.23833023416350854
0.5084802189211931
0.2982749147895937
0.449747587765739
0.4647513006939787
0.47859901247577163
0.34279580180071173
0.4481922230275011
0.4865261906666018
0.599667648396453
0.43555168968483166
0.5124355476981836
0.37983422947270573
0.6669084162558044
0.6276328722427692
0.34879341847742096
0.5364748740983937
0.5196366374244766
0.22491781317626053
0.36226180470804015
0.3956282993234588
0.46039126859324137
0.45198156811078016
0.27574523887582836
0.5439933117902036
0.26406889440691134
0.5598920471681555
0.38832082197341444
0.6195836293550678
0.6049176751954718
0.5489702727838712
0.2522544635476383
0.4437256990331289
0.561356208519118
0.5876154119320381
0.44917198743285675
0.4638439484218403
0.39708054941926707
0.45359745919524974
0.46978535309579883
0.26358562426857884
0.621826475690931
0.4489305073976106
0.41910020781502005
0.5003842797819934
0.39469481226252723
0.6195095147157597
0.33682488754614204
0.2601293528723203
0.5470551473041618
0.42993552222061493
0.5354404080651178
0.572878827206782
0.5217076757312733
0.7062486856265312
0.5581862750109005
0.4669589034215751
0.26656695967468946
0.45875334044694355
0.6323175671351013
0.5288480524947506
0.24898251368178798
0.27824484904219515
0.6215248571542406
0.41372895915237445
0.3514671269549004
0.25812006002764426
0.40439979166764295
0.36341968222834337
0.14304961113346085
0.5320163127978043
0.01697623502045612
0.11667206086307372
0.583022251870203
0.4293347188010528
0.6220444771776666
0.4969074003999631
0.41259468031962193
0.4218345002319617
0.4618619605953047
0.4470021247851721
0.16604913470760024
0.4408600071136103
0.36753046501863457
0.43005727035675906
0.5345689901752965
0.29404088884517277
0.4010444814129777
0.3649552532847493
0.406724916463019
0.5542174443528367
0.4570624536511492
0.5135038557904223
0.3990676257157583
0.3839402011714272
0.3966394757532327
0.4638029421538896
0.4130825141599651
0.4113244018929474
0.42806327644479986
0.6075230334396516
0.6418120800173825
0.4043987841698173
0.43366184594366103
0.5190346915614383
0.5363888078473052
0.39990706303054624
0.4183529584431603
0.45313898716168066
0.27794703677325655
0.5350207674573134
0.4161614023362453
0.4174525960826216
0.23231694985878232
0.6999480443708731
0.5851067949754498
0.6238726767517777
0.23589236751457968
0.5000369458128077
0.4458375538839364
0.5152351636484478
0.3756989221975994
0.4272943732385237
0.5480256410256413
0.26162167727364466
0.17444087547558546
0.5303653225930097
0.48210069789555665
0.44664075596973957
0.43884500157810985
0.5775903596450616
0.29105842764555007
0.4590815395369953
0.4969729959029178
0.4558485581562616
0.4551319515734834
0.3575915579242326
0.7080471359149422
0.40318027621577485
0.24929632366981525
0.45827949581167354
0.36136403339358414
0.5750200026503319
0.3613905821273867
0.34323621737511817
0.3489194077266301
0.5086536103843141
0.4270646911202187
0.19880404761698156
0.6686942843923194
0.5076869658119656
0.6998244128239487
0.5221829855291277
0.5355050991944965
0.5076960628687849
0.5769756125821677
0.465766276496349
0.540814635348649
0.623631537527844
0.5170793949859415
0.6142008213709625
0.6001033388076851
0.39973998961457746
0.36663523641133333
0.5763260685138981
0.43526574573634585
0.46765032357093106
0.43614779615377264
0.7248115989068105
0.25093747688667545
0.33174927688599404
0.5265613487604445
0.5802934135856331
0.6112733430258336
0.5127467720115706
0.2633644403877628
0.5755263982060431
0.47594849547655227
0.38829983462391743
0.5567065863923722
0.5951004269040197
0.42974414773593084
0.45940879254584105
0.4669795012570983
0.16906544533294243
0.6656066418102025
0.6141911937960538
0.45183294685791364
0.5286395531704391
0.5475831205882019
0.5875161027508485
0.6355314769565016
0.19086785440217663
0.5729631309297495
0.39440573632814696
0.5374396721100864
0.25130737274436227
0.1884099338009787
0.5144253949896587
0.5281291791360799
0.5476143248103906
0.6447793215855901
0.4243918675454975
0.3660087488143457
0.2871848279625304
0.7269309887542478
0.14711495193139779
0.5006431227515011
0.24871261781657367
0.3034716336879475
0.41710845864950324
0.5582591324024413
0.09433783276890667
0.480687148867163
0.5294878551673822
0.46137036506902995
0.40703988961090587
0.3400713347311664
0.585121523291694
0.5222943343121035
0.27976032491731234
0.43563957426868355
0.4721002607431453
0.4785849005345318
0.38497413124378554
0.25253108479388553
0.5757603778607028
0.5189802909735404
0.4072496575938239
0.6975622292170446
0.597338734719573
0.5596193631121704
0.45819386656107625
0.5984284208941749
0.2556715602056338
0.31504747308077086
0.4122811747538957
0.21370433428628594
0.24688520372138797
0.44857473219268756
0.22618225300750228
0.5874694078260191
0.3514290123161419
0.36880257512958814
0.4450354046713447
0.3020214141324391
0.6139349112426037
0.410777518017323
0.4138440906247151
0.4782644106419642
0.2593146858962799
0.5853536207013531
0.339809673296551
0.5252404995197987
0.2890452410636374
0.5354656860476708
0.5558920261041375
0.2575913951923263
0.48082219834649215
0.5231401017973226
0.6776767951158614
0.21365184056118974
0.46287667663906945
0.6059051323652078
0.4160901425541221
0.30004679748526475
0.33740783319729223
0.07227517841481515
0.6148311611405923
0.44849258678847875
0.6452526328617709
0.6273684947176038
0.7020255801623501
0.4931107171958894
0.5775151958912743
0.44039398203103836
0.584387928814467
0.605680645880645
0.5132313397290207
0.583872545159967
0.4273869519844852
0.14075234365162095
0.3512310316526108
0.13969412535896272
0.17485668843276134
0.6295694272592965
0.48066524353275547
0.37934317164142844
0.4877097528881137
0.646906827025255
0.6439786297393586
0.5640164912903024
0.08320480075592979
0.5913861687873093
0.6429615219003166
0.4302100228606813
0.4331757877234523
0.3781886005392648
0.5139050158278743
0.08433587472554276
0.640344274932017
0.6406964856820656
0.6154581932503085
0.4339713990268693
0.6133940266877252
0.5782766469722987
0.5109308721534916
0.4892424003116377
0.47529912338346575
0.2445944110843202
0.7181288949954724
0.2682766766800917
0.48047986310351215
0.5481356068196132
0.3562559576015294
0.46088723046575303
0.1283451523191595
0.4643808897655047
0.5065798722414092
0.3654530042175971
0.22655254530830607
0.4927332274552985
0.45033659516563107
0.5670931627327572
0.1648748869788254
0.49005555134865325
0.4259461076730784
0.48921817582179977
0.5491063186162823
0.19192566483701154
0.6333542864644506
0.35305644163872274
0.544227195675738
0.47197043635181857
0.46849644635699517
0.47441023442934166
0.5660683422577408
0.5064505369659456
0.32861479666845156
0.6324095904095901
0.3198572058083407
0.6456449244198121
0.46376014898715845
0.38381286511605184
0.45796453679356597
0.3542877618738285
0.656227657435553
0.3736925279368094
0.6411509748882486
0.47296797662048773
0.2919049764130381
0.19061333084606374
0.1681967081302676
0.3053201555767847
0.46818175367672227
0.5949072290971231
0.6301936243417632
0.6012153467357968
0.5447712420133034
0.5087457525799141
0.47272537434475853
0.6482075201866447
0.470602894582509
0.5703413057856248
0.10543075129881607
0.36005756563885677
0.6904796915549605
0.28433455521868206
0.5106741775099259
0.5795961482428122
0.6835358710623689
0.6151818651953559
0.48283923419392516
0.4571843795838204
0.2875586780972045
0.4140557671886117
0.4509459168087717
0.6420557176829861
0.4774177408528439
0.5318035634932659
0.34543144095420003
0.3879735993487728
0.6143003532611009
0.4870394741784234
0.6545178996215641
0.4592045553275338
0.6453924551846424
0.3828425040917173
0.5844127610915175
0.5711183191351997
0.6087276050169578
0.1889867648679196
0.4906748428759238
0.6483738064210226
0.629727939436234
0.6178408951691872
0.3742270548098909
0.5461110272213445
0.2699209619747949
0.5840916259970159
0.26171326365065917
0.5239347402408476
0.1291437634259588
0.6639666534582334
0.5703493943848602
0.6201951400893104
0.5402636702076385
0.3465376592805793
0.32353170917179236
0.5288352387955126
0.4331755368622317
0.4226947609200511
0.5179833379743388
0.5955627902023067
0.45428432769468413
0.525542329605549
0.5842426544111677
0.5164962973541478
0.4776159087565566
0.5613308349667967
0.5193074812280386
0.5214306457450535
0.6270715010762283
0.5010408215210339
0.49218538044987115
0.6399518666818164
0.6462295802755045
0.6450412461083685
0.19195830496814925
0.490653863941697
0.5969152222986165
0.42898457837640774
0.6495322757006352
0.6226940674300834
0.6443281344427129
0.4184432743855871
0.5454313081069475
0.5858566024373126
0.3892008129210281
0.620193233776083
0.3442063741612754
0.6231782798350947
0.3847881903637294
0.6319008878328812
0.5421420410262543
0.46084003703267373
0.6778314194581556
0.21744912813097309
0.15293477915608952
0.6142751121625973
0.23924684404192761
0.5346943346746299
0.6484936436014053
0.4886087139453133
0.4207075597454373
0.3381618259353637
0.5907359380627022
0.3171325746466849
0.585885188405086
0.23610862015596998
0.4686340260407913
0.5535894998344671
0.38103071624061485
0.24554453275421084
0.38063813634017096
0.5332701884592302
0.31230913836825747
0.24845736125767837
0.6652125596204859
0.6085056570981455
0.6391259466305192
0.6910853249999316
0.45317343890124134
0.5987407468364572
0.35977806336364254
0.6217818528004226
0.48057547753194696
0.6865870154068923
0.5885085224919632
0.20504024647773167
0.5397781887262013
0.5268480791195292
0.2193361440927444
0.4811236605783185
0.22481792798321437
0.6082099350909259
0.37872054130520433
0.49027119467774666
0.6320186068442544
0.53237902844327
0.5037550636310025
0.6195887129155254
0.6675811049349651
0.400373662826594
0.5467330562012664
0.6381922851115213
0.6057154176077254
0.3643162611698507
0.48708683186877294
0.4274517713242823
0.44410572032008777
0.6072634354418665
0.15952220631298472
0.559808916662448
0.3857166474326765
0.2840017541510441
0.6045519338308207
0.5736298463905638
0.12360573220435288
0.5533827779816107
0.5839680986597957
0.4572956592155218
0.2464476913712093
0.2868043079566307
0.6298846960146782
0.5108608994218529
0.6167137339352022
0.48254481397191307
0.5626162782559158
0.6739201705897178
0.30962029589026563
0.672996719698415
0.6569190476190476
0.42277000261591974
0.39156307171800586
0.3038384472112751
0.2240693873045901
0.6710198677062478
0.5509399025879049
0.4913432737152737
0.6363327441770106
0.517869432871979
0.4777049192967035
0.26105044264006594
0.3435006321852619
0.5989810979103551
0.537175649880515
0.5284129908822858
0.3224595546707008
0.6185439915746471
0.48797735192343106
0.5205296010806599
0.5158770012522603
0.6504396960624986
0.6769620332099057
0.6172884338632637
0.4388572591031341
0.5439497794683298
0.25041470445839975
0.5111879203268185
0.7290045259964684
0.6267663281670486
0.5984203675339026
0.6203740958948287
0.7105917730729123
0.6006805033296788
0.4410777639981076
0.6387973905956759
0.4774273767033317
0.5401402586017973
0.6131930728565187
0.5734790082344297
0.27654915730572255
0.4587851559646427
0.41206347590480114
0.665704086445363
0.6515455867145101
0.366555109545402
0.6338892158563882
0.4303814275231679
0.2724022965137048
0.45715747272757973
0.31514755049422805
0.5035290090323357
0.21535372063726857
0.6527583280753879
0.4854525794074472
0.4736632017417051
0.3012707278707278
0.5233333891370028
0.4399520621927213
0.5923709936954783
0.4203676812254148
0.5864022909117058
0.5942352555668005
0.3748452677894255
0.05239638924470589
0.5345192811422268
0.25614886994518776
0.5467243419429273
0.4442540858238189
0.5193608291509644
0.2896107773002574
0.6301114325609413
0.27406959559009364
0.4573672590691117
0.14297769323539894
0.2810298208229986
0.3768214736825597
0.5877749101247995
0.316711816021942
0.531360744016921
0.09115374688752961
0.52042537941584
0.7222255095332017
0.2726988911494308
0.4250227868524743
0.4805057955742884
0.3969837468082483
0.4805057955742884
0.37621346843492903
0.42263035462039383
0.6549667268118387
0.340056900602575
0.4169414478634719
0.25978769945626434
0.2074579054534974
0.6325136266420761
0.5305796872958628
0.725828402366864
0.5253954756649563
0.6569394896110882
0.42640763856081826
0.42561506692010403
0.2613069119907886
0.28881341192458604
0.5575250358723728
0.42514792899408316
0.6650237971330907
0.26257142019304136
0.4232898512222409
0.6302724564234379
0.5762383763233597
0.45877578119691764
0.5680550886403491
0.43969816997372296
0.5067632702057381
0.5790100788728011
0.3826261484574031
0.6057805369649142
0.2364572049431203
0.6216902844412041
0.4432414625959103
0.3423095128438218
0.6652361505932188
0.4306020526720136
0.4086927726826621
0.4780413066385666
0.6677094345195045
0.5549175653214783
0.7057147434216365
0.6143402761045728
0.44185928894545623
0.5099678511487457
0.6867641210603136
0.23006612823474107
0.2956992719421403
0.5349442180077781
0.45706809938903753
0.4917801457413733
0.5027158668915062
0.6083609876045472
0.4957259344077229
0.48067688197391134
0.28375774293887096
0.43527371376263313
0.5704913539512977
0.5476585951147048
0.4962402852818315
0.46730127802434074
0.476785634913072
0.3175544573605105
0.2716167996686831
0.3283503891015457
0.582587265576977
0.22141931925766883
0.6710463456432401
0.5647763528324791
0.4442592308772742
0.5921502900819184
0.6665546154616435
0.2679638609558533
0.4601936161642795
0.5817310897217576
0.4713423812911579
0.43904716923926984
0.4405128076984376
0.4194529224215181
0.4378090806561595
0.716768573307035
0.48845707355949564
0.49536190734225616
0.6417196507621399
0.6365971403679599
0.7286061801446416
0.561887290011004
0.5782875099730671
0.4145573955421684
0.6338345706060567
0.6320164294513448
0.49144407679038943
0.35502551636939184
0.3412630563911654
0.6142172291654072
0.6291924126937709
0.4850372549019606
0.20779220779220783
0.48818162271335475
0.48818162271335475
0.23524816541701787
0.6477045051389188
0.45856514588136255
0.19786957660840912
0.457098279403331
0.6502003378671699
0.5165561894265506
0.21084496750254497
0.3544273797964312
0.2883800315405905
0.5341847567205469
0.6655408301603732
0.20998874291804703
0.41385656067389315
0.5414575991355889
0.311435174672152
0.4288612725608528
0.5694122504765925
0.585167649421908
0.5328949881656366
0.7257178313568372
0.4534923246108692
0.7032653757585859
0.5014019161521276
0.5000625978102406
0.6704126967189216
0.5418827697399125
0.46570767413744235
0.31661706382821003
0.49831006233196357
0.48344343330507505
0.4290737609968439
0.63550753931127
0.6816508806000532
0.2945665275591349
0.716217780438658
0.34546435846592155
0.6270668080204669
0.6375056099273203
0.6001794909487329
0.6140432187775381
0.5148051868239915
0.5586540545319167
0.4100211634056712
0.5674412258465323
0.4456189071601898
0.41902285603423306
0.4643667001611114
0.45880044712734597
0.23598320591044644
0.33302696022684714
0.6550585070384417
0.6414016413883792
0.4695617775393635
0.509754075050452
0.48192078288210033
0.536693317347961
0.6101999647452794
0.4255711097498688
0.494373300732248
0.38984136170339234
0.647533663893898
0.6070428233921262
0.5289767936738652
0.49134532877416653
0.5166009571554487
0.41611405891144365
0.6450791389969139
0.3224265922896175
0.6243575900892288
