0.488618626208376
0.5263080424968333
0.47265907270292556
0.43384801398109524
0.40164865186543963
0.3476867061795319
0.23096771993772677
0.5166169018401421
0.5864031694116895
0.5763303356447009
0.3891762640113112
0.5141513159148692
0.33858026241756767
0.4565870559900623
0.5960231127248327
0.5383277660726664
0.5079056069312535
0.5389101118495947
0.33479632715611296
0.18451741302445343
0.47749112894144546
0.60227059769047
0.6665866030534459
0.5375728227137957
0.7163555215695966
0.6778029149983056
0.5813958449535153
0.6340007462724389
0.7291965520772409
0.5828620448169937
0.44120530129539737
0.38088759890256446
0.6356657663100826
0.6820440783366278
0.597322362602944
0.6692690915452039
0.768036466148397
0.723656326844983
0.6705202797402819
0.7230219986859562
0.6541729585852313
0.6416363159593454
0.19018318996837827
