0.2844542700163613
0.39406611759871163
0.46571657299896513
0.2652761519140313
0.3845642349399893
0.3123674381447625
0.17920646091810893
0.13555183736051607
0.377419132318689
0.34361058331468913
0.3800656199734684
0.41085437501151345
0.2588107819425478
0.1939148338072085
0.3571797743011307
0.2932864577918292
0.2118043260941259
0.14897456997354824
0.08787711818868353
0.43395792149136414
0.14395160288403105
0.1351206119135847
0.6691847936261713
0.24753427721151688
0.5227461614774529
0.3928208653092396
0.4301564382745774
0.3785532955878854
0.3605359894077463
0.11781538836202939
0.06472796201366124
0.5192422988415547
0.43677520526786473
0.33918505793406434
0.3618892297349125
0.16601884693990382
0.31428528880906
0.16925915468783015
0.27939569039708667
0.2829334334797705
0.2575134389141867
0.24681897263300642
0.4404240418083179
0.2678497490019428
0.5019507367778762
0.45706053224612214
0.273905291822182
0.17883348380959674
0.2505095915262256
0.4218676863650152
0.4181905220022742
0.31225297932883556
0.10758254213529098
0.3126867013153358
0.5551592242717631
0.24786688870789908
0.4231643448284442
0.4040152939488517
0.3707538035135866
0.47741669902393374
0.348475517314961
0.3837072950887145
0.21642674440054827
0.520461317832839
0.21879046833624632
0.24242422084915316
0.4082832866612332
0.41511786279386054
0.16686833873240137
0.28352708435580004
0.47078466924085277
0.4057111323093672
0.11485794537353701
0.3195204193685756
0.04602279990810942
0.23573089581340428
0.40235736358945196
0.5536912987356
0.5589702941669388
0.4619059752451843
0.5555125573362143
0.2011909758618063
0.431396563234428
0.3887730357224159
0.41513805760312084
0.30263296599364853
0.5935428773952427
0.41021472380127405
0.39476194855172503
0.24094360909249765
0.4869273949122963
0.4587619788123547
0.2894889210510977
0.5225129624444765
0.35983379525986187
0.5059383450504606
0.1863036811904665
0.13250649964359684
0.24063889082364176
0.3751266551036598
0.2493608531185584
0.472450504446139
0.4727776096124154
0.3040907118461237
0.33036639043443955
0.20158159523282027
0.40388796682074485
0.4672247568298717
0.39443605632897283
0.3920672437177199
0.5794771866511155
0.37859462462847726
0.5791868987532216
0.6048670295425258
0.256385887968977
0.16399301894690915
0.42214937588911766
0.36529653436294496
0.29966692592924743
0.5851427483270343
0.4434478898435813
0.2452270759039112
0.5633267638401716
0.3227200989424667
0.40312281375652986
0.20272935988009652
0.48328030027042634
0.4177196469319373
0.5212466587898573
0.449573633865807
0.36137657321722133
0.22412144665408334
0.16478775555987712
0.3990415020457705
0.4911830978840544
0.5422112364620527
0.6348537781660495
0.4909801414697792
0.3095091422408528
0.28498579299572624
0.41824339337226435
0.48141814966226776
0.4436752228284615
0.19192303410230468
0.42172656156572425
0.44204099848934936
0.5207779959004994
0.5941879058159505
0.5499886304382111
0.5049013317733497
0.43165915677189437
0.5423316942152068
0.25065360365091405
0.32161682985500145
0.4253202373389142
0.47963497317459414
0.7013459263084915
0.6766014956887466
0.3632831103347211
0.4113084475337216
0.4179683151504271
0.43212511579277496
0.5477086531694816
0.5906111775813175
0.4286204779858217
0.409077649063561
0.4807916168319142
0.4555316899186447
0.11589885528904728
0.4708655756863795
0.6497726047462788
0.4547671102802536
0.5670068464259618
0.49066326182836456
0.5463593025036894
0.3399267501280426
0.5605141527641542
0.34821560753960457
0.403728813668746
0.14900719447965333
0.6105361359597729
0.41662993782928204
0.6328188397549827
0.3745099584294092
0.4977311833814047
0.6706944988654514
0.5933526923976692
0.34497924718996315
0.4390759491926515
0.5735196584621957
0.4654551442691016
0.5950169703834821
0.5632878142037918
0.626518026743587
0.5577321487699757
0.624995834066536
0.6126763117760563
0.42140193343406
0.3328557175582814
0.5177483078845452
0.49900113463416473
0.26382894661280065
0.7126276920756665
0.4463728718383711
0.33970360705242386
0.6134887644381469
0.519996266583157
0.57974674710489
0.4588612064034999
0.19801631286482357
0.5405321147446291
0.5916427630591018
0.21145099426027003
0.3244678848654925
0.33935968478166223
0.22486100653444843
0.5789990932332426
0.6419560715716552
0.6053085443389594
0.292369972054337
0.6512243296518295
0.6336329591431352
0.6619596551515605
0.6304356356892846
0.5359852848721166
0.6055201363738728
0.3017834677105922
0.33276724501735655
0.3748731013282788
0.20690224913200247
0.5461231975344049
0.39109047583937584
0.570215987414313
0.3878393546786166
0.6658541972764352
0.649327566098545
0.5909443329393493
0.3749837138583705
0.41838959860320196
0.1453740408927658
0.456371957823036
0.31271475954760286
0.6425782810541328
0.5035642166282487
0.6032032249820608
0.4090521744869278
0.5308844699453505
0.6880907378838098
0.394692515681346
0.5152887422367541
0.5813598067638958
0.2998681284045446
0.612077768668956
0.6644667048355473
0.6299018244551544
0.19719267242082772
0.6168257585923304
0.47983215038960525
0.45485032191455976
0.5385883813954255
0.6108646111897533
0.1328739841480218
0.24546535955830856
0.38857509459454365
0.6014567677507137
0.7096262081030177
0.7658780060784838
0.5009216986407595
0.508851663383267
0.6609002904720955
0.6297159382438648
0.5075016328787325
0.6563138317392333
0.6251871424372434
0.6597027809810737
0.3661519215639784
0.6953367510596726
0.6137707301936769
0.5457320723856908
0.3925732779813897
0.5912004400572736
0.48448947782152424
0.6783486306611138
0.40251467602760244
0.39933602359233483
0.32724596556305285
0.6282473466191706
0.6279426126889553
0.4853846034743794
0.5847423356034827
0.5726055685951483
0.6364906339047999
0.6996596262791803
0.7251926385545415
0.5363788752360357
0.3830937103860604
0.608960386971343
0.6158153321954744
0.6600145445573437
0.40017426823874763
0.2797982403384341
0.2041604815216354
0.658128320393428
0.29460817555124974
0.30645467798282233
0.5844877307498861
0.6019997799399561
0.44461083371673316
0.5096012375834726
0.4891228296786162
0.6142293595540005
0.320349539225448
0.6368869637326121
0.5879437797050583
0.5124531747599977
0.6348411830316052
0.572185270654605
0.58398289487635
0.4019190640715363
0.6404743921437072
0.6611877625419131
0.633182820417267
0.6482854381055442
0.6935016140322103
0.6254075047945453
0.6245015671063419
0.4659876406315122
0.5568852262491345
0.6775154525640059
0.62281283820457
0.7064614713000504
0.46329561991610096
0.3490400382770341
0.7566251907234058
0.530640480810619
0.39189630022424526
0.605288848311694
0.32166733781527124
0.6854115645057071
0.48693035780809196
0.7316131258719497
0.3683123437230755
0.5556180477488938
0.43687545668028105
0.44582517032014557
0.6591421898847879
0.6617848870189772
0.39822126216193426
0.4404845249442327
0.5831730080584042
0.4162013404158848
0.6379465471550622
0.6246236146836623
0.582406992136887
0.11607107899889688
0.47290284481780803
0.39833040430538036
0.6667359153570287
0.5130280509452976
0.4272987495342355
0.4958015157185549
0.6552909756821107
0.6259764440392422
0.4324212768783704
0.587545970388504
0.66938831396944
0.48465740779411864
0.463942380098356
0.5201076252148392
0.24059691502819774
0.5951109007182853
0.7219618402591418
0.6566815437385227
0.3468530613673731
0.28344027199138977
0.4517399882635151
0.6482764165591587
0.6011979400044513
0.5909147379011577
0.5658428616119181
0.5920830574127826
0.32464900864673646
0.479745862731211
0.6642418413241867
0.5747942581900989
0.49889926319201977
0.4767243521655948
0.3812337397328941
0.372462709924527
0.4058812036436237
0.5859382802399591
0.650383580929708
0.5493581020962018
0.6404100184341956
0.23911533533421508
0.49944273351617213
0.43187781764777095
0.5675905461504691
0.6173926968329891
0.5256722945929887
0.5278280356895739
0.5635569646168027
0.719040065427247
0.41918959213205687
0.7580580723625086
0.6317341106490857
0.5945618428245
0.6643850920639741
0.6206294306209985
0.34837095442288096
0.5685296906769501
0.530618503093564
0.6127319280683511
0.6887557417725789
0.4935122009523608
0.5872233284296451
0.4705830316654749
0.5888532644024365
0.25551573923575455
0.6881758633174451
0.6102675706429133
0.5192188512691022
0.5195475509115254
0.6167540066790378
0.6060771164668266
0.5333843526365452
0.6127097191864582
0.5363752447389003
0.42014112170690937
0.6416034923683249
0.39810527254814715
0.4993829304764315
0.5347658594941646
0.6425577297515414
0.4804057413681256
0.5887318593776384
0.3855271895561016
0.6624969391376224
0.6077112347480849
0.7122284913864783
0.4892948191744119
0.29818260193799784
0.5308237298840291
0.49185573840745256
0.5346588161647639
0.6718690028585312
0.6637405888523977
0.38158408589251636
0.5605601210651588
0.6837180487785125
0.4618335887833018
0.6665767218524308
0.7275416000634575
0.5357934677815854
0.7142629067985504
0.49316785576731
0.4892508642888206
0.5217996344543118
0.708258615340813
0.6148646726948056
0.33985321384890793
0.4054473358844162
0.23341869362522022
0.4800388410634948
0.7200754558145088
0.5150416562201933
0.3363562839080511
0.650270929005847
0.6496691521613799
0.5453415984417721
0.31936319661701446
0.5244844034898549
0.648800215545929
0.24853249945484224
0.6632906199361132
0.38322732351340005
0.6114614300024281
0.3520895361659642
0.33535952449925477
0.5795264275284322
0.6857277240177634
0.6341217304551809
0.3820354510227327
0.37334278511244035
0.4301883009475832
0.41751911118488505
0.5043599900871948
0.4163585758645738
0.6792071159801568
0.35672122716568977
0.2326489362820289
0.5676953098770958
0.5844497121628732
0.5146322028274151
0.5703700907402411
0.5029036404229088
0.4630215046236941
0.4785651513834798
0.5504922406962496
0.6738070149779086
0.4590498679257744
0.3890746504100301
0.6964700225452972
0.657313851588077
0.4954515562741298
0.5069739424058419
0.6157666306521421
0.5733041679269916
0.3135418154175603
0.2067992435677377
0.7219504839191053
0.5552292508207245
0.6863917011238884
0.38925292020342894
0.4435757017207023
0.6279853617724913
0.617532604688685
0.7083809592098318
0.39235946693753604
0.5503830959403014
0.5980590704270212
0.44706675653779987
0.6014165758665893
0.5994403994391216
0.6169087259373789
0.5627740537157323
0.5660897269828342
0.5784024129400247
0.5444542045857659
0.6995798764896537
0.598720260024265
0.6825188267493162
0.3908736464636575
0.6440530645762391
0.4753422038954857
0.6669972634305984
0.7591169426664988
0.7505964912673558
0.6544594944889741
0.7268995958167055
0.4448341154180303
0.6701823154258015
0.6297465977899516
0.6892764032921105
0.4172864291400264
0.35454161953366664
0.2381773362165051
0.637264772270747
0.6865516613669597
0.27717211272698344
0.6939385835744
0.6644631869298264
0.4062796595814332
0.48703251064981296
0.38144856589440096
0.4255994053343123
0.6852542900216961
0.34113201930134224
0.3861561233866255
0.6885531730143514
0.6307920891155571
0.42328888844787116
0.5997004612860358
0.5869554189110399
0.707795049432058
0.4466646572292884
0.6839741098143345
0.7731962118852533
0.6426441067237861
0.6497065656494069
0.5794510464692199
0.6817969006155644
0.6491917407641721
0.505618565574652
0.547895695002406
0.5497577065312698
0.7193186974517132
0.6367662115509131
0.6851290742501313
0.3165951397599201
0.4861342794527341
0.6524444190955349
0.4168596843972253
0.4686034930249183
0.7016580338385622
0.5715183248340194
0.36551912261981584
0.6995286304663267
0.6266788021247265
0.632708304431533
0.48320577005857124
0.6870851403783687
0.2620046316081023
0.42821127478400633
0.7615173797648396
0.4892723640458053
0.4495383204633728
0.6799079697314967
0.5298419764632945
0.6821769033728288
0.6863820206199582
0.15098109479416894
0.5966415079317793
0.37947584000415546
0.6424571568097177
0.4956355002349258
0.3463873417630169
0.4171920870951377
0.6237328941766236
0.3914643855453195
0.6385359361540963
0.5781107151505231
0.5724365521173265
0.5171521310028385
0.6978700357256585
0.6982422511374969
0.6769572437356074
0.659061612142705
0.6484474582365778
0.4755588365922733
0.35904183301387527
0.6217926110637597
0.6931756927830738
0.5430003894802288
0.41993031456236685
0.3111097179894309
0.48116956909150027
