0.009585038500636932
0.2179970068185083
0.10974505526713114
0.1570159053391245
0.514867595657973
0.11593824054122402
0.3551285087838831
0.19855776183897675
0.23951637142430726
0.42840292524880114
0.13704316791821206
0.07031918754012764
0.3077153627068181
0.35629065650085523
0.08428595669976433
0.19379290787048586
0.3497079533017026
0.31367046634679463
0.1963344749749858
0.1922188636494388
0.12457526624278
0.34663439974301824
0.2477078146145267
0.4183899749792499
0.5752837529836423
0.1675996176653929
0.47461515856550807
0.35102527783174325
0.14740410941040344
0.5152668341962543
0.09826128557972329
0.38849807627242783
0.5932936606725681
0.5179961848449073
0.5077217582970199
0.23062782953016497
0.5095676639230207
0.23797334470140988
0.31760941804419757
0.2634540757964614
0.5463702593482728
0.2384049889690654
0.5026496650729442
0.4546935336319217
0.2812670813070063
0.43616608126101
0.576365838141281
0.5526742350623223
0.40546840789863664
0.47243983526841893
0.6458915440539915
0.5988469132492437
0.5933560217757826
0.637790740063161
0.49562300279830196
0.4345261857462653
0.2973444158882449
0.33484324219099426
0.5725570420489331
0.16594544126007318
0.4519354434348288
0.42288236080030667
0.3858892337367806
0.5957656473274571
0.4930523035207894
0.5898150595944059
0.7208248642665162
0.5297019157389148
0.44849444359189533
0.47360997912302966
0.5739569929109277
0.5899169627454571
0.6055625741036836
0.34421357321746066
0.612275775772073
0.526038808119236
0.41677828830858066
0.36381461695594064
0.40958704560152115
0.3489834123352073
0.6358739772367518
0.6734967496318237
0.4340237136936028
0.559835137244809
0.6169649966879488
0.4850828596434754
0.7825197216395992
0.6280181361709769
0.6030364926470291
0.6410420261816151
0.5365768229058121
0.49533864304087755
0.3613860684566888
0.48233085247598545
0.45414581200413984
0.6046489771793228
0.6282175195929817
0.3831340647146603
0.5622603046678496
0.6932645994317412
0.7112632017660381
0.8069658258490293
0.7202344180636182
0.7664960851476994
0.7487015829002598
0.6496156888241823
0.6741631303772441
0.7036629056567965
0.4954233574536137
0.6358360280570975
0.5975076281540809
0.7793991338712613
0.6057835570405795
0.47921208217777184
0.6503499253822055
0.6607981434292934
0.5877618826099454
0.6345046540088098
0.6288953050625948
0.683892406530886
0.5451613491996956
0.6799894872985726
0.7740534144144192
0.6501234366646977
0.7528638166013601
0.6740540986395994
0.7037169608139127
0.7337960851769552
0.5964815189877074
0.7209213366934856
0.722426764660653
0.5214590641646845
0.6765227062010409
0.7451661171977219
0.6577529087080605
0.6722419978930698
0.4346700154968881
0.7296793365496326
0.7052825238093291
0.7238067973666292
0.5568114578216956
0.5780927883445355
0.5547141986037533
0.5421676019687389
0.6672612279258661
0.5785668974813177
0.5611954737227536
0.5301131200118162
0.5808658566636548
0.7328368109932117
0.7460864016316748
0.7683744922290962
0.6972033033161732
0.7223906199509377
0.51373408600039
0.5974975634816265
0.8504344139232374
0.8347990513829916
0.7769091014064581
0.8063995760665066
0.757596917752937
0.5906628714962764
0.7659446460030866
0.654653269833441
0.6591139791800907
0.6650652622107935
0.7840124756999716
0.7685978119676303
0.6938666741310512
0.7165444479283561
0.7941973304447731
0.7395640809810025
0.7595684392970832
0.7457779826684982
0.7259845179658982
0.872825363323918
0.7517039893477108
0.766585229260441
0.6768877280094756
0.8443234807521055
0.7156907761629999
0.7395691831441255
0.7632208185187862
0.6425103617662505
0.6716538036127057
0.6835318432623474
0.7587395629050646
0.5775001540192323
0.7493541233821867
0.5834271159895547
0.7020286093545461
0.7860574560752461
0.5256738926657618
0.7072801576870485
0.673401447939981
0.7442411033948398
0.6779745584498862
0.7744637367174196
0.7943666387724942
0.8274629916457115
0.7968736102730533
0.8227108255315553
0.8252587312605121
0.5528546609201509
0.6938861705989718
0.7181603263178635
0.7216205424735256
0.8695429996414493
0.3872248667785334
0.7454994375933698
0.7035600481780784
0.7925387645538544
0.8558028477842414
0.849553282485875
0.8269958959092691
0.5982219900914253
0.736778113116425
0.7786982326886221
0.7610048751883243
0.8676188478638381
0.8663987250881067
0.8703908119805908
0.8148951372596315
0.8009131909906396
0.6637417921474197
0.8259665049465095
0.5654866753597119
0.7849364660826923
0.6941301920284427
0.6530714311876211
0.7154423028672886
0.7633869015513468
0.7665959035293405
0.7421999725038317
0.6242928120383985
0.5682643031555683
0.4997612744971103
0.4755045156933431
0.41009126565522935
0.44991128957393633
0.6858919599064349
0.6285977450440533
0.6275268107441974
0.6978561509402736
0.7476155084732765
0.7307869059959197
0.7658880866459502
0.8580334248908851
0.733236666939019
0.6190464349594317
0.7595222688079101
0.758188200426562
0.8634617684257926
0.8945445165486996
0.7785646125231842
0.7164353857834364
0.7525916421530404
0.7713224558935424
0.7949930750501656
0.8040197246196925
0.7633818741342795
0.7253461953302889
0.854770982881954
0.7500806379917137
0.8018318080517615
0.6795360495100479
0.7746571945258475
0.6787738991106004
0.8407020204691465
0.8582196330613371
0.696397767236156
0.7973727829158769
0.8137087986999483
0.8683431958073594
0.7950730609063819
0.7754401026329742
0.7175544314915869
0.6082596974983574
0.7272699148225737
0.7816513733267481
0.6631404586949408
0.6139020039063293
0.6063132507313819
0.6910534791048272
0.4553739800784081
0.7192583675518782
0.7728053010468504
0.7072059000991854
0.5957004027121598
0.6857680641700585
0.595727573979844
0.7042587800649381
0.7522951601560389
0.7269892723137221
0.7680756936975638
0.7274833274768465
0.7965473420027135
0.6630357221744141
0.7318955479296515
0.663248135501637
0.7659908054434588
0.2906743473813035
0.6045777085120123
0.8364353978462518
0.5968037991008385
0.7198705925906295
0.7295540173201086
0.783558178872732
0.7381705263005593
0.8223501593816084
0.7644606510741712
0.763097719778503
0.8761110483236904
0.8361200691858904
0.8225387024077625
0.7304379930182405
0.8357921458597578
0.7771596370934205
0.7664702861240968
0.6389212496065182
0.8588073769389095
0.7790003248557162
0.6497355064601009
0.431466475126688
0.7335794614145769
0.7909501879901106
0.8700049892435657
0.8006354023042079
0.7976971534212671
0.7844166330546933
0.8120282047067566
0.8692601380529169
0.8530987682448736
0.8290290573530064
0.7748134266569673
0.8241226686828663
0.9023743304040756
0.8765761836971312
0.7681170916942842
0.8303740390619317
0.7596401682108751
0.7488581199196136
0.7664342251128673
0.7808890081128074
0.665884869552724
0.2673865284135599
0.7222244463199003
0.6447717645302875
0.7768820143422039
0.8935348388331044
0.6727695446734502
0.6837100365172788
0.7818188802781317
0.9154717835183468
0.8038073159884498
0.8728980323471974
0.73035253322821
0.7770896856221668
0.8374230019551809
0.891823551773513
0.8826800650755127
0.8632718820120698
0.8954778313146454
0.8971001212849508
0.881759042547201
0.669193357734389
0.8271186695333971
0.916010823431744
0.871957831904984
0.7748846842384609
0.8237927044204896
0.8673092324730091
0.8515461217128695
0.6110079040911119
0.8005804021986935
0.8286696006679876
0.8151734950878868
0.7848398274652449
0.8694840765161187
0.6631353256806557
0.8794350881613451
0.8550919665041293
0.8602377702208629
0.8074123290729682
0.8141239351535718
0.9033085103603535
0.9707073966852364
0.8848906651717777
0.8998680108419643
0.862884833175544
0.8114528171147778
0.8582607578830423
0.7012156483548744
0.5466042893904077
0.8161752631119736
0.8042956567589205
0.831678527361077
0.8758764409534002
0.8492689903198102
0.7152671315447935
0.7894778302126304
0.637393480838571
0.8882262515469206
0.7003164480673396
0.8494392890681494
0.8184767942447232
0.8269590617291535
0.7796074681099747
0.7993675797537995
0.8239863148945425
0.8340116155633502
0.8570045738084812
0.8285506039857689
0.8598179810391235
0.8920797349595747
0.9246827464514316
0.8936850935646454
0.8697722759050893
0.8609005838565164
0.8383237063105419
0.7349583866522282
0.8164665761058886
0.892355242936603
0.6358189499829385
0.8777409573413414
0.9043136929642165
0.7663551728200466
0.902372728975928
0.8572049510680202
0.7731595782223879
0.8549327384133492
0.8666210241489679
0.8712623306448859
0.8825260983198291
0.8423122612073939
0.9399503802924976
0.8184960337838209
0.9120121823593267
0.861116229053144
0.8681246421302434
0.8920174771008834
0.8531850809496379
0.7973494422028351
0.7268250744677163
0.7872448156626741
0.7906506183068005
0.7948350072084888
0.6723824955858078
0.7698602557871009
0.8311637888164217
0.8704298308654441
0.8860685532239342
0.8095922569896546
0.7937932118589478
0.8108445243285705
0.7873748202390627
0.7941886955902296
0.6530433616842314
0.8339286157145024
0.7386424959657404
0.8984647450680676
0.8769816150769799
0.8779548597729899
0.9214818020089395
0.9236037501027964
0.8840643409996067
0.9515020025518841
0.9278797106331206
0.7217081694179107
0.8478841670412404
0.8865338797708262
0.8585280155535472
0.8866605113729495
0.8150057061883412
0.8634466794666169
0.8681558982544847
0.8445220488435331
0.8697175895387028
0.7722787206418197
0.800924762545803
0.8564679454994623
0.8630199903207244
0.9327119626581901
0.6541380613730585
0.8516453882380022
0.6912676393913495
0.8476719114266917
0.8786373950651125
0.9171457522630084
0.8814479065899627
0.8801571039866768
0.9142462397184912
0.9071503117611835
0.9390780372273764
0.8864769070998318
0.8956664853247257
0.8467614534386922
0.7653471942020182
0.7765533477494151
0.9005693716131511
0.8674443015679512
0.8932003807008335
0.8381855321664178
0.7832082100181975
0.7015520764338834
0.8271784275254112
0.8470610643846791
0.7521078631637839
0.8972490957175132
0.8621023912479564
0.8318275193375859
0.8045042084917854
0.8812676051786877
0.9179536863064139
0.8928446938981461
0.8760436670579581
0.9040781822467585
0.88369918120693
0.7838981326504704
0.8944685141266906
0.9203617424184916
0.8571653751417834
0.8917939601582248
0.8565715848735519
0.9086047747723963
0.9025508293866688
0.8666551192314674
0.5421257578104989
0.9128899811316755
0.9483496205667012
0.9171688553358873
0.7201921169079841
0.8595834381106287
0.8568471321165586
0.8817688402451008
0.88895240862204
0.9053280022320064
0.9462951949024645
0.8588237669252388
0.8771962443641751
0.8776909960379959
0.9303417409932492
0.9014531771041131
0.8407624524814665
0.8353320261988394
0.7135990395904014
0.7654761168145147
0.6859925295621373
0.837522644107819
0.9184235924139117
0.8776377784031788
0.6918156612783275
0.900840661000394
0.7930024211301384
0.847864144640357
0.799567776619924
0.8553741743699032
0.8459366800074615
0.7676151890696655
0.9297453057021194
0.8884717163401882
0.9059301289378036
0.8805530263341775
0.8966794115301485
0.7921502280559564
0.8967413701358444
0.9292667639692064
0.8243897415625193
0.884281258535121
0.8916457051916997
0.924519107653284
0.8005334463673256
0.8621619181943694
0.851428167960994
0.8508759089934927
0.9020197065376635
0.8485200865457416
0.8829257161740057
0.8964977167654381
0.9128500341878604
0.9139152275635677
0.9307120353200206
0.9682034410446064
0.9249925320564106
0.8909821132974381
0.8286896386231167
0.9014288453480365
0.8313019861237315
0.8273443827111221
0.21806160543397327
0.8370644003429368
0.8462959222361648
0.2579063432461645
0.8549760474300683
0.9266713014407219
0.8511827219544909
0.8896263391958041
0.8535340661860503
0.7526954363347396
0.8485502627450024
0.8905438996760927
0.8496878578689524
0.8750096898432872
0.918164525018395
0.9198438533736121
0.9173701416960917
0.8883290457343223
0.8600751272800236
0.8505368640366612
0.9600322757742518
0.8999095886724129
0.8587079775688692
0.9111914095413178
0.8929512677060316
0.9243789330235677
0.8380964602361829
0.8664616871096815
0.861328460066526
0.8733605972659365
0.9064980936566573
0.8640673242235883
0.8794904783765203
0.9489865839200209
0.9058229286366916
0.926239673483909
0.9105353007440123
0.9263119344900578
0.915925458221055
0.8475285123002696
0.9003577800720156
0.8568958135208858
0.9039347178127974
0.922897747309775
0.8773987414236484
0.8863160590974188
0.8335564424627679
0.9094194552577883
0.9539545889205776
0.9398478217478825
0.8750924273734946
0.9114973310956229
0.9046419392826672
0.9156559231723242
0.8446623777255696
0.937326849511667
0.9359674317844475
0.8754094853975566
0.8469689814408167
0.9566810038439871
0.8898247477987976
0.8687399067771231
0.8541831524244954
0.9203082201601467
0.8535700636288337
0.8563082323822876
0.8644090489449205
0.8182550183604702
0.8695418590765169
0.8664337222605257
0.9186276835276993
0.905683016773232
0.8778491546704141
0.9491193639330814
0.9355638808965856
0.9133351796828119
0.8737375502358905
0.8628689022599623
0.947510015203345
0.8268706593134296
0.9382539444501503
0.8390785182886159
0.9233263133970775
0.8754845290177378
0.8416548011980648
0.8665395784394799
0.8260989172496153
0.8787016281615874
0.8443029433548759
0.9347670915500846
0.9316412041342269
0.9464458934179979
0.955167750273717
0.8989666035377495
0.8889908315558265
0.8721463352092559
0.9195339414907956
0.9108970341194846
0.9005776911572708
0.8414467364235358
0.8331025244434094
0.8549056352772629
0.873997567808815
0.8960039390221355
0.8286113696016045
0.9021272397086012
0.827452724093351
0.9605019407770657
0.9173907680958341
0.9252233136836336
0.9545921568024549
0.9222166368243294
0.9223106756866923
0.9154289657049
0.8959919059110674
0.8540594537091161
0.8485232152107617
0.8365814320261826
0.8792988019409245
0.8645416339586416
0.9098430409554049
0.9279479428054884
0.9105484912721252
0.9534767747859534
0.9244689646694142
0.8916081662259115
0.8914478031273059
0.9051273426867442
0.9108545622772207
0.8737181070833188
0.8514566367144292
0.8866951500018543
0.864945968585556
0.8274058417888246
0.8587990501570556
0.8340696969516701
0.8845746994929875
0.8286596525166492
0.8741747409837995
0.9288109386327359
0.9067906923097491
0.87902693692428
0.9208188671737472
0.9444425508400439
0.9349490027358466
0.8906434093756878
0.9035506594718926
0.8732894937966852
0.926880483317607
0.857334923764755
0.864684747338986
0.9581933759040033
0.8107267856767736
0.846013485621043
0.8772570335916329
0.7802813990262755
0.8994716643423327
0.8734241338276039
0.8904290602303684
0.9525025008152713
0.960116639453995
0.9558664421855093
0.946455125949742
0.8400221534392067
0.8775976177827709
0.9504679301750218
0.9568443255876941
0.8825239175158575
0.8916486283511051
0.8670699876394882
0.9303089010372819
0.8051720937826148
0.9044007724909986
0.9414607731372943
0.8922218762810823
0.8751634661451507
0.9274452215856133
0.9353054943270531
0.8773739842748762
0.9573387727715498
0.6330630328846054
0.9051097201865375
0.925028978428584
0.88166382810667
0.8457710566396528
0.9365898777018632
0.9429963602632496
0.9712060417139528
0.8746164069697894
0.9431231330453842
0.8224160273820263
0.9096955797925871
0.910148760733549
0.7448070072946023
0.7459533648586434
0.8727670194191961
0.9070218477452393
0.8109727182014113
0.8064527486920451
0.8873203058729586
0.8623894481663497
0.9120757976780651
0.9248524827345587
0.939330699807147
0.9500012917331757
0.940574124117496
0.9567919559906745
0.9509741976316657
0.9541646424779899
0.8443346072950387
0.8657268227708366
0.8866918647222022
0.9099503047840648
0.9140331046358865
0.9166725609142149
0.9609068441923873
0.9226375420417346
0.8515087977452253
0.8740061666990774
0.8939718526366921
0.9519724358682153
0.8698055331247125
0.9261649473659109
0.8441720441959485
0.9122108579041293
0.8740490834088419
0.9371473401369801
0.9449274230267828
0.973254362718597
0.9395868054967632
0.9451586368469441
0.8982183355046824
0.8901935070531328
0.8531970917735375
0.9359447953699768
0.7594221070584558
0.8776618623820294
0.8098060222020795
0.9639018970403949
0.8365421997622087
0.8531374178306182
0.7793262423343644
0.7391454469180389
0.8326521642455408
0.9434210644760437
0.5568934125744464
0.9574980769784562
0.7352883938574489
0.7882636176302751
0.7229248000468896
0.888249405284266
0.7352884869253657
0.8947179480746251
0.9295132759720073
0.8729132325948963
0.9474517098038348
0.8870561439168312
0.9116351474156005
0.9146036935125629
0.9024225010460534
0.9706641445397248
0.9296247663903412
0.9439454235290872
0.8907416833674944
0.888462229559645
0.8982111691188431
0.8989908266730725
0.8194223189267659
0.8975397271155097
0.8615179355266908
0.8841555429880996
0.9387601042300356
0.9176066138778309
0.9098922337761838
0.885412389751571
0.8744407443484141
0.861654956596423
0.8957057247816426
0.9832867406133211
0.9264124243757118
0.9052398181191215
0.904697936888049
0.9273265893121924
0.8756191204300235
0.8496782479276435
0.8954335425857388
0.8489000947710299
0.7816992836020163
0.8617513603295707
0.9524117147616734
0.7476604133330759
0.8296853226292836
0.8111521199725468
0.81657678613589
0.8176586732174401
0.7998140172896026
0.822193964820777
0.8755069701414223
0.9012091524793021
0.86137124891287
0.8706387586751076
0.8963545798851422
0.9070600097927346
0.9214274497999564
0.8248000415037832
0.8943801813765837
0.9594786664166959
0.8220593040962446
0.8234370809977832
0.7992801351023825
0.8274880550577379
0.9119852129081516
0.919192617194122
0.8591779710537426
0.8670741251008267
0.9119345473292871
0.9254727367330947
0.8266719167806472
0.9006396201986814
0.8842554045684078
0.9544656453191035
0.94954522875598
0.8756534278368249
0.8863723685435339
0.8996037198796968
0.8954682774073368
0.9194789639703653
0.7227489711792885
0.6410597826476971
0.9229559053360578
0.9387161746241794
0.8036866598481783
0.9374972394834898
0.9227473411978306
0.8505550788059772
0.894314766425127
0.8616337219781905
0.8918243416016962
0.9512884257591474
0.9312143774734147
0.9323277370353427
0.8752593482312477
0.9699773970332621
0.839354995375222
0.9189218483114755
0.8521527666915729
0.8981772419200237
0.8870599882363258
0.8052807175815946
0.8470378139139474
0.893000924960259
0.8117582085419955
0.8334428988250905
0.8030752808227646
0.7240948348915889
0.7625265336400696
0.8475277407973395
0.901248848290197
0.8808320737646459
0.9251325335133128
0.761533623448977
0.9270514114475563
0.9308450048300864
0.934849874739476
0.8644057720313123
0.856312803846484
0.9307261988823838
0.9269544691993139
0.9164254810628074
0.9482927641194625
0.953881004358056
0.9065555824170197
0.9383456380833911
0.9133695545902881
0.8977128278681044
0.9252567795891286
0.9017137893862426
0.7084168535513232
0.9282767746019462
0.8635429151517335
0.828709757535838
0.9233894305151282
0.6557882341585881
0.15043758246127534
0.8863303631665286
0.9101215768782
0.9701839583398515
0.8979854510287025
0.921958787144274
0.8675938580571294
0.8551664590656229
0.9131564680529278
0.9177521670876287
0.9583399297635863
0.9507815596972865
0.9278099530261034
0.9148150281314297
0.921933549470836
0.913930510482774
0.7978259364999719
0.9076805753016259
0.9027058010637387
0.8763854466152337
0.8822334723344712
0.8929700525646708
0.8887922614786374
0.9088386917211325
0.8886417770421372
0.8585200476214376
0.9267251053488549
0.9229687983461181
0.822794470545503
0.9181308867162948
0.8751069960906297
0.9542886455537398
0.8421380146828752
0.873515713581994
0.8559946567371337
0.9213780449316633
0.8870439815726899
0.9159452486952894
0.9302771034527981
0.8727346650940805
0.8883042220611564
0.9112912211788091
0.9446430192720449
0.8799332282898924
0.8395162767982078
0.8538185208705928
0.9149094943199649
0.8798373326123644
0.9472605051614217
0.8958010121028479
0.9741591326950224
0.9395867917595636
0.9681550228187784
0.9139632564660388
0.921801019491083
0.8934073967747007
0.875036912010164
0.9453562288437574
0.9214741846946803
0.9075716437631951
0.9229478937103265
0.9210651682090607
0.9032740220025316
0.8702613592736955
0.8886463849375289
0.8950085007182191
0.8881003166037864
0.8681661293125477
0.8354003897260021
0.8053043571908591
0.8711270326995337
0.9252465148443405
0.8499661041389339
0.8655415211544326
0.9630745784834778
0.9138572998236376
0.8861940533644003
0.8433824807722852
0.9105935725505359
0.9092732614553415
0.8866419952864171
0.9047199950047881
0.8936326518055521
0.8867430006719336
0.898475881751557
0.9387136406325797
0.91627391132155
0.9274513911677771
0.9145046160341949
0.930843381551482
0.9498077605301178
0.9487415558153907
0.9775011861420624
0.9263671710504595
0.8796618469929723
0.8674117851473697
0.8656057559680532
0.9196900222954271
0.9127656996313853
0.9162277536989362
0.9681529140719052
0.9211108268706966
0.9177609437695341
0.8508817569266189
0.9105498639546252
0.860421925850675
0.9165216562966256
0.9167858324010656
0.9078332772529224
0.8481002195236043
0.8385862557589913
0.939201294608099
0.8989293677822396
0.9719159829539253
0.9583519741937018
0.9597892710132898
0.9308413946771936
0.9066624007585198
0.9323710808568323
0.919693008446634
0.84703316464556
0.9241310930967624
0.9352510856401812
0.9437622393832327
0.8583610036773542
0.9291406473607333
0.9278407456644244
0.9178556613814952
0.8944694490081975
0.9080779189572725
0.8950195785498668
0.8150802404460942
0.9150876623956309
0.9219358469827093
0.8410985047305372
0.9168907561211656
0.8586795115537058
0.8797252058138502
0.9096958786427358
0.8740914487434388
0.9167013452742361
0.8691599128939168
0.8712452189124765
0.9369341706419364
0.9359219750602583
0.8843366803700873
0.8947992435517257
0.8921852817860102
0.9438981805458307
0.9111182329284696
0.9154911663684905
0.9303101932720527
0.8977637305129068
0.9610437760063651
0.9806213569147332
0.9526361702575837
0.9130915209402091
0.9188004457531975
0.8833022411149913
0.9321395625247907
0.9164113946844479
0.9284444123059817
0.9463321174307698
0.965651600449102
0.935364546127984
0.8996669087941329
0.9164017624006978
0.8335640200636567
0.919001008260077
0.8677395798315297
0.8493070676104517
0.9014901526613831
0.873483423619449
0.8921350471024412
0.8134690475766058
0.8216401576622971
0.930156124037574
0.9391465929347662
0.7912994837410251
0.8545730930206704
0.638954910118927
0.8724787564044267
0.9437009375740162
0.9440395399403559
0.8794457739619843
0.908632553276498
0.8690283924194137
0.9518589826360896
0.9485333506066597
0.906542537290005
0.9402253042649678
0.9206145013742796
0.8872567401872067
0.8627946302610546
0.8725097107438239
0.9406431200465494
0.8897537477015703
0.9218871743644239
0.846558245806269
0.8864026606688225
0.9021136716704364
0.9414465299160034
0.9301516809494804
0.9312782566187999
0.9379824730400885
0.9674842567514633
0.9626292133053111
0.9329005936986612
0.9104612840525338
0.6791004174623835
0.8742787164218498
0.9004011019787783
0.8661006430783259
0.3190687149540905
0.8623764694181745
0.8239864976499649
0.9118567414111157
0.8756648385497148
0.9298878205725752
0.8709578113594003
0.6049835696241337
0.9624711386839732
0.8559382740138878
0.9178729275597938
0.8667961078675407
0.8635269767968847
0.9313378898859059
0.9235724956897015
0.9352777272294344
0.915635225154968
0.9346176596065038
0.9273515279773222
0.886030778063553
0.9190066032626909
0.9590840565917709
0.944035255512336
0.9305699724076342
0.8710266346620191
0.8243187836608815
0.9233627040642294
0.9663715122767416
0.915395205870163
0.8771477459263163
0.9699817036852295
0.8336303144252217
0.9038221088308463
0.8901113547514237
0.9574443743230518
0.9335882964953423
0.9516494754644963
0.9384907957018774
0.9339081710866725
0.9043520723991233
0.9017279950214575
0.9614069942328691
0.8972632200998053
0.8757312999410982
0.9494535354672097
0.9654074607050811
0.9322954366107897
0.8406377778219936
0.9440467879104466
0.8855987817259654
0.9240221420533891
0.854176229142159
0.9241243876261889
0.9372090584522281
0.9430235744770831
0.9188149045665136
0.9558597340749572
0.9259778925672549
0.8779308239510599
0.9109640652173278
0.9559174256144276
0.9316851170570523
0.9395104455066425
0.9252230648231926
0.9202613080826362
0.8698624995799363
0.95435381513236
0.8029176904806171
0.9109818172844245
0.8978888345872171
0.9439414765153333
0.9224678712391152
0.9420990786887243
0.9057557910806829
0.95744076142434
0.9568723248143651
0.9073523577136986
0.8957252596893571
0.9406779746641609
0.9355008395226351
0.915761644319107
0.9117661660243315
0.8795436675415611
0.8834813820854899
0.922607163131812
0.8719030823637276
0.9684721649301428
0.8776094124882228
0.9254544002928569
0.9005085261822046
0.9477186735032468
0.9318035745434317
0.9656304720663063
0.9414936686313076
0.8993781351453375
0.9112402721659839
0.9516584553795394
0.8307534943121364
0.957928922266302
0.9548426374318814
0.9621712928617435
0.8810776070609018
0.9168919105602171
0.9118057696614641
0.9389445518516614
0.9102738045093628
0.9077480955018962
0.8969927919076196
0.9510229200790091
0.890687774275997
0.9532662937418285
0.9591979701000558
0.9256838745573588
0.9439336587556619
0.8778366893024421
0.8100205524653201
0.8562879166866719
0.8928468049962746
0.9055140451029924
0.8887398265756461
0.9019398382624471
0.9584874768721723
0.9190190320766896
0.9701185398193084
0.9285800611154837
0.8684079459874503
0.8920997960473056
0.9010603531862206
0.8715695446292253
0.8917001284512043
0.8121652900981152
0.9169433108887624
0.9553298291551495
0.8204258877891363
0.7514385787834027
0.8366537769663789
0.9211890919100243
0.8763617365734566
0.9316513255103882
0.8961468446848165
0.9228718110816719
0.852303255531363
0.87693357861002
0.9510612568584407
0.9530593279312407
0.9555370016317759
0.953125188842306
0.929479016942779
0.847482902781453
0.8734673490188292
0.9253019254351982
0.9169268717831304
0.8911811059194075
0.8919699749016609
0.94666938675192
0.7819530074379237
0.872553916346515
0.8388336916511494
0.8786423945665217
0.9092906278439754
0.9584656896714364
0.9181473085513051
0.9576532004595891
0.9492863001526386
0.9017523369061304
0.9252597246844642
0.9707293300678674
0.86915228139894
0.8127954680946573
0.893764161593838
0.836155808409549
0.9233903595101729
0.8597714855218878
0.568046552436437
0.9441290264815246
0.9527133984980793
0.8414481266722349
0.857263545723099
0.8433657098809616
0.7923344062420685
0.9386749476414722
0.8400067153967085
0.8351309995426791
0.9175436306184953
0.8476941671308758
0.8957996640487751
0.8714303205293379
0.9758386127394024
0.9444319417499853
0.9476889881431351
0.9449129044308993
0.9043066956462169
0.8830385012552305
0.9197787963003121
0.9143232223570412
0.8660474122570103
0.908872273936133
0.8893752586739958
0.9471267102800927
0.8216790325259135
0.8555562757224535
0.8869898014182208
0.9419906817344406
0.8759985391653805
0.9282871748725572
0.9571348880342224
0.9437226162999351
0.9222535235500622
0.977966886196743
0.9341374502300899
0.9465829668163799
0.8662054651439643
0.8908701275051116
0.8371443718034272
0.901072789842614
0.9267471787709354
0.9502583640529781
0.8708956673500639
0.9238548039530058
0.8271800672571353
0.9264550591259344
0.9645505709790733
0.9495928258964967
0.9094506911294223
0.8562646298061142
0.8748350959656706
0.8828517965033389
0.8967028154662634
0.9453943064402784
0.9698795458891842
0.9110569593523832
0.878266937026976
0.8987863857479642
0.9097623412109719
0.928767550021547
0.9421636756205106
0.9209595586905399
0.8893366201696167
0.9042988280148755
0.9099833587501339
0.8766211466526888
0.9328990638213923
0.9330603662966369
0.93391252885654
0.84041103063574
0.6832647284175605
0.8036870979236383
0.9388016426920903
0.8347703822706322
0.9207136253907631
0.9037592943072442
0.919442097274335
0.8852879392581819
0.9393657201942864
0.86958222690008
0.9289044539990867
0.9181154182490618
0.9190997519798078
0.9106603058704191
0.8894625918055844
0.9203934290033087
0.9378825819376437
0.9538215836769903
0.9398913995509957
0.7417791986054965
0.7951939145908264
0.7691934028781064
0.5179299009139747
0.7670612143376918
0.8624076423826247
0.9642981596954621
0.9526073599682542
0.7399343712260701
0.8720437289243883
0.8148649083039805
0.8376301930230341
0.8918464944683471
0.8896886646956039
0.9410437595878074
0.9764844350186879
0.9141920595521511
0.953091231296293
0.8596867345237966
0.9303208710986012
0.8677534050074475
0.935569549133004
0.897931884226248
0.8326393455119835
0.7882784510774203
0.8798202922474282
0.9430078643170161
0.8599845663434139
0.9010791447608291
0.7665656884454327
0.7300516259186584
0.8705698443629899
0.8867260206583328
0.8324889862041528
0.8894720379671028
0.9656464387394784
0.8875535453158805
0.8760318838736119
0.8614032517246879
0.8725391402905923
0.7456587322059388
0.8071715575219486
0.9600351798241276
0.8345993867056084
0.9039589839617164
0.814087294710052
0.8369387885891986
0.8967932058298632
0.9060916576944708
0.8853024803418056
0.814997372213063
