0.07403167389487239
0.32329020556686944
0.13688344396379676
0.05057418214171603
0.015786551238615748
0.1067303753450639
0.4616562236227322
0.12014684493114455
0.06819812152370405
0.14651022004254213
0.10384460326845314
0.013597720154756911
0.18723634782836832
-0.010365933165215002
0.09695026749157547
-0.010962186730149402
0.16138498744417537
0.21161380618882486
0.04261710001755931
0.04750609108024182
0.17329899742436414
0.26639005543113164
0.1277376143041907
0.06894570205834107
0.05456190402116474
0.041829750975041276
0.10616317032900004
0.054871678535128456
0.12425277447417037
0.12780575463148505
0.24307335580642178
0.0774719498655878
0.0001302263513810592
0.1987214394643744
0.055401239772732244
0.14770647657049024
0.25186654452300306
0.29484896336760097
0.20814381816812016
0.040460310404017236
0.14748791698746158
0.04448896764448157
0.11412079613414751
0.2158940458627718
0.12947918157488794
0.230400703013676
0.2987441780880532
0.07337435672180585
0.20960340288487966
0.18296288543072592
0.08816312397387925
0.20749778313522144
0.21902853375019357
0.07723357401295923
0.18240305895098985
0.17409964880762152
0.1391158058011161
-0.002437041050472971
0.37629498692558255
0.11876141971752885
0.23099951929978282
0.08744500149085078
0.22181579968170861
0.17912247497569808
0.17163789325992745
0.06435909060923907
0.1150286489819181
0.09935727599453262
0.08700697029133457
0.28257992236225227
0.20856781315609432
0.07000081863400355
0.3062402808477315
0.10287282443012824
0.08649344898255176
0.1403302091506058
0.14541412782088434
0.24566793325467437
0.1927846580619445
0.1973661248463911
0.24939050618150527
0.20444509886699574
0.14374194111852942
0.16328294514957392
0.14850850831744877
0.232395187026529
0.19615117576024155
0.3139884254932029
0.09755574292214927
0.18382969531921256
0.13072437369094647
0.04571514566170724
0.22054070677613974
0.21520014491126116
0.2672640500543402
0.0967999469752177
0.2029562919476744
0.2750677245400496
0.2426490407781001
0.2838123776248597
0.0500829931692268
0.24173391869152547
0.14220223723297323
0.2462035183855223
0.22123915719996073
0.1212266208761591
0.17087583912851745
0.16637793965540232
0.18454159418441443
0.17716727332401433
0.14079293022067893
0.08133531254192192
0.10529480751437419
0.2373195966608847
0.17455520281843714
0.2245623791255489
0.13260098410569282
0.34670485084248365
0.12192596969192074
0.24875050996374018
0.16080904632553292
0.16163174314819745
0.21788164174102495
0.21461061554873573
0.13698290389505588
0.35250590328051074
0.22900483693108994
0.23959621637136372
0.2908024327094896
0.20694145584814566
0.05054476507006295
0.1841214998719117
0.07516772144598022
0.09342711864019636
0.273995623876063
0.2280994234814701
0.07113426057091869
0.14115222877020067
0.09891136649487206
0.2410043476209371
0.1542022664619977
0.23339285569640697
0.10085446273994181
0.1386653123500704
0.2546957195873257
0.10474510694138439
0.2654234882943402
0.30300377309324045
0.27956951861109086
0.1479723354178544
0.2977263085859696
0.15381127671310726
0.13641870642371828
0.34660458166121666
0.45830648401406515
0.2615014842131529
0.3163303409772749
0.3241699203600338
0.09980868511697549
0.23754418463810445
0.3204906299991414
0.2335559782226085
0.3412445963976357
0.21032593432791655
0.13591234928517443
0.16464566183891324
0.21460531499236357
0.1581093894419122
0.19101146717698858
0.21071971715646273
0.41719400991429867
0.25257539659472017
0.25886350074847586
0.26102314469887505
0.13014229685970707
0.24099729752940324
0.3288114318703829
0.29470456538986517
0.19066774926913205
0.06787405302502938
0.10473041351109078
0.18241145099058553
0.35733917170294865
0.13143299328684876
0.24390032612879395
0.35787065055486644
0.24272111918526482
0.004114323182224446
0.1613296180555514
0.14416003847065026
0.27179336711587954
0.24300606833360688
0.3404550993606504
0.31106264752750945
0.17445454633562427
0.22054456062373584
0.1548830190593862
0.20346477657742362
0.2107939503425436
0.18056313120115797
0.3427479722760768
0.29475025707278013
0.2630249983660347
0.19546921165174275
0.2093321297330748
0.2203063345360201
0.20713886688223845
0.305542025851014
0.276918757157442
0.2845342127727994
0.3777661847583683
0.25789190835588677
0.37883517122590815
0.10776023404493089
0.3022060459164324
0.25715528106687313
0.3173757442785083
0.1506772433069667
0.23403485487405157
0.26369389822127226
0.18731255089658919
0.3333124597111737
0.10038034753856939
0.37696458360204643
0.37520488113248185
0.32965562521281117
0.43371690442056454
0.425435043761412
0.21231311685715115
0.4642656395622129
0.1263728017885531
0.25801748521624124
0.19479229826775316
0.17139140668014718
0.19525415398942753
0.08774657700176679
0.2723900317520449
0.2949928153135603
0.33215022420416473
0.12895922865643417
0.31695181058885713
0.47526741823343194
0.21438545136608447
0.12623651374927208
0.24555157244145584
0.21255698899759745
0.4787744754602132
0.29826229324710485
0.4053162001407884
0.2238721834946613
0.1769685720225942
0.11330636075589551
0.1415387949198148
0.35254067737311456
0.25671549852212566
0.2434119780558207
0.4902540575856948
0.24540776843727163
0.31055903657467426
0.22888278484429725
0.15085443978009896
0.2679950186971745
0.33682603374371484
0.2377261398446582
0.2640066423913859
0.26562891679944617
0.21977143375377106
0.4579129544153273
0.17531382972435292
0.2805578101093575
0.14322024080963364
0.22616326316506288
0.23977714413201295
0.2648269481756174
0.4118518679777751
0.15551008808601785
0.16875964156602027
0.37352504633263606
0.28433002243259525
0.42788871019848446
0.33397234785140784
0.40927297269869506
0.2164941288576327
0.3250169551873767
0.35549224359977843
0.47486880355699
0.1239986488671741
0.34008999609810514
0.37872561101452645
0.48532535419928474
0.20146761496153673
0.22816408962097526
0.39495979246422697
0.14531234711296453
0.1704896600283932
0.2879914307117925
0.13115564526342768
0.2376278016088526
0.3371928424813532
0.2999770300329557
0.08144501167108995
0.4059859526059028
0.12917902129331685
0.3221278574595299
0.2417988131516091
0.41719151096211854
0.28279270054067773
0.297707295282859
0.20432955620108323
0.16103317435449374
0.16687028480962593
0.2467755436251291
0.32198964355269394
0.19815801289642743
0.2478410836121035
0.26417581744799823
0.4025613413516863
0.35127056090590814
0.3869866453205718
0.17695413146882077
0.4448125788564708
0.23138164288648017
0.4164945062569828
0.20393527285478638
0.42566323642612713
0.20525782714305682
0.3427385840014914
0.06739414775367568
0.3296118430074961
0.18516274940229518
0.38617564752551387
0.3097848195571349
0.26915120744206145
0.4074337433384468
0.42560706114992863
0.45817345564059253
0.3651192182483126
0.12075420082341241
0.38018795333666816
0.2631027226452604
0.4237719323989827
0.10074952321369497
0.43038200118248876
0.21454033114798776
0.4315389003314013
0.4287737293012789
0.37349291332485934
0.3314984414200136
0.40635766199762413
0.17666743625215797
0.4693072590914211
0.22098519264987448
0.4070944182765876
0.3135691647646521
0.3616775140353397
0.3107316573873752
0.22825038330224842
0.3951615839884927
0.20097414489575363
0.28851491696772946
0.23808427671517307
0.5283297710297662
0.5173913580652756
0.30784300024767886
0.5657771707005719
0.22316295690171756
0.17608446206037454
0.32830613290634697
0.4237550168770126
0.42244029106048253
0.1834866986178154
0.2591010218124794
0.3480628485433859
0.2859273690682616
0.28588341079179785
0.2825574151787921
0.2800824480190729
0.17048006706860572
0.1722095361098334
0.28027014438553266
0.21081674592749888
0.31109968796524784
0.4105262246951117
0.37710290967973864
0.48772735026908703
0.23918895945076676
0.40083381220762576
0.2471754563240266
0.37532240581012927
0.24438746344177048
0.2663891857054192
0.41894990244757374
0.29187285005146735
0.28522097846551914
0.4136299563786411
0.349643251860464
0.13340695122607393
0.2953031900246043
0.6114074546529373
0.43957395953304457
0.3487334983690527
0.40034902517568777
0.06612742645013635
0.5688304094884815
0.436790127896042
0.4798188268675821
0.35038253410595266
0.4332771805309759
0.19717080561403094
0.5577233355115034
0.27088904255005836
0.31103479879583346
0.44126075383034796
0.6129212956487935
0.25640872635564427
0.16849640346864064
0.3155914637617074
0.5290265840189267
0.49200902869755125
0.2778954592675545
0.2549673752626067
0.18525511779422257
0.3215287855233146
0.29453990869862035
0.309314620105567
0.2199346293108838
0.1703351726970646
0.20173774473050743
0.2671682847603919
0.5161453434117916
0.44136009255635517
0.2558027578429318
0.3955258106945656
0.14827070500294418
0.2299757055774503
0.2594314111338061
0.34079059760785596
0.3385176574416363
0.4331056150762681
0.4488889723981997
0.27580388152885255
0.24248755707941475
0.28133573062757866
0.5338456784615169
0.3930138613021217
0.12662368490474324
0.2538922372240219
0.30761715250250726
0.27353755849999595
0.25219986655681287
0.3158423565915126
0.4236102218822746
0.11438262260856534
0.36314966321370123
0.41660211622866156
0.2509654592049827
0.19407352255744553
0.19004552595300198
0.2616520176565055
0.2917776157167367
0.16744062122557885
0.36006247406856823
0.3762565862743198
0.19306193167348729
0.296502305257482
0.4206918377408409
0.5280379024528168
0.27187891173365963
0.3738485016776987
0.42104243621222337
0.1333808052421726
0.2594420725855319
0.21721356937233302
0.418972861446081
0.2654993629904199
0.2582655182197746
0.3189382888838317
0.24530427602397567
0.21022054935031734
0.3127275986615962
0.25317358737458123
0.31112300171407886
0.33694827042382175
0.49455766670125867
0.17663176973637884
0.3828414619508749
0.274822030257137
0.42871094522039355
0.31865945383614863
0.3868810233180772
0.41494084215994076
0.11993443174189482
0.4316168215434128
0.2584426573177706
0.35557760671793576
0.12383032168860235
0.2726115133252464
0.5372142106505946
0.31395152449939057
0.45435552769696635
0.30751142121509
0.3685694992633832
0.3119819581311153
0.47167978553489603
0.41329538289180234
0.3394178723822745
0.3845098743257588
0.3942185667974686
0.4871235716035269
0.4093746339869754
0.2940239614398481
0.4644497238860639
0.2854593567888565
0.30989810674733603
0.5309808679540139
0.45513475414062143
0.4058040261980438
0.3423738037665274
0.35564927689948533
0.2997767386922177
0.28195976668078215
0.33329843553691013
0.2758145342514663
0.3470891973822539
0.3803476755207611
0.45796354307834497
0.40745310190693773
0.40824213828391515
0.4635703953034248
0.47513534560012866
0.3134645035280384
0.4839379730014478
0.32400975509959734
0.27415492786139667
0.3581683185326021
0.11155506388003532
0.20572244400127201
0.3698439452687518
0.4847964964052201
0.48882946560122326
0.4863582922220424
0.3816944357905189
0.3590707071711284
0.37059454964015437
0.4565830051768799
0.5081268429955684
0.33430420435808633
0.43627750286097994
0.20152220414771077
0.44396970296659466
0.2926913501556027
0.463167453770631
0.3847728958239644
0.3775204243431084
0.29328264676561433
0.4140842887454621
0.42493933133661166
0.3102084694886536
0.30323235473009774
0.3542232769844977
0.146388815414119
0.36870402901426064
0.3129595150314505
0.13098047284626127
0.42582824136688047
0.321606535013557
0.3433324140355966
0.39718220113602926
0.35253667960842444
0.41867973777338785
0.17549441132385674
0.4271758160688788
0.4415113985879031
0.29868590131805023
0.4472471997747656
0.4187251494193566
0.3115162368825103
0.38545730997318123
0.2825526209253163
0.3100935665546456
0.39907476393237623
0.42478920577505214
0.36940637205106946
0.3785223575629091
0.4549042954289746
0.18545767289845527
0.3059250560364353
0.21803063638749395
0.4413254649314642
0.3800131138808137
0.4745688836498039
0.3538849807856144
0.4329566271322468
0.47852071247384714
0.2989038344164555
0.3974083307384432
0.13832764577021345
0.20655040445199574
0.17791449063578335
0.2770387900745554
0.2930495552196973
0.21027381444559354
0.19021036382842701
0.4972722832092583
0.5083121376845817
0.5142388320683215
0.4638736914158329
0.39980489777346384
0.44508851714200404
0.21951832367236665
0.3596948271242807
0.33400394857240245
0.2897434265927126
0.49714744761029345
0.3135326404360997
0.17921918964615136
0.3733243594544177
0.49787905666987986
0.45981574220389376
0.41199779400075953
0.5144302441123335
0.35799627898127484
0.272019480921433
0.4102581850354223
0.42542014335654743
0.4100639590441353
0.4889532346098914
0.3542012194940694
0.4138829883759284
0.4045262663048846
0.37765482303846015
0.5519947685413341
0.40337747180422057
0.39675339382070535
0.3767603954655611
0.3366776040167219
0.4258396980759798
0.4184376255274957
0.45393581496232416
0.3956119056744571
0.41485433551762474
0.46330545542852364
0.5271784011562104
0.23500278350145887
0.3613873834263688
0.4196696041728354
0.4090578033947374
0.47008700545709714
0.36158762909147074
0.34449872826744743
0.38379394195985256
0.48342316684390646
0.40243726038820304
0.39374294079610356
0.2384766868431895
0.39710743071363197
0.45761386898677003
0.41031751003854167
0.2971270122606513
0.33609224448444996
0.3255322983112554
0.3205865282843547
0.22307763857351992
0.29488602307169054
0.589477909057194
0.19237310148968112
0.37329976628482364
0.4929994825484926
0.3014195769799786
0.45190730273583557
0.33650382094265696
0.3153232472165008
0.3150113379842499
0.41162791989101577
0.31145753937766213
0.4536199098656186
0.47942912998167403
0.3874384908110082
0.357749290254336
0.2764116138904787
0.47963491637075056
0.2002845038159362
0.21064946938402096
0.2285026551651473
0.46828704736577587
0.38344329820780615
0.27146605625249853
0.4568376109508522
0.3816316311557044
0.46567651033664476
0.1599436175916217
0.3724230461797056
0.4432584715256578
0.535268935441589
0.4998325405425686
0.524048239371682
0.4626952558292264
0.4604356814731216
0.39574040107625746
0.26639314423498756
0.5379643055734991
0.5708666926682046
0.447272653298639
0.4813326618152818
0.15224466757738964
0.33549998918159135
0.42499256017909287
0.19603633420974498
0.2256641993469814
0.4972258362646309
0.45664341206144216
0.45882746020954635
0.5361200518303434
0.5202035068399053
0.3666684445032073
0.30727239409195733
0.5655552237202964
0.39531011338728134
0.4115891323678354
0.33915883614753034
0.5783053113315293
0.5730967947141903
0.4221524785837454
0.5897959942379182
0.5256796374499246
0.316133803497881
0.6333981722695351
0.3741753932396938
0.4673395644788607
0.4609153525618943
0.5433215085824009
0.5574980591067051
0.5457473508849472
0.45536106193334797
0.40357983931570024
0.2410298438615499
0.3756419755528945
0.47771695665956737
0.32813362657811107
0.3854148122556047
0.45825744287145115
0.3583072178403512
0.2906852795890274
0.5330106689446733
0.17371348540277765
0.42093257938028095
0.3903883980488414
0.3357361512591796
0.43536228824193435
0.3493147146302913
0.34891423061687354
0.13120990294606438
0.14732610406129795
0.33920050993774953
0.49594538830409546
0.5818510893460456
0.42194324241879977
0.5505538049688721
0.39509637162131706
0.4340187025152796
0.3898588277736759
0.5086426254489635
0.2721149240713999
0.49081592747450914
0.3964549015841912
0.5298315379418005
0.55898634972425
0.39739517365792326
0.486822212021861
0.3910482870413397
0.5948801332274241
0.4853487529801498
0.468837834872927
0.4337795229974341
0.3379951571245715
0.48506240824774677
0.5621443468486355
0.3301051492478651
0.31387387843061193
0.5201599905525177
0.3764359279024768
0.3455544019173469
0.47234402239878437
0.4783670430799458
0.2225770409434228
0.5050993754893929
0.4240728338444588
0.3429347348849427
0.2548427786845486
0.4360484325413202
0.3201660927144996
0.557653655709553
0.48062085935688287
0.46824796500852645
0.39458962748288684
0.5390662611764365
0.5730656158737494
0.3505591346312438
0.6509427096704292
0.46409743081931476
0.547427882616134
0.455074028984317
0.562238546205706
0.5256749564413095
0.6423045208759482
0.5243496051720473
0.6311761943850541
0.4208164231303612
0.5515656842261343
0.5355718995221476
0.38324610549098403
0.1240442227931028
0.41332016126559823
0.5302301907261301
0.3570805602566689
0.5022095813815108
0.4964143692489932
0.43294335314437954
0.5754909810041919
0.5179257392136812
0.5831615958602189
0.42224732829841033
0.5764957397380511
0.5579888259379469
0.07695091579060151
0.4645493817608589
0.45648283791835326
0.25912591109819805
0.1777624311880161
0.06709811835947982
0.3800269799723419
0.31742341814026814
0.2721032421220619
0.6367456524364656
0.5370852333129738
0.5804648055235473
0.48723229487473696
0.5102537029837138
0.4729667697419449
0.5240781926574594
0.46084851728653325
0.4765021680265154
0.2976153069121136
0.2579154650750273
0.45151676541095676
0.518821227103699
0.35477366712020675
0.5060797520598898
0.4424132349671995
0.33788528477227486
0.2940120219733112
0.25513835315744954
0.36423435523868153
0.3995384806622772
0.2365474356814051
0.4323212348753306
0.41696247740124825
0.3910873333760046
0.5618509733677924
0.5416252589209689
0.5691020980110119
0.2144270106373977
0.5789076194709072
0.6058857404008671
0.46133325594184377
0.5004352180875279
0.4778280179001117
0.32337767058369965
0.5213428503732512
0.6260391501811263
0.33261158436122074
0.5829465852071942
0.5003121325952137
0.3223358973262307
0.2596947187342312
0.5175697073726565
0.4231965864978781
0.4019889930028214
0.2788864399667988
0.5585327123546454
0.4508689769218441
0.5317116060825519
0.34629440593966804
0.5328028754085229
0.27978015844911663
0.565644881578812
0.577203386402217
0.49722929074908584
0.19395901790763453
0.29798354887653306
0.39047054667838293
0.543062154184758
0.4722783536609235
0.5362998772996529
0.26298083329838384
0.3603675071695552
0.3104190920629115
0.4152299282390494
0.53782578344153
0.43774490045163644
0.2597645631809756
0.4380315850548249
0.5275787015896524
0.29963865112231947
0.514032295516432
0.26391741564184085
0.37936836355036957
0.5643475638635268
0.5434224622508194
0.36278942210279375
0.49986738763236
0.4631748798776145
0.21103433029086255
0.32010795286315363
0.5674078178896598
0.4911060867571798
0.47996529201926275
0.1721157357987877
0.4240502291583376
0.5822773492874783
0.5563495163289667
0.21576608061311636
0.25864403735147495
0.4531446204172597
0.5575269621213331
0.4331252038527766
0.2732417221730134
0.3628445482003585
0.2409178253109666
0.3713660243406966
0.4928108723028421
0.5323883229528904
0.3705186741518372
0.29527140404063695
0.3649363439038718
0.5204127257699108
0.4754339632864546
0.5352601030642637
0.3739818890697264
0.4310127591896502
0.562281084463366
0.5219641972923494
0.569995107484657
0.5109016119715906
0.2228281704928412
0.3813184158510813
0.4199583720543771
0.30366138279792054
0.495938761974846
0.18788098947014903
0.5047057367112573
0.305716570961634
0.39730795844323175
0.46710677677905943
0.3568859282984052
0.30867062285728286
0.34936735823744614
0.3364251068929795
0.4160957407327715
0.43177897803660165
0.3550132004669526
0.3596961074948146
0.6042604059914927
0.39267640352579675
0.58654185500218
0.4462712190506538
0.4536532027103703
0.23353738587272588
0.4936350653815769
0.46332371868335337
0.40942921488055967
0.4091321867948236
0.24420743072142898
0.4226673052234242
0.3997923416506525
0.46805099098954983
0.5061633691880142
0.5269014619660299
0.4606096443685493
0.4476632133129006
0.3326151064135003
0.38948089117175355
0.4599553172784656
0.37625023869410135
0.44464644371316203
0.5208757009807496
0.5317545022467316
0.4743191267023996
0.5416260013487194
0.3727619352351645
0.40631696454789756
0.2178599003712477
0.4482398168921095
0.24510915805854552
0.27401611953431393
0.498842012344753
0.508206433844676
0.49772653122537813
0.4607968892172174
0.43646750247611266
0.4715903899184408
0.5575149665427523
0.3900782863941678
0.2203031963385349
0.47521765709495123
0.20005306231665024
0.5929234117398422
0.5205917879653763
0.4240917858993033
0.4746535992915735
0.300760824733326
0.40857412556616735
0.4980680767870008
0.4057942957579955
0.38579960579450967
0.5470776947384111
0.46796272913806225
0.1573569159975929
0.19807760304597177
0.46745196046480525
0.6247162530457302
0.5770129338531642
0.5255449165429599
0.4944031721155709
0.5795161034677575
0.4349342034960843
0.30598996157252545
0.5415978332467687
0.45415444101008623
0.433594039108458
0.2173995158078496
0.337587452058077
0.4557695906985846
0.3975459890727276
0.46013731527222523
0.4640907562903194
0.4852081091851803
0.6220239473088203
0.5437627269591391
0.5112382880996375
0.5335603529719698
0.5433713337987978
0.401651938953307
0.4302017806134987
0.37558375305444797
0.5222627940477801
0.39240130420397934
0.6005548060783837
0.17784284253340296
0.4562380442406863
0.43179316535764406
0.53832980127733
0.6130868548592486
0.3649225194673318
0.43748427290136055
0.4150879957996825
0.5648790022684083
0.612665289380471
0.42671250812534695
0.4800321343507483
0.3804878610030463
0.3798264790526949
0.5605512884806716
0.3320776630383706
0.3581103873780505
0.40314285528788046
0.40113809193664685
0.5287365546745074
0.18413506308574543
0.48825129675291895
0.3718415948101205
0.3618009151353476
0.2708080401692402
0.26441142979511506
0.4972987479567571
0.5454721293966296
0.47493002760727365
0.456579520769942
0.24710318672856005
0.533400258986372
0.5185310972521878
0.3562542585682186
0.5497752027136006
0.6577034607153318
0.6192778130840396
0.4397478719036818
0.502354930722659
0.5570608561179555
0.5217891877083379
0.5107165850555186
0.40782413371971865
0.25783633822633756
0.3880692869737413
0.6156233847029506
0.23143207649015668
0.4821484547590581
0.38114250113811665
0.6017260993897541
0.6386618785603879
0.3240050337782982
0.5159014221077047
0.4938347882913419
0.5189394317619161
0.41935758831361963
0.4959216065570746
0.5326907437458693
0.5060984884299349
0.6541441530439331
0.27850277960209086
0.526591093479308
0.632498031042717
0.2187705374152718
0.40507659337581886
0.5107599440957812
0.4711697199494428
0.33981430125777734
0.33230414931423796
0.49334497982159964
0.7058843834100296
0.29663987327127633
0.5863874091808722
0.24617158128978836
0.48345722883273223
0.6549941462290793
0.4464697254607156
0.5625428296848546
0.4923036488368219
0.47450671600501365
0.34291107589487296
0.35928018960156427
0.3597233424913126
0.5974677994971552
0.40981383494395524
0.5293893076705073
0.5081321014021668
0.2674010204538007
0.38425714674659284
0.43591565086625134
0.47203790642686927
0.47030229498968235
0.46429752410216507
0.5036443628167726
0.49446192467502387
0.2572602260659131
0.427758232777815
0.44225186405330513
0.5301390492916954
0.4339150672386293
0.44147740023704857
0.5185862216146735
0.5869704699344848
0.5041914610094911
0.4692464610098524
0.6425276809945517
0.5884838205381917
0.3493798215653262
0.47892828225575
0.2607827405702129
0.26696121108547577
0.5667205993312138
0.497380149447702
0.5098453053749129
0.4459358783103022
0.5098724976560479
0.5604980792327535
0.5432802661488239
0.467574260916455
0.229931998731848
0.2784985137032482
0.5593525533703585
0.5938994076836623
0.5927474975514788
0.25827507352310985
0.5479070849917231
0.5560498378708657
0.22019894843587756
0.43861847733922893
0.600567593673716
0.6280420484247967
0.41463181415665745
0.5015045483118064
0.4420821036107218
0.5565272517522584
0.4328781763176865
0.5354027053266556
0.5345517820242794
0.14742126628365934
0.3933991172250989
0.63202973743031
0.3627894243519516
0.5323469518309102
0.5860162467534582
0.522688205309904
0.6305364434410894
0.42771372147797854
0.5332680368285113
0.3585349785006911
0.4802316888639105
0.5264682272598742
0.4339303250130918
0.5884786370606063
0.21633410828063973
0.5355537312218481
0.5737969687582287
0.6562701765375397
0.3814233170703502
0.5370335119447777
0.5295010960278974
0.5707571129330207
0.5489750346451387
0.5683683720592482
0.6168113051270216
0.5125554528478359
0.6017843889334518
0.5264300680371135
0.25559173418121117
0.628580387589392
0.4567469547665139
0.43548228373258835
0.6168215916231208
0.33791077252166746
0.4813558450430889
0.44072462023681963
0.24462461426224968
0.47372399562142775
0.555240394575014
0.6460117359990385
0.3609061734429369
0.3488609108972328
0.48152936463990076
0.40795056896346343
0.2951250741024328
0.4604456805721091
0.5353266261747204
0.6771280475627389
0.5027403513913097
0.42398663758948074
0.376103549181884
0.4134914002517906
0.5246530140914554
0.4611533364280179
0.7149254407411457
0.585223796661566
0.5718627072204133
0.3743810011252925
0.2896900164280737
0.517789659791819
0.5431935706805525
0.437532480242098
0.12750918412154294
0.6077073108884541
0.4987753235277798
0.24006637101361314
0.2515274647556125
0.6080607121451237
0.5174765675240927
0.4510091363789692
0.2830967666850911
0.6122694986791162
0.39126810802885964
0.38977626483742006
0.28936374928876474
0.614709269802454
0.5472095410474784
0.3838210063835119
0.43270841650377684
0.4638516155887275
0.22415787460784103
0.553937421459353
0.45842930511115304
0.62435786836533
0.5445388496344424
0.3150289516601737
0.511950308814401
0.3253914427857609
0.3687624736739107
0.4358292067364705
0.3293093827383771
0.4940604184156976
0.4672842586454988
0.6117841704286323
0.5852835729362148
0.6864375142634489
0.5957661516044811
0.6078741601625712
0.4169444358783172
0.6821061117335246
0.4725933849592453
0.5527814101586074
0.26511285070701257
0.598043769727367
0.2601433638096011
0.6148661448006084
0.6574094662826652
0.23426978878047897
0.35856875314906944
0.5149909310009795
0.5797639127436669
0.5167932972800312
0.29366487538680475
0.5886450966647507
0.5586292497822082
0.5483059111104526
0.5716544647486096
0.5941336919931776
0.47542000885397556
0.27862159347087
0.48396018500112914
0.5879272914320706
0.5212258871627001
0.5675933602486161
0.3659689817409162
0.5123941372948421
0.30924057575481284
0.35186286328010313
0.5788238087878377
0.2571993835020616
0.530532684807373
0.5909695700382324
0.5983799706221286
0.5560816292156883
0.4017305344301373
0.49301946165569804
0.5094750601816702
0.4771449834139214
0.4957647787799898
0.586031137990539
0.5233723702078522
0.5376282422546058
0.38828202956911334
0.3924135276204811
0.45251740783333466
0.5528170150730312
0.5077366478899079
0.4427495763977776
0.39905583480070417
0.42719286206262175
0.6090462926274341
0.3060235527154965
0.4401807574398387
0.39678018536247855
0.32252252371209345
0.4828067725229323
0.2075793742791622
0.6053867287780762
0.6346841927953515
0.5203551384770541
0.5468411060286962
0.4783008187159393
0.1683154755582847
0.5311197391275511
0.519732953267481
0.6012294000849522
0.6432554489434551
0.6578111143392239
0.5773726692875215
0.6539972463956922
0.4418800161686576
0.4673897959616611
0.5067210779559967
0.38604313863487355
0.608276209830363
0.43517879016173294
0.39074935774337605
0.41649038179812914
0.36139096879779126
0.4810044938836494
0.4858405890934979
0.4891954625844852
0.49645937971118825
0.5798858776098402
0.5194901818099731
0.5747050479462249
0.3069631627267484
0.580504954751786
0.44587279763715876
0.1528528005493751
0.24263996238312602
0.32951320966479947
0.5372514877902471
0.316939650056247
0.5824832074235176
0.37838510216231636
0.5075471303269802
0.5232076688225378
0.2392350212043415
0.5117734957613379
0.6025698127218836
0.3878969618498672
0.25506013903313596
0.5158377870041807
0.6700049837405929
0.5264186014746303
0.4008964559008989
0.43463852412241044
0.45763274943186955
0.5978280397809069
0.2868137875063826
0.612432817666312
0.44741256106304056
0.37968809549409577
0.6029673269809142
0.1177647627656659
0.3726134793662604
0.5684787670925043
0.5028413766209762
0.4251194480626344
0.4045465831576861
0.35104720752272933
0.614267985441629
0.5433370251223565
0.4251585041968873
0.6375478436150597
0.5104113700049181
0.4665444955321255
0.5129269675023633
0.4901532953749613
0.33493987395637215
0.6980999071538122
0.3611042458124802
0.6003452851494359
0.5367856881285015
0.5684529839584029
0.6776714701638309
0.5448586218454703
0.37561438637885725
0.619651861448576
0.568829062468965
0.44508115014410554
0.5516741748218965
0.282216879848152
0.38279555986912933
0.41325455186217064
0.4428129554472302
0.539427974578504
0.21758834832134624
0.5632476158467169
0.5370337274746134
0.465814087513337
0.5697640904186456
0.506658471078655
0.41764076951289975
0.530746536987902
0.48478049854581784
0.39517106833054244
0.5462408797230159
0.4946840022279935
0.4523731261928776
0.5242356391371943
0.14279025365484618
0.3505580146194124
0.377307146193468
0.4279952315040788
0.37827376884977154
0.5473802842332198
0.6636644098882362
0.48430429009437775
0.3686289137102461
0.5239547969721129
0.39112231510283146
0.6233246838815553
0.5935345443538337
0.6450959181961393
0.47514857474657923
0.57991361931752
0.48146941027289103
0.5282831469596185
0.570635127604415
0.461739470677707
0.4042958490570436
0.4112969593591669
0.45808381817033383
0.6558868037033229
0.23778513235589968
0.501776735713334
0.5811141942297293
0.6495357581956043
0.31591701232137326
0.5860173805338003
0.5254132402014488
0.541729846854389
0.6786615370119727
0.30762687292112956
0.33782896957485226
0.43641398158710454
0.5307724509400054
0.46462526189584913
0.432086032009685
0.4970397021677605
0.3014000526889514
0.2621816819065257
0.5106849273690507
0.5019340063656994
0.40674361224576855
0.1558552199699016
0.473139239174957
0.4984562353031247
0.5386153882228206
0.5526730703858742
0.4198389983328233
0.600835077660437
0.5151541637414278
0.3461960454315259
0.48391379037213034
0.47393557308296935
0.3916809760003106
0.507506070403067
0.5238844422061805
0.4432342263842669
0.5851496532378323
0.5464544845299599
0.4543952035919394
0.4441872277132432
0.6164523485150284
0.3399429953082847
0.45557511036022125
0.6007052470995781
0.3409233602023414
0.565418744075276
0.45312993087141185
0.36978660220181825
0.39595041923035285
0.6633321999348432
0.5416198744239407
0.4931402427574637
0.5299926159347518
0.6150370537261322
0.4649247548900537
0.4876714035090254
0.5558230567042173
0.5284778969694273
0.5463944011918982
0.16124795305978612
0.41071833536904323
0.403097438706274
0.03894176524787709
0.47963111226094846
0.28735780625394763
0.2212118428265713
0.45033114178993094
0.6288324158479941
0.574085408002023
0.6909525938232898
0.48599742360612275
0.39081203089745903
0.5848303585070105
0.6193677138057998
0.666062411655189
0.4817479762289388
0.5336395818278497
0.6324411589725176
0.4173059772693126
0.6029652766790141
0.3284678584877019
0.5476080242510026
0.14405695331766297
0.524485849535815
0.5475893768206433
0.45527045861615256
0.6372392332601864
0.5303985529885177
0.20488930282559514
0.4006674126128223
0.22699358135715175
0.5094312800465046
0.5336575258048915
0.42302387690277904
0.344680128892782
0.45252856279042897
0.14811663185247953
0.484702698608468
0.510660287725004
0.40474179643536856
0.45360415070303595
0.23911219207597237
0.1668298442179978
0.6004729428893855
0.3361649120360361
0.6862974836312467
0.45456981329763957
0.25948758159177254
0.6223122717808662
0.6014321292673589
0.3476822823651275
0.46372690228729746
0.32007802817547654
0.625965622814737
0.6064530953527284
0.4968667750112744
0.5388498307744651
0.6323636739391538
0.5247270015603829
0.43972167263490725
0.4875002081908297
0.41878112789491
0.4884808981243202
0.37568538917949057
0.40419521579438233
0.5479120645801043
0.42145231390016136
0.5147478676529075
0.5294385165391055
0.4900438868757873
0.6234081314526767
0.5883299946024062
0.38701590851851236
0.40675470762620763
0.6432394593529155
0.6652665121101061
0.5895379626444579
0.6191765381348477
0.5117442897951421
0.4092594974361385
0.5077040344156313
0.5667777731155512
0.4595995362940842
0.4382988371476466
0.4858634158240522
0.4138317992240927
0.4995806869116734
0.5621167120263949
0.36232419785698705
0.4770290248332497
0.619783355832245
0.6053047815915992
0.49973939408994456
0.4112807817512589
0.5436053505835932
0.538422745455039
0.49534642796565115
0.5050016893692795
0.5666814912567237
0.5435340101210981
0.4603911076125011
0.6490133323426767
0.17567375658043724
0.5441880151104957
0.37869752777605437
0.4229418462847494
0.41653120416482486
0.3943708211722812
0.6527980644552591
0.36644492424164454
0.5249407849575699
0.4853956606911806
0.651283931024951
0.6848355095991369
0.4274747448445385
0.47853547357090237
0.35631287270298495
0.6481452357968986
0.649397062653366
0.4985987658476244
0.7018821995707882
0.6157025703184812
0.5459517894136174
0.2030107714672074
0.5540444662227779
0.2889259086051252
0.6998754486842684
0.5244923283963036
0.5145232956407397
0.2573085410821119
0.6606294964693626
0.5551232747081619
0.5571369383599623
0.583701943326382
0.6600435088873458
0.5455237680543524
0.5158579967399013
0.6434166194002063
0.22938544666986335
0.35210942456417343
0.3404651083139214
0.6031154633685872
0.21620715847492916
0.5565093137722733
0.6154534636524661
0.5685940904586773
0.6473459139775389
0.5897804272930893
0.6761261393465715
0.5427457703460118
0.44713312251017123
0.2516860227983509
0.5908773820110426
0.6183599107450525
0.5224823787091439
0.6864815854157801
0.49921714202625955
0.49657752788913123
0.6620396243080325
0.7238167697062592
0.5820841099406205
0.1961513959547259
0.4694779562861878
0.25813141219467134
0.5661831058926812
0.38149355649456346
0.4980667043080808
0.5947024154740028
0.6332526381090465
0.41036890649588836
0.6357661477140534
0.4942042675160214
0.6158169471778193
0.4932404209088082
0.5464531834890548
0.6115758979907195
0.6696792703032503
0.4043655189082219
0.5120603125615699
0.6499589803944342
0.524853637441831
0.4403740160640912
0.41460004632281783
0.46319053152705153
0.28022588823692673
0.6261802666668802
0.6304700554369778
0.46898007872700703
0.42712899425171663
0.5594382970290878
0.5060444652478948
0.33707105953574434
0.3855483820189777
0.44428424561341445
0.31282375307625604
0.33931653309373777
0.2678861963260761
0.5994743110122002
0.3038000878493222
0.6898822285483187
0.541286099255576
0.5440604287077633
0.4505070692864702
0.3125763243244462
0.6196461206537444
0.1862155576038118
0.6344306092396296
0.27385121126083156
0.4320830477459544
0.6053285849932373
0.5427954005389393
0.3763752920937662
0.35988394224067677
0.5442297349646715
0.6020884637790437
0.446228069628756
0.4830973976412384
0.627976027342822
0.4513640866888109
0.5842426402973334
0.3161402218469665
0.41117941967989696
0.5010009499960033
0.4854955226133734
0.5534923865363857
0.3930643465686496
0.3439987832100464
0.5688911849768337
0.5067348001185643
0.7558007143328933
0.421364422153231
0.5685750989022454
0.42259581693256815
0.6394406589461412
0.6438244141161286
0.6240289934619743
0.504750132757863
0.45955000994077744
0.7044918009028208
0.5008822348134357
0.28001464537358667
0.5860496031850821
0.6689641573855222
0.5965646809953189
0.5265907048922971
0.6440530941358305
0.5779440774347108
0.5551786625837789
0.33465133103649924
0.5721540884490853
0.5642612082526018
0.5582825085785099
0.5385717480041052
0.4523904791827833
0.522053047526424
0.5910671601877984
0.7137725483309206
0.4548021625305949
0.5963798988533728
0.32787143404150065
0.3545608541101465
0.5776438377838043
0.2907753308253488
0.6658379315960242
0.16844927185063505
0.5992503575949892
0.6089965549472995
0.5882846316300203
0.6174103087259543
0.3287137240324338
0.455965160298882
0.5036467495614559
0.576327414268974
0.40609126051512817
0.5915139777943503
0.2530388672570361
0.34083365039510377
0.45681659691599547
0.4657231594775434
0.1521863730597074
0.6258272263420691
0.45357821060040865
0.5370164381663433
0.5029360752144072
0.6714515561529941
0.4778271051910442
0.47100320432565085
0.49166301472599855
0.10787595440676595
0.47290888512821255
0.5848805114072231
0.5169792070578919
0.5351257198500856
0.4190223383402115
0.2122692398859421
0.24844443401899524
0.6534109823775058
0.33421833122518335
0.5627934411549876
0.5803036094510798
0.5283182675669506
0.5570890793973537
0.21603694734010123
0.603612070988175
0.5100365372973097
0.30953326766424527
0.6339108265501586
0.26806274897089555
0.6615014605581286
0.24999016743800462
0.16361507792097466
0.6162132170035255
0.578922245969218
0.5527366291259566
0.6185012539424403
0.3607457533343943
0.5058230692637598
0.630358928130867
0.46128710089115366
0.6778000083653466
0.545210335039933
0.19425141086820363
0.6590239581498945
0.5601373362765575
0.4354879708440872
0.58506860711418
0.3072845903092844
0.47494689399294077
0.5206681753404198
0.44700984872730326
0.2526433950501515
0.45886051176491527
0.6310720841087892
0.5216650923692764
0.5746471331360479
0.510663753022721
0.6191011630040024
0.608253136239265
0.6634369271779589
0.6482404907907424
0.498466311064109
0.5691825154102798
0.4185569299026431
0.6283358255585899
0.29890710360598904
0.5368648203324792
0.5985116452896322
0.5684135736120579
0.6162320473199178
0.52960964286434
0.13127799360987816
0.5715973921344951
0.6004408919367638
0.545672667105686
0.370977613844112
0.32005901462743075
0.5581279252119509
0.5110052810267566
0.6277766726389433
0.5546316417136079
0.3996680324447133
0.2808288875396148
0.578094943876862
0.4261960083203181
0.6115967042938654
0.5375429087803552
0.4998193969124435
0.676079480744079
0.47549439829215545
0.4733635380099092
0.5146164008147922
0.5545782156539452
0.514438712760649
0.5520492196966567
0.5444116034638742
0.5475346416175785
0.2171101425230377
0.6717955105067571
0.5211818585448398
0.5501406434449546
0.5586802537786631
0.4858990158416768
0.42146254819704543
0.2287225332234292
0.529595574223302
0.587723170101449
0.48997376258463826
0.6522869280070033
0.6305665599969239
0.6423061964410983
0.2728553331869906
0.5149263852316233
0.5241396228242065
0.5110620482948883
0.4047756622463896
0.6920179981925658
0.3052139382017526
0.5702318234272575
0.619302329734942
0.49588014281789666
0.4812471795674286
0.5705821123888487
0.6479015797371368
0.3588275256447322
0.643155852567584
0.6002942595629223
0.5871784235762842
0.6315830146200011
0.23223039123278874
0.6745049600803723
0.509976513924297
0.6318141052500498
0.4676979458661404
0.40365243355805097
0.6492966139685421
0.507802415621367
0.4002929556091837
0.5867499289510003
0.7321742160586078
0.6452198437538115
0.5824610231759784
0.6015940469948575
0.6326494180952699
0.6219888485756844
0.38182242802500305
0.34796312774773996
0.6094964038064635
0.44081486642649487
0.667872738861911
0.5860378035827492
0.4337776374758414
0.44831093205768324
0.6115668756414108
0.6232475787901074
0.5158807071540061
0.32246267484247654
0.4419697115919448
0.4364738265718204
0.5481574137953444
0.6303914723424807
0.5753127898847726
0.4390612416465985
0.6430913745266197
0.6095876667539682
0.5714338232877352
0.5668872974219257
0.4399419541517953
0.6345741092404974
0.4403024500416353
0.5928485143463057
0.6291263716602622
0.39616019440980954
0.6115297669785363
0.3795972362768581
0.17047427590946448
0.30210297474482783
0.3582054909593064
0.4671130406513365
0.7052332234187234
0.4008968092133715
0.5178550403395112
0.4738475572640715
0.43646514744099923
0.7308706750460969
0.5111820656125253
0.5487573504219684
0.6260751870600515
0.3993516727697355
0.32978407510600705
0.6400764395129326
0.5773438529142659
0.6426333641386418
0.5515689614728552
0.5315854338230157
0.4439458796724595
0.6333702887482101
0.43946275250152445
0.715091298556208
0.6734007095845672
0.5950484337118839
0.5428723689806553
0.7009400253762351
0.5657136553380105
0.3379237685379447
0.5844389899532149
0.6370605077580298
0.5714163955871533
0.5927863495244324
0.5476188084697083
0.4875502734072469
0.5501411628184585
0.39132828791911595
0.36848612862481367
0.4665523879950477
0.3735341636150853
0.57592300620703
0.6561052671888855
0.6587922958089635
0.5467182030221677
0.2477936126931645
0.5950712535338217
0.44376285776115226
0.6846915719918704
0.5104423619287293
0.6668041905043729
0.6557741482145437
0.6457947175079467
0.7207379965043634
0.5753542709232865
0.5541879113579679
0.6400473875876497
0.741625366447486
0.5365220782845384
0.5027288210016408
0.6491194715806082
0.6525789869130939
0.6483439709123752
0.6300931740055554
0.4021094489114283
0.53880643288112
0.33499233168916787
0.5588618430898784
0.6326877384130483
0.3043640965240184
0.4563554116440431
0.6176298933090497
0.4130726795653441
0.5591464884811177
0.5681189107292013
0.5821101719558728
0.6442068625925262
0.5564820739948582
0.6509826123046407
0.43300754226711385
0.491495796170983
0.5737863569336636
0.35242560311844956
0.39826843850803556
0.36244081228841624
0.5799425230549633
0.4008575687129913
0.643127138191368
0.6775289741316619
0.5777810844011764
0.48877855088861266
0.3747227339494994
0.6579293315540593
0.561255974792513
0.7469329743652002
0.4330226321768626
0.6796627154684609
0.5948532073532651
0.47278634954311194
0.2963053995631804
0.49214403133071805
0.5983649172964168
0.517718693356224
0.5046014679135863
0.7028109885964515
0.49816648543514014
0.6033398641477988
0.6289044967664147
0.5030179681599092
0.5587222826753732
0.1682497628143144
0.695278952087575
0.6367491183313363
0.41767442393892135
0.64721563920497
0.5310833437906477
0.6709531722616628
0.6166709799619852
0.4717290650314234
0.49950389929659905
0.6267501346280901
0.6168456014974882
0.2852160046945464
0.5477013565182616
0.5427236356216193
0.35124412309417585
0.6076898511043589
0.559984621185037
0.5282786011030223
0.6054182773117562
0.6193181891510631
0.4204179219289651
0.4927893001777548
0.2785160217834221
0.6035677275721304
0.7443309619007057
0.6003506072814996
0.5064339232913347
0.3893497787701191
0.6540402304385319
0.6432316347289992
0.6195533177434228
0.34049011003713575
0.5764356403295465
0.467364653000434
0.5185710400527253
0.5375858747941207
0.5996051930135237
0.512426845454547
0.47336494278884733
0.4945902617633914
0.5701016356818811
0.4151749872276663
0.6119539143347866
0.3490852908135257
0.5053649958847588
0.359707444920996
0.23464464422524525
0.4401698851738013
0.6820270624091782
0.3696030592954547
0.5535961801420362
0.45620816759337124
0.6412919598133658
0.5320309296334818
0.5998536081451633
0.6015645992665697
0.5469753310763483
0.20600265284219252
0.4279806627685502
0.46074803827221833
0.5554732376508467
0.34132467235952235
0.6704240742745887
0.2787931807495197
0.27441293232134467
0.32583591108168775
0.5910934133396312
0.47939925053225885
0.40375293854460476
0.4297765457952052
0.3578763683734892
0.36242340925691535
0.472285502372159
0.5589993801394312
0.663547679781153
0.6000202711845256
0.19503159457887104
0.4881748432238862
0.4935263041122204
0.5490156134960347
0.557783329959446
0.5704547001421807
0.5616837241985395
0.533714342776168
0.5116722560266084
0.6109199695349156
0.4100608300291612
0.5159891137850721
0.39284777351264366
0.44577445392855725
0.5752749000071279
0.7007836944237923
0.5319215965425009
0.652904709524573
0.6336188100262764
0.5529854208385527
0.7465905896346188
0.43407332420021644
0.5013787658235159
0.5789303054887859
0.5663998404704444
0.6724849195203656
0.23601859704581657
0.6091471982318881
0.44341427397410443
0.6350851238788046
0.4136827894863708
0.5804539875499399
0.4041360731680321
0.5469780905656616
0.571695348063362
0.5622682654726837
0.662207830927634
0.4933636587144297
0.5960951646348015
0.3833172524575113
0.6159940570004548
0.47167534404159794
0.5204212258671627
0.35291588358143733
0.6222000584068911
0.427737883885791
0.5908307690325596
0.7055015904199372
0.6473068682422222
0.5734605130708583
0.6200020276801479
0.5865875152653505
0.4205027384128176
0.5832864369943964
0.4066104049411306
0.45116582182577697
0.4111227028899376
0.5139957374556754
0.5131197014556309
0.47846316035535524
0.26334421295438765
0.4692885447933739
0.49773224828331125
0.4405836306400181
0.6655599267892772
0.5870818220855838
0.551377798041917
0.658502157468857
0.6336878430417862
0.5448621453921751
0.5427292742262207
0.6169352752007146
0.3320349041899696
0.5570795171155544
0.47650517967137435
0.6020283647952706
0.6179492046704493
0.37569580816908554
0.5500473806543722
0.6313462249497056
0.5339158098776872
0.5576193929719377
0.6228225457499886
0.6577366989602957
0.5656989060438408
0.6280845843314055
0.6291377568646024
0.6337377913737455
0.5946311797576892
0.5702662471694558
0.4779783851838289
0.576650693174416
0.4577459603904015
0.525517870438012
0.6338377396093222
0.4137068437086245
0.5645067627487813
0.6771181385198147
0.6728919816290642
0.5604365494481988
0.6500291265271143
0.5031389357633813
0.5866744768731593
0.46928936703310087
0.5664244973379018
0.6690759648653147
0.5187489706389901
0.663184685600506
0.6230521126387993
0.5489105093264972
0.6517717032077489
0.5454703435462293
0.6156546543738773
0.6833215548597322
0.5694862120205317
0.38155561600402854
0.518229048769216
0.5930778960624496
0.6004826180280507
0.582377159407728
0.5015878560076817
0.6056790689532371
0.3844725023524909
0.5293921828387501
0.5019869973841892
0.43926480314807487
0.6089318082191969
0.42130159614576435
0.6089504005466027
0.5712184294264689
0.6092112422353574
0.5729007385881537
0.6456081088785927
0.6642249392381785
0.6241120718190176
0.6421877429478994
0.26350776841887436
0.4719824764816709
0.5665563684157234
0.6270231638938474
0.5931428180964913
0.4869480572498198
0.4906101086086061
0.6712761735484447
0.5048899743196084
0.6862065532874727
0.6299632017318446
0.6408762544761742
0.5848773384133112
0.538940486497453
0.5729042330956833
0.4351402074712303
0.580586177323007
0.5969321557027897
0.6197962334057242
0.6486726196755198
0.6235521531893546
0.4850708926447949
0.6424284641495711
0.6083861738141215
0.5647513825212668
0.4954054179589323
0.45348567910060034
0.5513120993405571
0.4890042238282972
0.30320529538608226
0.559357089674605
0.7160200749758303
0.5963797471454184
0.5079965715280015
0.4823958573855977
0.6678892549438826
0.69008510276211
0.5830131213180662
0.5933293448942639
0.6031691718816087
0.45042382666942055
0.6963593005801191
0.49315572198981544
0.5966489206703071
0.47225230667026613
0.6418040804290612
0.5515675615791021
0.6490591419361376
0.5979680760620885
0.5196206624710442
0.713048332197182
0.4550504606279221
0.5294783941918964
0.2646250288818972
0.3008922598414542
0.663924444937434
0.5719719946632802
0.5071772319053076
0.6598643259745863
0.3047487389766152
0.49789435659526826
0.38964833462013915
0.6707066743869317
0.3961277801093959
0.4757173103166986
0.4010461532470799
0.3669415279869061
0.6738064694134448
0.7123909446268034
0.4615439127212845
0.5440236614659126
0.6955974230356126
0.2921061838906753
0.738367789232723
0.6694731409057888
0.6937149500152954
0.46989247602594253
0.6552273141120493
0.16253920753483114
0.5876976563884017
0.48502147593573136
0.6444196605928296
0.43376350315494316
0.3776825127047663
0.6764385208735455
0.47311304341918436
0.7500575235974587
0.6329062324388423
0.5772356841639554
0.5699169929430533
0.633846602729514
0.7219275550489571
0.6732918667790635
0.633569041772227
0.4900661710114162
0.6007091628589827
0.7368643844355302
0.6385002410872243
0.5278992118772952
0.6922138594566775
0.40576519395358274
0.4357752863796894
0.47837337630979015
0.5911718175510984
0.5038471915028186
0.5098055932468969
0.6124985914693686
0.4752327676379215
0.6115386590226072
0.2927013477065272
0.3274741682685716
0.3036814234794276
0.4037287899144602
0.66067725609226
0.6372474321088488
0.36939278146127186
0.40094762167036285
0.4082857576358729
0.3856777188503451
0.14678105779416684
0.6322678800368949
0.5580523688325071
0.47885858668470477
0.6325508875403124
0.6162084509326776
0.624144826215717
0.5934610548026752
0.5182853356757209
0.3109229717815431
0.5506503143174694
0.5456097123207896
0.43978446021225176
0.504543970838123
0.6624241039492883
0.55868065859058
0.5933783545689515
0.6912086879638728
0.41550442181336417
0.4552647443267418
0.5620627469174003
0.5149285791645696
0.4381284009707728
0.5159041513194288
0.5326163791453955
0.4878937307974986
0.398174477249349
0.6055581267603877
0.44764774179496025
0.4880082887850927
0.5401456773843162
0.3179905446978172
0.39062429587517306
0.7260171795839383
0.4579991945274021
0.6077674849684835
0.6287064816637209
0.36089563915910255
0.3416760202348423
0.6818307416250734
0.6079654016568632
0.646340157483714
0.45879635970192
0.7109058960866509
0.6291592236931568
0.44126125810963823
0.6396178661671449
0.5851920759021882
0.6928924034271009
0.4008230173120615
0.4752728821754836
0.7368734524478182
0.6309128078020607
0.19732803203052562
0.5760544946110953
0.26366295780714843
0.686848428026875
0.6987921879803694
0.6664950584986825
0.605417892062202
0.6054906573252266
0.5783724343851954
0.4766679635677502
0.6341948039298851
0.5494420552664636
0.31687164929155837
0.27065539889916257
0.3494352255485598
0.35999561240425093
0.4715952498481994
0.5943304090463519
0.5859691302899317
0.42080799653014445
0.5338335226178049
0.5820469737542807
0.5001535184911964
0.5666304041156964
0.6784140419984237
0.29425026344290844
0.6675960618437279
0.4766331857333494
0.6182175270569448
0.452473164503675
0.7435742065112904
0.2862703404075903
0.6329420537039049
0.6169436676270839
0.4207627942594677
0.6161844109541955
0.5376387984141362
0.6983917393552389
0.5833453970616747
0.6666202850444699
0.39777203087086127
0.5824641767583124
0.41656305249103
0.6034608695432063
0.6998590395230738
0.4800890009053719
0.663868618420352
0.48434346568442643
0.583434681130062
0.12254769670807854
0.5022523273392718
0.6272779446480272
0.23113351767531198
0.5150251723081106
0.1209899643813526
0.5180810061434937
0.6935854898939207
0.5331983377761468
0.6312573442560684
0.2065824310541792
0.6509535570250067
0.6133137605754191
0.6952253875781785
0.5844431335500149
0.3546251448246933
0.4214840096688043
0.4047678799826486
0.32511461150001125
0.6003350713837599
0.7158155508648167
0.3310585309901321
0.2718700422351355
0.3059092042607965
0.21402066620639126
0.6223020118177329
0.6754541599789533
0.5377864365320083
0.3917464879343602
0.6332274456274305
0.5026406119385161
0.45542847881688286
0.522355607776274
0.7131180700106373
0.6499165314555566
0.7034893411223215
0.3845727380935664
0.5814087445983227
0.22040960424603695
0.5602691204039241
0.4079282025750864
0.4599791797001337
0.23085479921419158
0.287469421168173
0.6268671708475338
0.71281393083851
0.5454702589969611
0.4882653158680062
0.6057213341450924
0.5167690802268154
0.6590819935405845
0.6418707038961127
0.5676578376669623
0.3794179518694351
0.4784354405607991
0.6452239978806105
0.601871908573251
0.4657627223911864
0.5080217946200822
0.40292539604700545
0.5888271465138829
0.6507611356391814
0.24837420868138904
0.5652630174301913
0.41461221054521696
0.38947537304592345
0.585556221618573
0.6751884369979969
0.6385586104372024
0.6160959587976845
0.7061730364758334
0.5373810615855313
0.5861339931496355
0.391610072131503
0.7102953267196438
0.6017447000023313
0.5951572703327799
0.6959588206394112
0.4857808933927811
0.3114382981592642
0.49718056054694904
0.6413735555213576
0.5644831794866922
0.6825370101343924
0.6464380233872836
0.6157903074992608
0.6597755649597565
0.598379849009409
0.5466471011956255
0.7059427964395806
0.5663036921546134
0.6175268923583327
0.6343638835890321
0.6220581242649807
0.6924763746545269
0.46766569159656635
0.7216883310226724
0.4900552825915567
0.6343137085912615
0.43533286470854393
0.6932033518397819
0.6935074566709999
0.7440310220637251
0.5688836573968523
0.5106861196329515
0.683722396915417
0.5559452961530902
0.5471576648246401
0.6212926411742921
0.65958901089559
0.6507666882448122
0.5883539985128095
0.7177873082081178
0.5401678629128182
0.5906763170907545
0.6786687366273406
0.49799926446143866
0.4106573131741269
0.536795662817248
0.4807904112383115
0.5915046038792758
0.6832891090522927
0.46794774220962715
0.5630662880808222
0.6502305819800509
0.7175598827212494
0.5610298531926885
0.31964853887676886
0.3849346407453328
0.7355915985838516
0.6844999113059099
0.5513226634491069
0.5159916863039361
0.4268541674211812
0.45869206525054274
0.7381411062574051
0.6171402037581227
0.7081714813773762
0.579393925976604
0.46632818528111003
0.380113512180059
0.7042221512671152
0.6562544576636365
0.439021691223683
0.6447524252717978
0.5974015226672266
0.5372213927877793
0.5888425879475149
0.45257791720391594
0.5443204564986234
0.6662339204582142
0.351043999807686
0.5502066747592561
0.6300724115542913
0.5553055505045239
0.7108035193021323
0.4284170373556033
0.5083397401935605
0.5967476792281843
0.5366780951793169
0.5025333947493159
0.4019211145556006
0.4854707322615153
0.3704367215630598
0.5456897903096417
0.4175062227777368
0.6839492289958362
0.6770535210196106
0.6052126579231837
0.7019740907038395
0.4694539764642549
0.5727161431428619
0.4241426076177081
0.5993574760338867
0.6057787193393892
0.7410783974650608
0.62906664989309
0.4881449960812527
0.5219959869197306
0.6220371168403376
0.5850124051271451
0.3512033390373157
0.5250459071858716
0.45164319584531204
0.37461352515873847
0.6480494634254899
0.601030300067033
0.4932548882421052
0.4095709698996849
0.5098625944422455
0.6128159625456016
0.6737720222454822
0.4530535928947774
0.4747953980539954
0.5299429268729878
0.6370289922304777
0.5252676084553864
0.5700607244613718
0.5574672417429865
0.5897862828960643
0.2635757719407977
0.5565910846121279
0.6830875846568663
0.3322451941710957
0.6728063642139389
0.5548110127188604
0.45101666780757754
0.4625505178588844
0.7031781347276094
0.697389235196258
0.5574328717623869
0.6614956724026022
0.6737680873919348
0.5319642366432241
0.5506343807321571
0.7370724957016652
0.5806067892706949
0.3890126109034038
0.5670704958061743
0.6513816816603593
0.6162919822931808
0.6104441609823915
0.5976392870831253
0.4159700958027978
0.48591684444806804
0.6962930153405043
0.5517224062489706
0.7053482359875027
0.5925966120542708
0.6096018560502532
0.5707588774558621
0.6217555355381904
0.5977424484021892
0.5925503018298781
0.46264581446091235
0.5925094307479635
0.5375725358533454
0.5531762323254558
0.5028225262518569
0.5862919763521248
0.6281784264335063
0.6610650466759259
0.5992531069596226
0.5854755548932121
0.6689401787120045
0.6535905854739766
0.5664999506245716
0.5351540886233142
0.6289118253915784
0.6902964671890051
0.5869774345824297
0.7161225389116924
0.5937265186772226
0.6055726341253982
0.6417147833470159
0.671783431660715
0.5112570677900029
0.5548408892810989
0.6527797751083199
0.5349786011031054
0.6965466603012392
0.5322826678040624
0.5044985506194594
0.6245066062345083
0.4990700614292236
0.6207950148670506
0.5925534546448048
0.5862790459988438
0.5191443696954355
0.28329520174404516
0.6097616597826803
0.6237469653043882
0.6058668676752001
0.6981922363491825
0.47254598149337795
0.49047536541939585
0.6548239218507088
0.7003981333800471
0.4074083779907029
0.5716822893064978
0.6837365535614022
0.5495025115593699
0.5984339193888019
0.6204416157643031
0.6165600253166651
0.653373617199522
0.4621466019798078
0.5130082768147207
0.6907955262233814
0.6712949322097731
0.6315906767582491
0.5225235017271048
0.6123802230057396
0.5687187574528664
0.6713566299418311
0.6840008909414849
0.6570664080877168
0.6101708155961171
0.5928640986176955
0.5751062556456001
0.33544480682170735
0.5575048280650549
0.48360070930599813
0.44347484056012293
0.4454285064062002
0.4650676362182854
0.6176561692093353
0.40433418325324927
0.4861710719346705
0.5633401631457857
0.6230246746328801
0.5908460374905143
0.5679821424820082
0.5230406053846085
0.7162120457725493
0.6812398166916921
0.42900293582288535
0.6924621294803576
0.5341877766980132
0.7199065241511613
0.49349479647084016
0.4590357043054321
0.701365840319271
0.6359160742361317
0.40610408956197624
0.641101808191519
0.5338648772459605
0.35882286552056963
0.44811961168330067
0.4707532191341203
0.5502690048114517
0.41066179019207216
0.6491250774687436
0.5212200025612606
0.5458648339346911
0.5581478838038646
0.6313196374353214
0.6378220968162861
0.6476907975408274
0.5599184848675948
0.49756244934822336
0.6057457858864557
0.6397421797543282
0.6198195685059568
0.49469727666456104
0.41508959645457266
0.3151907984865828
0.6948513516410274
0.4511786423021696
0.6350493595885577
0.6145589349305536
0.2659335538951255
0.6352221386748681
0.4565523067559248
0.7051987935009763
0.22939988264422717
0.32378931252111925
0.6501337477250806
0.6640210868746563
0.44499677268271925
0.6147186560069647
0.7356012108194337
0.6526299791560467
0.47697613139866113
0.547182687510241
0.6396446736088977
0.5542557442490074
0.6614945950716775
0.4557423120612443
0.5267852564646631
0.4949458565048915
0.7396246732487087
0.6096964874309598
0.6988770385383354
0.5351873721484954
0.6675165902837121
0.5794389768101113
0.643217636480148
0.6259004687422595
0.6823429774527936
0.46271383597447824
0.6367926474159726
0.34193426998831
0.5977539098006444
0.2603985621951614
0.2268621352851013
0.6282589516677171
0.5267441017349475
0.346321051262924
0.5145604779646444
0.34416392913088834
0.506815600106474
0.6769633421117293
0.6662562401514911
0.5134530451176755
0.6491846705382791
0.5395569218011713
0.6627618570384713
0.46908155733054874
0.6144254734645219
0.6265962663400821
0.6117207003629354
0.6006834417105218
0.4798151879035409
0.65720824785993
0.5114898131260098
0.42971106539957943
0.6463234404389666
0.6441950138804254
0.33462383312580096
0.6517603949609374
0.6352493171932058
0.21193905287843642
0.6282264525332777
0.5248791077453958
0.547443486717867
0.6554942478034934
0.42230933565062445
0.17981262962764893
0.5446679311224496
0.5531926092325673
0.6509317293989944
0.6815706015472867
0.3462884174593603
0.6790254023865598
0.6324247380300125
0.505589805356288
0.32697913378859667
0.7062144995934354
0.3601380530242805
0.5527304236464678
0.5505791305364263
0.6538002350987837
0.3579120066388593
0.5821711807701028
0.5692871024347331
0.6322803493658323
0.41905268739445944
0.6123957590137503
0.5834688754221387
0.34049024964904
0.6146294086659807
0.5304500376191026
0.6565308051175982
0.7349087597721704
0.684606962221194
0.5026810748418997
0.5337793981696837
0.509339364757427
0.6561525886479795
0.6932756293091376
0.6278192838123698
0.6282311311218794
0.5416553681076612
0.6419090100443333
0.6206960597387465
0.6345592255015582
0.5732581028512767
0.46489195588635435
0.7055949091452014
0.6786223082379927
0.5759972316288416
0.6349229340795959
0.6404422948602508
0.7144564363945368
0.7100836494031165
0.5103896709299771
0.6352367458050978
0.6111070982551542
