0.27900646704276233
0.08144604859764595
0.19844709092077484
0.15146510893635598
0.03345090645898478
0.14469344863314607
0.14246762357487894
0.3348259948536171
0.3451451724289224
0.17016891939202636
0.017365559069272864
0.0008181780691987297
0.03874496089664325
0.18097991561474744
0.24372379432886582
0.3366814874125359
0.2895022185973028
0.5398835168363634
0.2839893958016062
0.15949439713568692
0.26123164088734785
0.5159584612438317
0.5153340707599284
0.22554031213066467
0.24443330694323495
0.05185082294027065
0.22991694147645153
0.016566645369194725
0.20490808525293172
0.22594902172075695
0.20518143735255637
0.10888333961350506
0.12518150214287402
0.281962315554482
0.16160242457930926
0.36653266408560925
0.6234614932372796
0.2913448397128797
0.5090003596372827
0.5280935394881285
0.41282958536647874
0.26145290799856885
0.36166710772638977
0.5724601715283129
0.2367685102380087
0.47971933070922534
0.4317248764351648
0.37800361075702754
0.36807990627246895
0.6395928715027711
0.19675945473337822
0.45142868667600733
0.5334518801949644
0.40506145958735573
0.5516256504531527
0.5507729878940446
0.3699606095065462
0.30619483863699337
0.33327578512442313
0.22572453224154804
0.5109109966467759
0.4832137973624371
0.16774031257634292
0.5274257999939957
0.6857042194633983
0.4960042643805784
0.5811667180886125
0.4885563617277724
0.532570506545849
0.2958012558259554
0.3735685720096021
0.4829093599338477
0.5280780317925255
0.5547198154915708
0.4245744562494555
0.5085590224795731
0.6501330848001765
0.5725555173890534
0.4708111387189394
0.6151595652704677
0.48154314180231816
0.5712859852559604
0.5049386218219014
0.6147266029667243
0.4510360373058656
0.48835186704219957
0.49098636993843814
0.14989358623929624
0.43344282315269367
0.47434135059135046
0.5838502105905067
0.3268663385621928
0.3216100076743885
0.6395057632554146
0.6170310309545457
0.5120560639215974
0.55855415304805
0.45114027389881495
0.47123357116681647
0.47415075236400794
0.40624074588672165
0.5390346100052134
0.11951396807894996
0.6087176279070935
0.4933669747188111
0.5395008400676156
0.37297094897433986
0.37557809190007707
0.22236446800075968
0.1847746748441698
0.0747200282253336
0.12429627042236754
0.09551909230319809
0.5337665021365565
0.45314258218993714
0.24499064811597335
0.40396254483717114
0.07428483102210393
0.37584989778273603
0.47383619709800767
0.6333382892789929
0.29355111868280664
0.2208103873513786
0.44992107042150886
0.6873601856004085
0.5719285828173699
0.45608281360135455
0.46714611603500905
0.5855366432770035
0.4794866422847122
0.6412868769594106
0.5399995140270931
0.4851261694214719
0.3820951848528909
0.681060653633237
0.6022668686870584
0.4857429085003153
0.5887697747189009
0.43895351457194737
0.5532306925252598
0.5452858199021597
0.481844837871879
0.612223765703147
0.5381130722621171
0.35271275090968673
0.4994078716946293
0.2979892015258054
0.3071805631844742
0.2994611928501715
0.5259655727657923
0.3584836734594743
0.472586767660399
0.6420273274000858
0.7259812836002947
0.5508722029554112
0.4765156630846461
0.40011957186243835
0.5576467588719101
0.4831867521568789
0.5796470421716681
0.2619718864496186
0.5176241223482365
0.45983877158675285
0.35243295282407716
0.3313714001724925
0.6494568771477008
0.6646925240566638
0.5310519090211814
0.5755132148888198
0.3517496978668194
0.6437795206036933
0.6609065839189897
0.5938183014070588
0.6329552389863633
0.6634571003665998
0.6166434520721651
0.573736483635449
0.5937344289744201
0.47450217396776595
0.6019945727487296
0.6440510809241532
0.5390699566833678
0.7911783087361131
0.6758113666827934
0.6215573373971882
0.692373510561584
0.2840854058022203
0.4896544913270124
0.5217729691271094
0.7080583071092852
0.2637296676947327
0.5391773100707469
0.5819664861178041
0.5952540448143946
0.5780871991296429
0.6268934804237953
0.6015435680558066
0.46232984243081865
0.5284461688748817
0.4692606909987211
0.6022996794002752
0.5009052367135913
0.49478933711932227
0.7120104832634394
0.6254094748421469
0.6218662176845353
0.5148717937667935
0.5065948196667652
0.5008742433213395
0.6433447927688322
0.5899225779047798
0.4555620455687633
0.6684896341514398
0.5998335212768569
0.32930612757267375
0.49315558341265076
0.5906637409418227
0.6295903310756229
0.5838159787362425
0.6096423551858074
0.5946689727349704
0.6279282965495195
0.5081821615786737
0.6912764332329172
0.6449882903234841
0.693739713379389
0.5048873691999475
0.5772084173229415
0.6908810372938262
0.46450768333720643
0.6727806306158826
0.5386199036188208
0.5579148989203788
0.5337056960425491
0.37350497774648844
0.7193764379609491
0.5769492496464068
0.5211368454497363
0.5541074746942393
0.6690890079632789
0.6161390455465005
0.6796731044059078
0.6802609455582196
0.635128536925475
0.6787919545074951
0.6985212455053096
0.52933149737945
0.529899723213875
0.6681038337523697
0.7468156240488432
0.6448397382581471
0.5649954649438632
0.6592128509532489
0.5884662326263009
0.693072643153041
0.5935856861730534
0.5808095409809304
0.6085764863428481
0.6176473036683191
0.5623483672081322
0.6164364853928994
0.6629286551662983
0.6521387180989141
0.6074181756415237
0.5716314233486028
0.7092537079416552
0.6172936695491523
0.6755690610849393
0.513018772195946
0.5799542924942253
0.5100880343484688
0.6183687218228566
0.7201141943364563
0.6248253444938087
0.6143400763004654
0.6147754680079681
0.7058246920057281
0.4921977477342967
0.5542107599708546
0.6935915771566898
0.3560818576558038
0.5576582133904523
0.6684793068797574
0.712725341440929
0.5235488541799475
0.5872842180246849
0.7065691733577298
0.547210445809192
0.5809667846547084
0.3948439605090649
0.5622529120000164
0.3426949575586391
0.7567913600796752
0.6853621789343337
0.6055194436134397
0.7680142055213905
0.6430552578255697
0.631835291059856
0.6161525772035151
0.6117444954831077
0.5952597221281735
0.6215335046334798
0.5992723097807054
0.5592187427100285
0.6038944086818497
0.6581732237815029
0.5403706942059308
0.6423545397525656
0.697180663047603
0.47963331917195395
0.7056916526304863
0.7757520799102475
0.5066929808445817
0.6687314362659129
0.4809023516863342
0.5982696796287207
0.5617839146220913
0.5126537403863989
0.6410868973204414
0.696420996184189
0.6716349563056192
0.6245873235947553
0.6797515555011112
0.6713057958757078
0.8690318231451433
0.7154090528685583
0.6706977533288034
0.6449609045273245
0.6584362448034345
0.7057426495479833
0.7682372498284399
0.799632337824706
0.8008994365263886
0.6546112010048324
0.5824358063765065
0.5637957353143066
0.42221437518987304
0.6088039644595087
0.5354835879693973
0.6425164831187422
0.666915957594458
0.7752330244761799
0.7103835906867362
0.79913856033389
0.7341018085257431
0.6089401053608622
0.6054353122399302
0.698968390280666
0.566126397678344
0.6210831007874636
0.5650367602539785
0.6730046943739011
0.4939894936277745
0.6990024916938253
0.5774926605666831
0.8262761649601157
0.7546953204041823
0.7060606828084265
0.6994482095317277
0.6837491602153277
0.7608231330888525
0.6809301623833212
0.6915921497969376
0.6672217432715222
0.5907532251931576
0.695637569208033
0.6828281233415978
0.7712342742091516
0.7298255537147754
0.7611214119017062
0.7222993462733456
0.7159695246222832
0.7956530602382137
0.7807810585746517
0.6970751979635854
0.6913880630555791
0.8075617230201076
0.708699430837213
0.7503445899001909
0.7107990148381101
0.770172799472048
0.6841055542240033
0.6181863200998317
0.5709931664814105
0.6749539447164379
0.7190657561158587
0.7261685826472202
0.7221831778129129
0.7272021587028463
0.6850747110535762
0.6728835692431787
0.7280758392137399
0.7088153023569335
0.6241982655673762
0.6554551906537567
0.6290345608344629
0.648941216172045
0.4590845345401044
0.7108104571139587
0.6747594103644814
0.5396785127563696
0.6921478129808832
0.6739892933016729
0.7438228542358888
0.5932246490165884
0.6754656493141105
0.6334017252679174
0.6732232292768252
0.7355302356046061
0.610257365747217
0.8416592134557607
0.7491821507774071
0.8574546577425559
0.7289758868527632
0.6599131705075644
0.6861467591115588
0.3693156856951835
0.6697446356602004
0.5908128120921087
0.7833202857252385
0.6934999211015134
0.6403493170159824
0.7231065558239722
0.7258218836625554
0.5466031086362029
0.7482270780606222
0.7975260878790686
0.7137221208671772
0.6359150024388326
0.6524155428731468
0.7002098109929622
0.6867044541377283
0.660757319566153
0.6164566165249806
0.5776990547905285
0.63807236085168
0.6950987816998263
0.47029919272473014
0.4673377548970777
0.6965775867535607
0.6723144664736279
0.5797787321713969
0.6743611960354476
0.5832835387794233
0.5546798352042653
0.7289971144424432
0.6134320315910535
0.503297415543331
0.7242418099716117
0.8094432143445893
0.5534422630111906
0.6635534125065367
0.5412201898017136
0.6444269115463827
0.66395957670468
0.6002685088365034
0.6302750782666852
0.2753487054404579
0.6708847393558606
0.6963630350061933
0.6689055284394004
0.6343850457560289
0.6641959597824807
0.7018257448835555
0.593814518885238
0.7146735943511016
0.6703519245111671
0.5970319853377508
0.6882301799755856
0.7599145160634015
0.7828402932828931
0.9213369516497645
0.6350053887940286
0.7634055325763113
0.6803406490168965
0.6413672846130767
0.6398256102531633
0.565237920517761
0.37088065632099493
0.7444631526317059
0.6400413311077296
0.6011869454571204
0.7094908708491242
0.7483381380051943
0.7255647495859566
0.7757659955098462
0.630753312311369
0.726904685274511
0.5443777486688479
0.6168311055036816
0.5023781381794687
0.6246160580647233
0.6523477188407864
0.7076044367246536
0.787097800602215
0.8740110331334572
0.6966955962358363
0.7632149732229003
0.7201483585309291
0.7016364342903177
0.6751078973401693
0.7647301562930034
0.5862898495146632
0.7138384630002333
0.7587976318734684
0.7849038515298219
0.7410289643297819
0.8131254688018107
0.7086855802795475
0.6837787024746548
0.6331391209413353
0.7740532240232446
0.7472316892432339
0.730190899664993
0.8095116582525961
0.916654681579063
0.742645811069467
0.8066561653911076
0.8680538926926877
0.6851418906669713
0.6608420282510474
0.798436008339029
0.798995942335611
0.7952224295161918
0.5208583564634889
0.8236160173652206
0.7927397312925925
0.8423326922138881
0.8562544806909496
0.4642232805724024
0.6822114007245519
0.8007589470784537
0.798655948558767
0.7011523752524812
0.6524629993078664
0.5965856097660787
0.5427209438114597
0.5307028269019856
0.6386788937773636
0.5810955888482319
0.7370183551313638
0.671273843677539
0.6305519394549036
0.6503787810655501
0.7976035332831374
0.7994051962746634
0.7502606234322579
0.7432512260944513
0.7316754711928933
0.4299096501674117
0.7867195162940271
0.6235089831686619
0.6845281897748998
0.6961948418282907
0.7822669776132543
0.6703788852284362
0.7701871313208345
0.6628930680083787
0.7026369889942644
0.7465597666770561
0.6760571512772038
0.7527491572742921
0.743292979496063
0.2537261613461922
0.6634462527000556
0.6554882884508352
0.8003781541203412
0.8506618579998307
0.7249698628109118
0.7076835064330496
0.47593380489673803
0.7640667278527736
0.7083680970540189
0.8473956103287935
0.7072411993644117
0.34212434627669697
0.889998568224264
0.8604761588034225
0.7985181531107234
0.7000622773161328
0.7250671942587106
0.6786695473116872
0.5608928196899663
0.6452225356899072
0.7568563829540895
0.6639223752738619
0.8265406005795616
0.812775325331569
0.27120974144779625
0.8686646271069813
0.7353220055779471
0.7648487576087919
0.7633731196539731
0.6220816145565553
0.5778063245507888
0.6621090168425152
0.6756246653631162
0.7228710290478348
0.7030231762090547
0.9022346462989088
0.6442082344012728
0.8110295265213149
0.4995459642310297
0.5685421562073129
0.7209375664992359
0.700654592160709
0.729816644361092
0.6732100093653086
0.6484850009027113
0.40869531259301844
0.7091368114766087
0.581271052288886
0.5856569618366286
0.7884281437196694
0.7479069221337096
0.688722545828182
0.8768087568120186
0.6354681365135321
0.8651428247671101
0.9001401539164138
0.7626670914781728
0.5613372995392552
0.8528759171263195
0.8719083232576195
0.7158152299217394
0.6678351715085836
0.6227448799173668
0.86323949499907
0.6922032224685464
0.5563967583746011
0.6948652632937464
0.7350546692204127
0.7368323964291953
0.6855662760214107
0.7086061320544075
0.6884780718646597
0.6994863546341361
0.8713361044434726
0.6722873308633958
0.6612201220720222
0.6206264338835032
0.8962171747449363
0.6053692931199857
0.5182692411894773
0.8814682522269358
0.8185394668456013
0.8341343587642019
0.6398714905358395
0.5624727045423079
0.5787009444300274
0.5273699455143636
0.7152622367799668
0.7586270624175562
0.8227493562894239
0.7931268042353904
0.47465946582059004
0.727790918566387
0.8058389954388191
0.719015321370214
0.6913284688175474
0.5704379506948005
0.5289617468630656
0.6803138912113412
0.7410417648195643
0.8343858302051946
0.744591109977682
0.831423999607345
0.6261802479657901
0.8511613919966181
0.8216644169125211
0.7681695786107844
0.6534082949178739
0.8151273876159013
0.8286270979929438
0.7266807135149671
0.8590016636335213
0.726221372089089
0.6560697416014514
0.6407749007942466
0.6696163038307055
0.6996328291600169
0.8137573124129334
0.7198712342816606
0.8716148741960409
0.6698186433577067
0.7534838832224469
0.7191968419179483
0.7080925430657729
0.6674886760601776
0.7314788103368483
0.7605240164514808
0.8204311925375323
0.7589563568091269
0.6022281512899237
0.5620027426791439
0.37052194939956257
0.5551444520977185
0.7664845727218362
0.6918977143144049
0.731990891428186
0.603951398938112
0.7836209881109913
0.776226125347573
0.5410947581196771
0.897181408000802
0.8397506743718068
0.8780706427082018
0.6192932026247585
0.8324015868481635
0.8869983337857744
0.9168296978315316
0.7648724341790175
0.8370134254347498
0.7186348991077675
0.9082055107105826
0.9067567138201079
0.7513039686006454
0.8856000320793441
0.9242935241515512
0.8005075123881683
0.8277094792082812
0.8440957944138329
0.7236657427147055
0.8594431692671572
0.8509472194426436
0.7402433981108534
0.6829271226534963
0.7097781957647961
0.6566862334412279
0.7819965960059175
0.7527370315717913
0.7874268491843114
0.6542551893158576
0.7116597106582943
0.44720015847429023
0.5533264968920514
0.7817355601881364
0.7320155682214997
0.7705767558785549
0.6102014583098323
0.6276402884240756
0.6961029308690039
0.7244599151067781
0.7415987524997685
0.8167040531919062
0.8729482741997933
0.6841821426067851
0.7580598287055329
0.8195966590041545
0.40561237148311746
0.7886333998079905
0.8914153256170131
0.6287593106821305
0.91723810914133
0.896346112544787
0.8841003554826733
0.940954097040577
0.83977206300656
0.6243609559723294
0.8875281240298889
0.8211690324652242
0.7072498038152178
0.8794944508996235
0.6333420887809212
0.6910697268186891
0.76966762919618
0.8175576899400611
0.6693645185516945
0.8147241475755027
0.7209748151296828
0.7545867085071345
0.8295251569465121
0.8522093616832457
0.7457478249339397
0.8434044182345148
0.8290799049838445
0.8194742893861584
0.787915221953066
0.7857672278195941
0.7590668643675056
0.6608721881276572
0.7720783094265445
0.8217972233848174
0.7852914097277665
0.7034297464880762
0.8342742297799032
0.8526483238421299
0.9104821253927963
0.8841704031793961
0.6769910276804112
0.8644116024925356
0.9344981274687363
0.8473283541770116
0.7013768162162103
0.8951787914959024
0.9108172311658974
0.7610593193636425
0.7214777304549876
0.679007442305345
0.8043559440449684
0.6457607794661532
0.7955859555597132
0.7635012074161367
0.7023184755960281
0.5320293334431847
0.7086533297836144
0.8808542480515912
0.7651670987688545
0.8909213937429808
0.7141703168915471
0.9342245844526254
0.9292718692491567
0.6857249166389637
0.701530496025492
0.6987721231320293
0.8802159749515883
0.8450259718873234
0.7552718357148089
0.8368526690066471
0.810037050338371
0.7429897696874509
0.798141271257064
0.8327662130538601
0.6742152318885988
0.7748213765908322
0.7632681871936617
0.8937773456855677
0.8721773979375333
0.9127624633678657
0.9257515435963807
0.7394823627248299
0.8777705850190742
0.9151812575231879
0.8503646670501684
0.7930354009215168
0.8598589408025696
0.6792407003374731
0.8900346988808707
0.8361740436420773
0.6490493018089885
0.7363416158786781
0.6286534750815611
0.8008969418158736
0.7280618466439676
0.7476233590940069
0.7859917453333765
0.800244776402486
0.7582028722491659
0.756297866959718
0.7386878180547737
0.809353141717272
0.8550759570871843
0.8119627146762249
0.7920858640800752
0.7747061989786264
0.7864215112843906
0.83578599621176
0.7982777936796013
0.623384237982446
0.8878116886775017
0.7669757905112567
0.8836152867585726
0.6506723445680042
0.737639871910858
0.8810858443401638
0.9168428889891607
0.6566183733508077
0.7671622756888393
0.7626380657786329
0.8984192466630977
0.891829809530521
0.8776035413090354
0.7717621281742324
0.7229754658782801
0.7452600775547285
0.5812602415236567
0.602772394283743
0.7731205526156141
0.7968831879053184
0.7942920913797846
0.8296553807692493
0.7893388497601108
0.8971390102858838
0.879225224035411
0.9034447863421557
0.9443010019318465
0.9420892329797326
0.9059649902659086
0.7501326512654307
0.6652044836643692
0.8940512248369404
0.6946777857943247
0.7953704773819436
0.7488758521398532
0.6992850390230504
0.8423007083166385
0.8150031613234522
0.7023580748837592
0.7821457633719449
0.7716853657355996
0.6514504878231944
0.899707398662248
0.7543809211887286
0.7296292346359624
0.6527219802194741
0.9125825268879543
0.9322414985195543
0.7576124861206636
0.8820218130773231
0.5954984380177395
0.7044531427459044
0.7769436229149546
0.42853620391554176
0.756893834735381
0.8249972903176345
0.7299507799300834
0.7751769242479848
0.8359979812895726
0.7775947373876808
0.7583947773627355
0.6701575554398792
0.7200646674261424
0.771128625245811
0.8549280568279181
0.5655073517308432
0.7183334169391622
0.6011603268400826
0.4428561400201636
0.5500455677434324
0.7315068956905145
0.6414159887678613
0.8623477077591006
0.8541768611250142
0.8829072676348372
0.8268917308867512
0.9426166923009716
0.9090472922588982
0.807939270985878
0.8887734133988794
0.8974373702877885
0.7046466078753348
0.6521281869926654
0.8559753718209354
0.8882401925435757
0.7248240714429806
0.8667575451423494
0.8236782782620774
0.6798748272984879
0.8086925298400616
0.8027074912341398
0.8331755378077688
0.7212257284702048
0.7485676043765858
0.7794037345980948
0.7628636474735285
0.7705161806884299
0.6726006452923586
0.741565527082106
0.8133712525507464
0.8046199606071309
0.745027611493598
0.7437407882583784
0.5126139632276137
0.7605272851821574
0.7399059072877011
0.578418221659701
0.8128960126954429
0.7971082886284903
0.923769133819613
0.9106838054640317
0.7129735270510951
0.8349334123670371
0.8253283259563013
0.7600944252160453
0.8858589135300596
0.752402615312802
0.8769265447067456
0.8504729756926322
0.9255012360486771
0.8760188132873994
0.6063678730189817
0.7279924201253154
0.7980911970628308
0.8772533284606299
0.6483020063450864
0.7240214585254252
0.8396969458708398
0.7520257089552854
0.8732033875554017
0.8692992388538633
0.7854640771740431
0.8360296460654782
0.7579312858347141
0.6646563574696063
0.8589267100353969
0.8649187365207698
0.7450370791918779
0.8308098993398112
0.3325239779590447
0.5563591066729073
0.26418872881905064
0.7662223948967258
0.1625085313366191
0.8378200150506955
0.810540060819894
0.6470410920172429
0.8921191001068205
0.8248490724373945
0.6695064693855366
0.7241370403410768
0.635533206788182
0.8740520237259051
0.8822714713017207
0.6957765562942535
0.8013134993525326
0.9192048573708759
0.6457862528583256
0.9202481379514527
0.8268029743600361
0.7101241194397734
0.7150749766514086
0.6862211954363705
0.7054288103505365
0.6767381038104442
0.6999395567974004
0.7891058008532963
0.7613301031881566
0.7725868277505036
0.8278209033261299
0.9455171185331787
0.8420373310271227
0.915141932978263
0.8743638359415037
0.8191315268546316
0.5036074460812836
0.6517677595402437
0.7524557123630441
0.8284184430235828
0.6800844330666339
0.7887683363545901
0.8367100425941778
0.5897844051225841
0.7734925176445624
0.7262260555893999
0.43701662017345944
0.8132771623270376
0.7863710979309935
0.7062967498067131
0.7781122890243688
0.8334037634169098
0.7759721165950263
0.7568718811982145
0.8316265578876433
0.8535843100316898
0.8633106276927207
0.8526626784521503
0.9102166371246737
0.7370544966804914
0.8934676808600079
0.7426526045796226
0.9064917093943486
0.7095443026702274
0.7732843308578573
0.7832012706632113
0.7493869630726558
0.690651200039765
0.7094677600105225
0.7957164537025082
0.7527170625707649
0.7587779399209766
0.6842378364204569
0.7982564402236133
0.9418909153896471
0.8929802483461999
0.8871550898811436
0.8280909148693797
0.9253676854089679
0.7008058220427154
0.7043126394807886
0.7822421167618714
0.8189058945580725
0.7330628929591154
0.6938148317798454
0.8384785573802384
0.8591318208812776
0.7554349515157236
0.8075815650478992
0.8394670638169471
0.7872646444271907
0.803771823115736
0.7808649242438755
0.7566552993901814
0.6940467058228724
0.8768654532725723
0.7751778719857262
0.7296028539682585
0.8186505073581642
0.8445073292347012
0.8242462793898817
0.7937399398544251
0.8113351768451114
0.8725548003305028
0.7839929984619123
0.7291060121361105
0.9162532825354553
0.924947895805513
0.6543998879495585
0.7683266369291282
0.779554251865781
0.7457101215551524
0.7907614877390091
0.7876918600005213
0.8226238538673735
0.7984569848943192
0.6523501255572335
0.9217934868404015
0.8896778363535204
0.8670116178456024
0.8988821307694501
0.8942036070615971
0.9125967106523083
0.90881182193542
0.8285096268702994
0.6492137547902517
0.7277616780940939
0.7795333861312096
0.8791501166782488
0.7593970798708625
0.7202625926237226
0.8101642033836903
0.8646320221172061
0.780115978951339
0.78843059847858
0.7534200682397746
0.7904642640197547
0.7065778644927322
0.6702122260738759
0.6401507852110891
0.8193543883467476
0.7298243871569443
0.6166679786039656
0.8228931304617544
0.8546674476092581
0.8736809626289919
0.9251407704839929
0.9050511575392801
0.9125446941661078
0.8690441071720028
0.9392643317310899
0.7610477079928758
0.8327239011829289
0.7151185512277981
0.913211828409067
0.854690092365597
0.770639493970672
0.7634051534786899
0.8227021476837146
0.85775268177524
0.8810754590790622
0.8522099669353477
0.8240521755820507
0.9125008582294266
0.7673171214025561
0.7351624474915686
0.7564262640464959
0.8749533973936174
0.8881911139732724
0.8462965007940454
0.6246083256765639
0.7729169760375351
0.7192661717849529
0.8440804854194152
0.54666801860597
0.725432079068364
0.7767312775498837
0.8383580445040267
0.856648275734695
0.8211775226867388
0.7586126748867035
0.7884745644686336
0.8668071661502644
0.7975301175582353
0.7076528244736484
0.6100843163222209
0.46563506250361897
0.7868230695081943
0.761185136976012
0.8298028952202517
0.7073770909866322
0.8090911515203554
0.7529655326306053
0.9088658036839693
0.8872513604593381
0.9167880603768842
0.937696683324695
0.9059687643317359
0.8961088422225779
0.8868441071804852
0.8236741735347693
0.5028251704766583
0.9062141786738996
0.9236573021886169
0.9059338683654582
0.7828639109967804
0.9104239793881287
0.7725396496823009
0.7728069328668518
0.8976377096380957
0.6062081786677297
0.7260694731806643
0.511113838509131
0.6409986601260613
0.8694231378315456
0.7435088900541666
0.6660251217989699
0.9375027424866827
0.8767407081449167
0.752258654088553
0.8087244813171166
0.9211614190291061
0.814163938347033
0.9051264934680673
0.6831729525074498
0.8803036929039658
0.9149022999200652
0.879506759411034
0.830116151298773
0.8788198923832198
0.9185111187139567
0.8313838816155967
0.9308926629540081
0.8814290997472317
0.8404574006306421
0.8787718369464662
0.7930210832169037
0.8543847058195115
0.9582287155751311
0.8355076931343232
0.8359501612770434
0.652450050003716
0.6987485342928111
0.7799941079991656
0.6224620754464043
0.8708134553023911
0.7430636765292579
0.675026509698857
0.7456064854019625
0.8316116266002982
0.815203329433717
0.724993162096437
0.7904680444030522
0.8477495148994953
0.7905616389121995
0.7602751928575286
0.654623625950473
0.8313458846187898
0.7798541768733146
0.6739105990183739
0.8424272268485473
0.8410234008800495
0.8749768014950936
0.9140537710073245
0.6736549930875668
0.9013463376038205
0.8748997635616828
0.8473263080776064
0.8564815016731123
0.8596764182853911
0.9276229018738381
0.8258095088245457
0.9049590270733664
0.7315074747303602
0.6784608458033061
0.9355870982264461
0.9186798007542586
0.8972368707340705
0.8286668403821335
0.8279574474962759
0.908399797763273
0.6080566137054698
0.9265958273259612
0.9224774523521496
0.8715545155529439
0.8919161405960452
0.8637530989658257
0.8340548371681392
0.7773396911838318
0.8271251558194618
0.7885336644099129
0.8203750179606963
0.7299507799300834
0.8394652537748705
0.8312298188821389
0.8083647037623223
0.826528460834749
0.8136214812661292
0.8607852057507963
0.8219773655371069
0.7950224337095156
0.6830718841971612
0.8751271674047624
0.7441056778225825
0.7397998113734736
0.8410436737035993
0.874208615840987
0.8458108306798741
0.9235429338867033
0.7795681722879987
0.7321566233419569
0.8664674662509855
0.9076465818262637
0.9288617225774758
0.8810709372655904
0.9159519020873021
0.8769421259712084
0.9277526454767091
0.8962895958446947
0.8642425882299652
0.7056590486509777
0.7711831662150382
0.7706088952552649
0.7733608693207532
0.7923169639078448
0.7219730916497735
0.7698744004605887
0.7161431364821783
0.8745108685515877
0.775876035729597
0.8988714961089572
0.6856890468827911
0.7549497038355412
0.7273804283186093
0.8884417717995268
0.8851094991052235
0.9309683080937918
0.8415325551735835
0.9204851992819411
0.8837018064280744
0.8253019075489361
0.7701726904816926
0.8039486527212206
0.7835740311295518
0.7531633463918488
0.6082860385154786
0.7721632074978012
0.9167072590741742
0.9295158205030216
0.773958956645336
0.6379913216687466
0.8924742025472321
0.8802972697939517
0.9264971063223171
0.5967792398360264
0.7207581989033494
0.8504579109126702
0.7176910339792815
0.8101053070440705
0.7034364185101822
0.6493309466462972
0.5755875784115514
0.6836972155149705
0.7327752943333442
0.8070737617071496
0.8609199198225006
0.8005794139595346
0.5438838476689931
0.8030681347299397
0.8194628396281908
0.7393303187362923
0.678159336748029
0.6188052337486578
0.6854074102531951
0.7863490430344722
0.7371946546260567
0.8459172676937371
0.7008611225928335
0.8625781647854893
0.6481744515514306
0.8809276805954279
0.9233651576277198
0.8891443820070262
0.7353209803794272
0.7756689012454409
0.9001990396610259
0.8168603618114918
0.9133300594797484
0.917036499426312
0.8974817171881436
0.8454829298518537
0.7359814734108778
0.7526897025042223
0.8431243639091487
0.8776839600930806
0.7843443176055502
0.7266823413779732
0.9086796401920227
0.898455365519196
0.9395725390104859
0.7596948797315802
0.8962625862811001
0.8631195310082809
0.848388076079171
0.6135916842938943
0.6263794665620245
0.7802210427184225
0.8361062229637062
0.7351255337022866
0.7438790172185804
0.8466662865914024
0.8656185053253934
0.8001630599108499
0.6805034778883203
0.7362735057765533
0.7374688903644447
0.841878446210639
0.8360265134297843
0.7320057295234834
0.7105230550798406
0.6635304054845078
0.8093434610922757
0.7258234688049144
0.6205107010141098
0.8966518998410479
0.311011001243343
0.8820387747565142
0.5709026253972055
0.923826819548769
0.9150207157141667
0.7249416751171459
0.16956515255503077
0.7139795943265652
0.672976934937197
0.709988880441269
0.713457820262162
0.6787360668788124
0.7740426298390897
0.7897076287777668
0.9015069546284704
0.9294862471069405
0.6297265511182251
0.9332258896808119
0.9108628315707884
0.8296835983160139
0.6166539676213023
0.6494412413924074
0.9263752903450744
0.8864666874501748
0.8776326651674488
0.7724799236498214
0.6824656269616917
0.828392531938949
0.7870254025397737
0.7531003180189879
0.7357118931748328
0.8103834914500598
0.8539524013292009
0.8133604175622082
0.7704485076926063
0.8552421793888815
0.8379248793771246
0.7755351613039815
0.7362934165636779
0.8062809998541117
0.7826370317140925
0.6341790836446362
0.6961312849066491
0.8202610019425575
0.7302585625431058
0.690182592362153
0.9443010019318465
0.8873378961915164
0.9046808014593676
0.896264400669152
0.6213301393339309
0.8397992500133533
0.9062919205853674
0.7005161134157308
0.9120412317184811
0.7479601467869743
0.8647298306588693
0.9017359282563772
0.8650439904086055
0.8509787202046067
0.7872547599659185
0.6988948376855215
0.7372538570039353
0.6691834887996696
0.7282566450911832
0.7367925036076182
0.7933168120385597
0.7617619883899178
0.7901498407257127
0.7350487145878377
0.7834769775952922
0.6667358997448232
0.680816767434097
0.1492898598366649
0.8251394004912559
0.8616814896643838
0.7976298776430287
