0.08625554556964053
0.06928859440762002
0.1030761666370498
0.025640084322170912
0.0832050692334613
0.1373157272133785
0.1968200801789766
0.07036336788577323
0.1013949394206486
0.09050574030606418
0.04142458141222181
0.08222502009566418
0.13655112691432358
0.06958378241470578
0.06335314888973563
0.05850539170103759
0.2072210711854052
0.03370164922612679
0.08062662885900998
0.06207844425272117
0.13177332219750526
0.12293428622856509
0.11541152426437973
0.14049785161105077
0.02406440810081152
0.06612385369037511
0.12066003840644036
0.05523698345692773
0.08859423493643895
0.12459122693814383
0.0785318680205905
0.12750975811165136
0.05614298776878261
0.09844501312374529
0.212210149427457
0.07676518826625722
0.07207994727915024
0.10736925778300498
0.11437087035908787
0.11249673590846651
0.2316484520915135
0.13101682459890335
0.06468070326418983
0.05476605531024923
0.12011647822402484
0.13731389782489287
0.03036815338257318
0.03539600003144122
0.06702611007249688
0.1250576454769427
0.06704381772576364
0.14532910128891083
0.2223911233838448
0.1512817650451767
0.13217768480427894
0.14161973927042606
0.1698327245542145
0.03517055927727582
0.10181952616960956
0.13486007213572043
0.2260015040365296
0.07527981835075291
0.24546357610442576
0.17013752264771864
0.0467909006870677
0.08436314307626688
0.07989968854411687
0.09230095144290457
0.08671553461956254
0.05102688914640524
0.04719675576645559
0.16639468664287688
0.2036621051417812
0.19423016648423005
0.1458172653481703
0.1395961117403085
0.16286555243122838
0.38978695996993395
0.18372904366191328
0.24676121365037165
0.11679408744940911
0.047814548573275883
0.12137749330599178
0.0967345253584682
0.1365224691442348
0.11569612064758607
0.017719481594591843
0.06496313416497693
0.17682221134552883
0.187624086579883
0.24239773322438862
0.03446640060778819
0.02144040262137452
0.195553026355775
0.12975128626057034
0.26258493181129017
0.3153645594494306
0.21626611643508084
0.24715270497878394
0.20126501246492268
0.07761322037672853
0.12926858907558944
0.181598643383996
0.27474850456851113
0.2661633911755176
0.155303761427375
0.30242351495911424
0.1612082769184598
0.29576544235376384
0.16951515004722723
0.10037265745293139
0.18602030580603085
0.2303739088943198
0.08733110427487922
0.10300860291385325
0.05692823998237555
0.04683972187623093
0.14685472923686999
0.15133008904465217
0.13858015844059351
0.16870067450806764
0.18217201580298703
0.11818872865261187
0.24436312034723287
0.2093510480999092
0.2119780516182335
0.20078569059646006
0.2768116303418383
0.18893322734013995
0.3077381909536555
0.3665597526166636
0.42165252725866004
0.3629468012536694
0.2046982146066816
0.21817775961265087
0.07168212949414125
0.058744957247688634
0.10491687961266445
0.22456461521061208
0.26257188360471917
0.29411806935517165
0.29228990530909293
0.35919224248796844
0.24211346947727172
0.21810559763845228
0.2725123436290472
0.16226267147486695
0.27089244137376267
0.26870097508357454
0.23464638085065812
0.38463746538612786
0.10147343631665331
0.07937254854441442
0.3122736230297413
0.14371812572672565
0.05503513301905317
0.12821322629933987
0.23742594819758456
0.22373712995980138
0.29556137209187594
0.17778681633261947
0.2316317882805843
0.35127019542674803
0.27219230265584476
0.3553761906259822
0.3709214113983121
0.4418490004315527
0.4675609230430793
0.3379961285750913
0.45875565516068356
0.4218583085580449
0.4013402409879641
0.3205202244429134
0.16541340160086965
0.17431846029340825
0.3520598574633811
0.11651973357015961
0.1809176504303331
0.09855606223220742
0.24257071184001405
0.06152360605055193
0.14530516158089965
0.27420302710629824
0.24386877801651288
0.31775820039932795
0.366260272775569
0.33611953835958863
0.1888419783179981
0.33433085095816145
0.19755145728267734
0.3994238546751621
0.268133193959418
0.3902473947257567
0.2045422063627723
0.11414462466816389
0.1167601698686564
0.042533355289227665
0.08905317971867013
0.0573933013223817
0.1442266188870132
0.1750647845478479
0.20615069972288297
0.20889435151677063
0.5215314213387917
0.32620480694185816
0.3726293896796976
0.4645911871663126
0.5060456890823669
0.31370806868323653
0.48670969566238287
0.5547785542574482
0.517661648048121
0.5065868498032124
0.36465336468726695
0.39114496258331416
0.434803454493379
0.2745005713128369
0.18381753829040182
0.15531411477044213
0.15355592999566983
0.19798442118973272
0.04361606194662777
0.24323450613326286
0.09946847971099272
0.3978673745021651
0.41745068665256163
0.20249060081883663
0.08082345521995236
0.19362272885362938
0.33733663988548357
0.3060932682613251
0.31565961267788056
0.31083406470403485
0.21071706130409334
0.056097563807963324
0.07110551555822438
0.06191302030245467
0.02069051693992517
0.047948029340457554
0.23922970168792912
0.08525363201292023
0.04635700563359169
0.13241516999030697
0.4154306505213986
0.24516063595678797
0.3498988913444957
0.18340774871049775
0.11120622144844258
0.1910571251873152
0.13836805016476544
0.210066675721566
0.18390898261400085
0.29708069769282874
0.26749308327391214
0.09567175950340044
0.2642568833586924
0.1528319533309939
0.3816779452899328
0.4701582742575703
0.12480246632592512
0.17382597050455353
0.60721232109649
0.46027429334851866
0.6364630038459712
0.35650695970953017
0.12100075155957812
0.02150018215253477
0.1444339582892782
0.1758338670454416
0.3026629622625696
0.12974487400715348
0.2462116917586816
0.300567293729862
0.10383291235163178
0.4199439242720636
0.293505652827806
0.22233339615420383
0.4271855211948277
0.296594173726996
0.21714382932168058
0.0743660348737905
0.028436635506502106
0.038124234262653454
0.05885356473688993
0.0944447666462555
0.2681425733744686
0.22540403679452806
0.2704588891128138
0.4547963743347712
0.41275209357483605
0.2554572796686486
0.3530090154035381
0.10893986961464125
0.49099004078026814
0.2788539765942366
0.22259806139092084
0.11881669483682597
0.1538546062608357
0.17984522169900483
0.048267531679463786
0.22138679594793753
0.12753491191166672
0.21234977134545005
0.35279743536392444
0.3150894250579341
0.3734177028288368
0.14602085757176114
0.2068576829871578
0.1391627719362149
0.1809508043859827
0.1052878545763032
0.17276536020600375
0.236600421448298
0.15602469987465833
0.16949631473005694
0.278697991263513
0.3445481203862926
0.16136219421634798
0.12489722465683553
0.07790802719627228
0.46833676674692964
0.47104606342074673
0.3246104016821578
0.469177651496144
0.33200088599775823
0.13618871720352047
0.5545748782861115
0.6206655376887644
0.394472012670117
0.302810011589519
0.08922249426835423
0.226186144105461
0.12395999500983967
0.13706433905755094
0.284945851205086
0.3644746644275621
0.22070454841097356
0.35096073972533065
0.3026117166507186
0.3995219150679384
0.09770244900840779
0.10797852142132879
0.16762321943145395
0.030874510324052945
0.10438015716753657
0.1996915106332871
0.11663875099486358
0.10084126697192401
0.17328789645665998
0.23961981317229433
0.3455177539318376
0.2610867567273361
0.22582296972091614
0.22413262599216668
0.30907547102646993
0.2338814705130846
0.30964850846078656
0.09022452908141633
0.1762352384908427
0.3459874288510726
0.08192099125362855
0.09460633072336302
0.16506711270419092
0.08069522252963343
0.14700449254519307
0.15396269166584906
0.08184915104799048
0.14021135002639493
0.177404764693291
0.3345152509386694
0.4555115898075297
0.42459127766820065
0.4606769484526575
0.23631000820511505
0.43624157994340157
0.42707685043302507
0.2597919686374334
0.5368752675419479
0.5369373140138106
0.5563695315956183
0.45912338373876793
0.330476178778442
0.30797813240758665
0.35673941643989615
0.5460046521526516
0.23857403077472117
0.1577139422904064
0.22445715664979768
0.28661950831571653
0.4515588574688269
0.31607806714643677
0.25156956574345535
0.3842643174409098
0.42606378078801055
0.4715807309809644
0.33270152265420416
0.5413853918095052
0.48492237756961387
0.37244803434299195
0.043746973523361425
0.27727650680728866
0.2303676277833583
0.05495548930271183
0.14691248327232662
0.07027550489627402
0.25362035418612755
0.4310505499669929
0.25657046476467155
0.40044309203761236
0.37793833845653346
0.3751746260252504
0.43189497128554355
0.1911401924635976
0.19373732061953347
0.1563841316586958
0.23420497391800027
0.4235060623246798
0.17007190755982238
0.29979648214379157
0.0077166110101522046
0.5261922530996657
0.5175761565063197
0.5828991787200009
0.41289601803379644
0.6458044478952908
0.6375041647682711
0.40588541311432924
0.5662805207632797
0.505569128849665
0.263649559905282
0.49529970988722505
0.4200645986764398
0.37442633127583586
0.21146011949600388
0.3521700615545097
0.4317443666502544
0.3087770892182471
0.18341688577480966
0.30294059263081663
0.3549108285291049
0.07303685823960604
0.39488595393522696
0.39305848276629873
0.21544753633095837
0.21146294496278695
0.20820628803255453
0.12579038540243376
0.1310921932039963
0.04956198422370648
0.23967740413285668
0.2365691530703631
0.35242454514411287
0.3482585943962888
0.5163845145146593
0.5506849882587289
0.4203973808715229
0.36875556633123857
0.43603413134398467
0.41564343432464956
0.5603849993893146
0.4420666147882084
0.2818838413810392
0.4104091191284065
0.2178681770962174
0.16499519165180804
0.4109990180061309
0.3123100643162665
0.3240167297319646
0.382282437760123
0.21867980678184853
0.43403055364901794
0.4800987090810996
0.5064072950950305
0.18645306597092226
0.413827478292297
0.5949158405606668
0.417850329933991
0.29572638379696436
0.502918091878892
0.5302064028798272
0.5517473911941037
0.39436290319829637
0.3343565915088043
0.5152727704923015
0.5026217425993201
0.34315486773286374
0.5208680505449195
0.154253075777577
0.22745935465549783
0.45947134519373156
0.26500141255843546
0.25622345620034936
0.27654149857076155
0.21540551880831404
0.5289439963358363
0.23579539493908222
0.5438836654943091
0.47864980408021063
0.38893178441333554
0.5102357069065973
0.2359396715540796
0.3283150544146142
0.18216626870681815
0.07556270143874935
0.02084299289925188
0.06445653228486949
0.28156047393793476
0.13454528112703293
0.35858405438588004
0.346513561853356
0.4582119174427637
0.36322225430372634
0.28033733615080564
0.2748407188321354
0.10929221432514241
0.10858123367848187
0.44538298102884055
0.20975862856945837
0.27978901359584696
0.30304234180633427
0.49219863287452226
0.4617788477756908
0.3610112286522986
0.5224120124715691
0.3590742732444856
0.5074396855674557
0.09754469203450535
0.08511780029055994
0.24623857373760036
0.48706228442083654
0.39320798391316525
0.4476406135819622
0.25345090235161427
0.5065561062840245
0.563332777925584
0.0967441270655674
0.30230299348694445
0.1256150130653503
0.08867389878864915
0.3068104802463696
0.3422511326232876
0.25306301247053303
0.2304385275465476
0.42238945778587544
0.3031369631291528
0.14944982005554772
0.14694691419307462
0.18335658594874146
0.23124772510871744
0.0682525972339851
0.20215227147433268
0.2933748330224282
0.2900323142538366
0.4260591163082699
0.47523259599199513
0.29372416715981364
0.3358859008840031
0.5062333188510041
0.28496965132443025
0.26004427438608657
0.2596365043372301
0.1540055849587962
0.20385183306275803
0.5026780515835985
0.2712193824103938
0.28475367737072493
0.31109336450537645
0.41045326865420007
0.12597223852600567
0.4578658427208119
0.39899694080354126
0.45923136619925287
0.5481672042396369
0.5006329767599922
0.449506847310475
0.41655066018101505
0.2657149599689214
0.1873311968089984
0.3664323398156264
0.2865801440002744
0.21650968433457055
0.26488972557750445
0.43025478302493064
0.26560644450797133
0.21767459664512687
0.5212317799141235
0.3813460522046608
0.3555645357993776
0.07701738972732251
0.5033662701817833
0.3524363481353084
0.46940661570798603
0.1817802712934902
0.6233237519887267
0.29824172943456384
0.4197315013753367
0.36999012519616437
0.5711175745102169
0.3394660239590154
0.4266749215232306
0.31398901348342323
0.39995939816165915
0.3797199980968102
0.24639266978894941
0.3397061976530441
0.44298247461908163
0.3884777118196406
0.34593009478828335
0.468002788609251
0.4046496092310715
0.5757788975157381
0.5300993950962651
0.3574958308928337
0.5067880417395603
0.5612022772605783
0.39009702086457076
0.3671791162622072
0.5400156048927649
0.5290874421708945
0.4408648416262132
0.5557221790197193
0.5673755036301916
0.5457370583045492
0.26312872666744286
0.5551707278232325
0.3627121775443347
0.19417034786799842
0.2055091015096477
0.3601526641719522
0.45603056194017605
0.36363910107470754
0.33771495007384855
0.502526427738685
0.46107702227957104
0.5417267836535223
0.34348979658156653
0.5063856625252758
0.5139522593181334
0.5233587758112092
0.29610372976809574
0.47342460743795456
0.41946460937958113
0.36331486527442586
0.09999228570910398
0.36241351947808487
0.1945105362208718
0.25204340883865034
0.44141688588979094
0.29417210278205125
0.5091316423395648
0.3900783204054965
0.48608733968476003
0.6210306348706636
0.4524020833494411
0.3627702279221964
0.49214341114309446
0.2764576514454232
0.5094163586141854
0.6049184828030179
0.48318139835800183
0.4369572892240726
0.48624672608928904
0.3113086296128305
0.421687401322996
0.4479038898009384
0.4610581921293555
0.23999486316304305
0.5245415067420034
0.5665126419216925
0.5520369716047161
0.6403041427969679
0.5329779182334233
0.4349007323470535
0.5730414037114197
0.6292634962542543
0.20831832314124551
0.6154884660743246
0.5777085910749665
0.3885132626680452
0.6770011972840162
0.43553310094529224
0.45369361559625887
0.5728665963195543
0.45256473171307526
0.5583201325078195
0.5445357684355527
0.33950203881638574
0.6451159743594375
0.36197093782500295
0.6057115158363502
0.3839705788129183
0.5709146536611517
0.6392724781252943
0.3993523465178348
0.6363306416047206
0.6160595643991814
0.5216371871322171
0.1943075785060399
0.19384303752307872
0.4709411884172214
0.28061945995912924
0.3795017432646145
0.5004263651437505
0.5376799175357517
0.3493230420205202
0.32793795620455485
0.6046083303749409
0.5270662525369972
0.4297073540798593
0.4272047232176007
0.3611893028221487
0.4783807906403147
0.27695684296788986
0.4991047821208037
0.43374536773753614
0.22148599674031136
0.31669749299168876
0.47922914491240287
0.48827177204489786
0.41517333398791245
0.6819809067214452
0.4761335349185256
0.46676440494189125
0.39290805729906386
0.34436986542500436
0.6548554844715391
0.5787560886363375
0.4639850335010232
0.4559001124792021
0.30636867233612347
0.3118970067223738
0.22868959515692716
0.3927310440874313
0.48401187117151756
0.45896455851955076
0.28397480301906325
0.5797409342372202
0.6390134077917169
0.3999631204920794
0.5775608106444721
0.4672183782315653
0.3764809698864462
0.5093400482173187
0.4594746920075933
0.5778247852204713
0.49337833999715514
0.3970221890077885
0.5139945480274687
0.3455092340024144
0.29707262825237407
0.2292558880637038
0.10645372425173624
0.08219926696713646
0.4216129636678424
0.49107995620325917
0.46575967753332376
0.325312892042175
0.23951726257370595
0.44558467241544003
0.47835662361007336
0.4865259599347086
0.619270020627355
0.47255489419873004
0.5166688722766272
0.5623222222222216
0.6546418652452947
0.5484569358178055
0.5572011051480448
0.3715672688551221
0.5125702122772318
0.5096635695234368
0.5924973740626281
0.41576757513760404
0.4313419389031761
0.23396132580000017
0.3511093209929434
0.5099208516021108
0.3695913440175119
0.38247880650101534
0.6532821055558853
0.6203377706572474
0.2113516826902832
0.4518612372979191
0.6032659340373323
0.5786069182344755
0.5146733806199085
0.5341857996698522
0.5244542677981913
0.4919860848585253
0.45904002115793036
0.6279682623535671
0.2576843494773851
0.36098634214937064
0.538621641880144
0.4045142339529297
0.44123157791935097
0.24003629059864487
0.4520989376288279
0.34546482861896677
0.5194461282862977
0.4620026064478298
0.6012825553064091
0.474607580118043
0.5525510265935802
0.6785709796091919
0.6792538692538695
0.5671782322434125
0.4755802610131294
0.6526502844328935
0.4944358350859308
0.6328254688212311
0.472463626154969
0.5556405669464707
0.4274820309600692
0.4595018208717427
0.32541094793898717
0.2914649737955723
0.32726697504991925
0.4681937802605381
0.4654021013199651
0.5554954520680053
0.42108451247207845
0.5518759662722935
0.3291624783873436
0.6517171683433675
0.4800886835168334
0.43235149860603206
0.49495617765680344
0.45877523836986916
0.22315894738756462
0.29726244322298095
0.009105354176692497
0.12590214403550642
0.1363383963981212
0.08687511198271855
0.17535837094172746
0.11412305346958941
0.06189356051959855
0.15168942607751168
0.44300052267519874
0.5591993994196008
0.06664320824584198
0.45350676271779655
0.5876689839531197
0.1484453597086093
0.35983429960063723
0.5656953462637857
0.582536700691375
0.15143395122541986
0.5389223461316508
0.34793018334234815
0.3926612376006918
0.26327432797818046
0.46420657145279004
0.413104977882536
0.33855415575148173
0.6473767830570594
0.09850538043431774
0.13505354189984434
0.449064449064449
0.5857077471515107
0.26725385254176076
0.4590660715239109
0.4274220805835948
0.3355067788630143
0.4221576269970032
0.15971195487964482
0.28711651553620166
0.5257867921209293
0.678790483523223
0.39037858902953604
0.6510724451699756
0.33434509111535093
0.4198937794838853
0.38131722455810907
0.2642675957815863
0.22178674147455893
0.14774069215726576
0.08147299874736211
-0.0003227099440221203
-0.00851491160844815
0.12948043333434298
0.22643813526506662
0.35860362544636426
0.43756260543776526
0.3775053059247084
0.5080280346878479
0.39138040687627806
0.5726122209290354
0.4162439959646517
0.3142640765387901
0.2007637843150572
0.23483257916249534
0.30006561170025436
0.16570814837679418
0.19168152356476356
0.30341343283932415
0.1319083606752783
0.34332050065864483
0.3647922569225782
0.3750598249592158
0.4882051016353241
0.5184417774142662
0.6194157955993246
0.26330693562637825
0.149067910789852
0.29923990063726924
0.15955096211758638
0.6634135985695601
0.45549173290262585
0.5396920185078083
0.2579260583649112
0.13498411080253128
0.36253426968843994
0.6677783962244015
0.3043724696356272
0.510171442415829
0.500880180065761
0.4894972967124863
0.34871450108825386
0.1933995543111633
0.26798122613140046
0.5431209693920533
0.42366863905325475
0.42314050658358526
0.5881700112502374
0.4860764647131523
0.48529200323714256
0.4473080985050607
0.370108901248672
0.38513694842765334
0.28060175677630605
0.5404848148993936
0.5807105653474234
0.5462127218299205
0.4690284989072852
0.45995693964199985
0.3149185651559892
0.29978715936474837
0.16332591831780036
0.16692724609430376
0.3125867128355781
0.28794641881270705
0.29196461932471107
0.19536813194335592
0.1224231639898456
0.37049647225049503
0.5163617031187667
0.5641639417688714
0.6652600657277913
0.4981977908975055
0.5818122594696391
0.2870513307914679
0.6485331713566619
0.3734471089803225
0.4531346530443991
0.29705350199709396
0.433804322967773
0.44780554831665265
0.5352732739203228
0.3212690137386012
0.3436824770442934
0.07623351854069883
0.44590215784646253
0.3843776726730941
0.6052532133033265
0.38593766518918643
0.5310212977549078
0.40624742008656867
0.707706552706552
0.5938868162155837
0.6700475913489611
0.5012404640643721
0.6948693031879215
0.6792538692538695
0.6445313350432313
0.5004658940337262
0.3150213733135935
0.3908611744024894
0.4897742634265693
0.3612589931925521
0.36652834369810383
0.36668737962316444
0.10697806268332619
0.18713621425532687
0.5823853447021375
0.6249000989118249
0.3741251822268307
0.43004802954796517
0.3412564663996255
0.4349587637287497
0.5533183528280768
0.5838042738193892
0.49659136790713765
0.48981524181454317
0.31104512915429394
0.14466146289088166
0.14244672943471673
0.08907396036022222
0.20297691965458045
0.07005217336757802
0.19409967876186035
0.30185631887218345
0.4305467200814283
0.5617693102089554
0.5817760701777255
0.5861187732313262
0.5211326564170062
0.4125433773003384
0.34086982217016976
0.1499371777066626
0.6739172925537283
0.3638736502307339
0.4496222812384982
0.4976726937589558
0.3995404374373004
0.31918332661630144
0.3757328409606772
0.2748100092678406
0.2009123993247476
0.6759158800193219
0.6785709796091919
0.36117929759908163
0.5232890661335742
0.6920406058686472
0.6569826075083651
0.549993951239609
0.5302169865824333
0.45439220276707504
0.307372423935326
0.48950630314012983
0.43211960369255736
0.4411358590421158
0.277849545821487
0.5240851176247439
0.6464009164574456
0.44985857257015566
0.489568816620608
0.49809869687005176
0.367240511428852
0.199780316830231
0.17522138427004585
0.07697099871688778
0.04719542514768703
0.016507735888721117
0.14376495422382451
0.21526637680489835
0.3637079889847321
0.40714260228252896
0.5466902111004849
0.6074790320316322
0.5499198184489318
0.5909183951381926
0.6375074242415694
0.5779745841811134
0.4668237037206408
0.6597248941937376
0.643748145114013
0.38852329712775435
0.44125019297724244
0.36364795787464976
0.33797134154664704
0.4572002108113555
0.5140391411843934
0.4685823619763659
0.46344913803988563
0.3923757380012464
0.44800729956855745
0.34949238137447963
0.696480440832694
0.46660603056232086
0.5289459258690029
0.1206808908467161
0.2007849972666128
0.1759419343337124
0.39352462474955446
0.671713031872886
0.7297289668278508
0.5910666400954127
0.46553926284251523
0.6864804922374738
0.5544595874034647
0.6358014852184968
0.5827684044024353
0.13484985902304328
0.26852139263100555
0.37224684388892165
0.2291153634214352
0.5530071122723639
0.1431663893313871
0.5172468871454242
0.5344392556153854
0.643147224048413
0.3922159451636491
0.35741399124729367
0.5411875622071711
0.48212261769324427
0.42815821340583343
0.14033366642469491
0.12564272893055517
0.12372232635327883
0.12222074862780452
0.1268340427912667
0.2901195847994704
0.1792103016545733
0.30489195136688474
0.4553349377603204
0.5156126718032534
0.2921468825166764
0.6379623685657303
0.109305261198398
0.5389072020086924
0.49391191984615257
0.25829754927251075
0.5083309951418147
0.5026552778247939
0.2471281461133008
0.257194681741242
0.3125890456651265
0.39629439658953997
0.5270889814971751
0.5180646814052178
0.6675897939644098
0.2146815443862933
0.374747054747055
0.2716610282291604
0.5947148707230901
0.1000709605780574
0.34983627276383084
0.6257139207133051
0.5963872806136372
0.46626816759689826
0.28942583297501806
0.2611134637252149
0.19019793670804527
0.5787003555359744
0.5832083104237377
0.48756897330327215
0.6000052903440305
0.5633030417405474
0.3309214574195855
0.36248880283680557
0.21994788487510358
0.30046281609787756
0.3115327707403422
0.29780689147601824
0.2745321699992773
0.3119775042864458
0.30307292831014254
0.3178930999315879
0.6345556709637419
0.5842720057529704
0.5962221691154839
0.5650358795345547
0.38123553815063843
0.669675812609374
0.5129715142349349
0.5400750563664385
0.5333226735428079
0.3391340355543751
0.4456944401653786
0.4836983071157004
0.2420755655310443
0.6147107958921327
0.6226519235433063
0.48013419717810235
0.4668475096069477
0.38824749923251195
0.2540627507524897
0.2205603469213068
0.6008296809316724
0.5848084541969603
0.3997062429881869
0.1430938810122111
0.1352495161891639
0.4707781908294628
0.44435959223371163
0.5340012097219752
0.4916336112896589
0.38446319386171657
0.1036800471418263
0.5096802511075276
0.4896663027102068
0.3443783191532874
0.4933983060679899
0.1637935568704799
0.2141091339825222
0.336737671899801
0.6337413574769375
0.6307453206595078
0.6422883784153807
0.7146815443862933
0.6345042111766904
0.5758217528502585
0.6212016375113225
0.5145711244584191
0.5518697349687823
0.6402302634177583
0.610765404579234
0.5309479104411533
0.3957681997704487
0.46042920328244336
0.4644244848010517
0.45563136883814825
0.46353900126117537
0.30166213001334485
0.2308384435259492
0.310810151141701
0.1528578796005419
0.23978127395331672
0.584143539632506
0.47113127809284416
0.4373127054233029
0.5879575360858381
0.6333184548311046
0.1577859477124187
0.22450580382808556
0.43795671111702122
0.646196629180447
0.259459055461298
0.17027786592366655
0.1408442017699633
0.5155269845383047
0.1133343105187563
0.4152848387845628
0.4023336772151271
0.5216766996473234
0.3432962663476337
0.6507773048425181
0.6437207842037554
0.6164168883256818
0.5247615036500337
0.6419794874779232
0.6491601167975672
0.6388337994875204
0.5404111596022891
0.5562203968184221
0.3677008102840883
0.5321307411123951
0.42463294014946507
0.5067638423788309
0.3964496993295548
0.30294864075058225
0.5796873683229232
0.5064332439815847
0.1962010610451365
0.5512856432592401
0.6260911466447736
0.6431433914684657
0.4324492029055701
0.39024817580171606
0.570105478724317
0.5299241618885028
0.6367651405873869
0.5858095950849611
0.5412719625039949
0.50514921525055
0.20855514931301536
0.2752490636686707
0.5712115253249237
0.5441941379393773
0.4734296604163965
0.4670416680464628
0.5393664094678998
0.1853185997808184
0.6547555730129965
0.31172755135707386
0.5529434670262711
0.618804865045637
0.5813844426477641
0.45772839012081223
0.6477428608014252
0.540896276714362
0.5118910213392428
0.6403865648562076
0.6088700105960421
0.5017081678371113
0.4621115073170297
0.39353715751456425
0.42628137614555833
0.5014865132826132
0.6122906686243474
0.5432905241498129
0.2602561455072944
0.5761798185139887
0.2503844660827134
0.42860827225391884
0.5204630068084843
0.4825017724705726
0.4267457402627903
0.5101158557401354
0.5829698206165892
0.6392368651904969
0.6077918529187492
0.47051313292930275
0.24400124981670553
0.4380889709096833
0.5167652753673921
0.5918388868463844
0.41521544365235985
0.6337562335612099
0.28550104748971356
0.6468693875008781
0.1081675164098506
0.5384858065127169
0.43221293590212634
0.652508458757985
0.5409064926688489
0.12772906382320262
0.5062312930732314
0.4120858653348347
0.5643232628433884
0.6252518539733458
0.4543348955209142
0.6440598290598291
0.7028106508875744
0.227260701461656
0.16598070265884335
0.6976149844606574
0.624426817461714
0.4567706663001478
0.4805057955742884
0.6275303643724692
0.5466257112184653
0.5818912995836079
0.5745672375043775
0.6287688200768696
0.47581032859825023
0.45862832837798256
0.255487668328842
0.5113693068305873
0.3655445274423481
0.337182642631687
0.4641439207241682
0.16564572815692213
0.541534885252691
0.6483543855617452
0.4387668823600997
0.2111876927508945
0.6198473136315569
0.4186352858154459
0.5200578243652273
0.5621084083936043
0.48859878257973904
0.3667176215961899
0.49623097508607517
0.5452097826159893
0.5352628607999038
0.12233385595220186
0.5392555193665347
0.055447836062258594
0.4951752270275177
0.17361615618618295
0.05392688525911952
0.4430655172413799
0.34462315836109264
0.5848104317335092
0.5084141651735218
0.6991363034867798
0.3349147705533859
0.6127499168099383
0.6722776946546968
0.4959564051433222
0.5110727948350947
0.6365971403679599
0.5507041974670751
0.6719081732100625
0.668152476171044
0.40193717918822264
0.26411700312308795
0.5388256995282574
0.5078061161639673
0.33732119902462926
0.49159573954245467
0.5231142712579516
0.6390333499984299
0.6559683429202409
0.6793941256529068
0.6382866311041202
0.4345655979611307
0.3732558922637443
0.5401432758290763
0.6137463446078655
0.6028453702818044
0.6628649014488479
0.4358016972401456
0.3938759317799849
0.5995152032893287
0.2656948774863561
0.4443922339003044
0.4332079495556409
0.35049889246988547
0.5267656958865873
0.4848581945536053
0.5211717987275882
0.5165346900582835
0.40800459030459
0.37222592927611353
0.6855416604747983
0.4804231627259378
0.4622290038313697
0.726202359986655
0.4566982608542742
0.5002609666489952
0.7360717807844758
0.6103294728322153
0.670698734894842
0.6474149731289862
0.4748100092678406
0.4839256562180034
0.615207054422162
0.529209798046485
0.3692781764785359
0.12637409811702277
0.437912670392344
0.32067420923665074
0.5424718663260295
0.6540016750440987
0.4739773967534002
0.4151579317430489
0.6284407368206861
0.4759116294010228
0.3213295348418853
0.2942144854768976
0.6294777782589053
0.5696142317804171
0.3998595561528751
0.3184566935543053
0.30783489800431446
0.1373174854333544
0.05598871500622866
0.3058532894390036
0.10228146211933745
0.29960648246975
0.28671439629740847
0.40585915091781394
0.3732954340411634
0.41368748152484275
0.37771653167877534
0.5357762950231676
0.3407536975164983
0.5544387191628771
0.4549459580381068
0.04260519480390846
0.619788706633275
0.22516776313919906
0.18858644540886324
0.24529039404158934
0.04042854846540979
0.12144616374264423
0.07226851924125748
0.24895061728395063
0.7137209405403011
0.5589996138336345
0.5990848147255297
0.5990848147255297
0.6785709796091919
0.6248505727220061
0.7409368836291912
0.5129579700589398
0.4008504354552518
0.45587472907399684
0.4075699752138848
0.4236753162459296
0.37226658925725425
0.4830320309039826
0.3192379659256252
0.5899124517912573
0.647233200898388
0.45449998070312575
0.5963302048299465
0.24711924931339657
0.2453209814346022
0.55911288722628345
0.77936104879986184
0.57646015580238076
0.2883140212285731
0.2470842630738769
0.2836374122062045
0.24083794910936462
0.3555018803552219
0.42752956365854017
0.5234382981398727
0.4108833605773689
0.3940599301236358
0.3376786321939908
0.5531742790067767
0.3753834890760725
0.2964262578020927
0.29410516053258057
0.23105394285488515
0.2843651455915714
0.28397270332310376
0.77936104879986184
0.55723346793482815
0.3448309542561927
0.41022710594040773
0.36807440333762176
0.5982716458148404
0.5202980792855356
