0.3936407544102646
0.6189556413141202
0.15850003901609586
0.5472907458608456
0.22162194028119805
0.39163774294176545
0.5500425077072428
0.4609871858632087
0.3566224857917155
0.3733876129698091
0.34348697621376817
0.29683475542281645
0.23203673839202568
0.16884744078114322
0.22154839547487312
0.3067529266525126
0.3136723603761127
0.36703795595388905
0.12495655063407368
0.32207785442715553
0.29765529918568684
0.26744410808730956
0.5270939020493399
0.2083114884070527
0.28340877648339224
0.4425114072901827
0.1863105287368892
0.2718905019274092
0.462837794991631
0.48005261520179615
0.23588049433210728
0.41948601811007935
0.30918058073472177
0.4050899190379834
0.3007710834111692
0.4697024453312777
0.36789480383225764
0.32065748771044156
0.3932545387725441
0.3556116403018175
0.4306340896770603
0.4481164418868529
0.4720741781187203
0.42987101475017647
0.4490058018529517
0.3519675399092945
0.31804664057379983
0.43151361540444183
0.5680083038496366
0.48053707294212294
0.3808891161267079
0.5654883897722193
0.6606689963005397
0.3403066897424976
0.6678690904273384
0.43817729512136894
0.6071499276181949
0.29635163178604423
0.4938598267896576
0.19763715078961075
0.34829518297839873
0.4854500958255878
0.5199012939502362
0.5909496402401181
0.11808195019536406
0.46886589215378016
0.20332218067469296
0.1543907815798498
0.5359273937036496
0.3775509140099102
0.5934438301486175
0.6240801427238638
0.35887727523824103
0.6064918790473013
0.4057041643113915
0.6095821653345529
0.4831628742807487
0.4743554851391369
0.4854356387496677
0.4394519300392261
0.47140508704029616
0.42343447911866916
0.49554177740824157
0.6233735410842357
0.5773802589951172
0.32402537199736864
0.44092429073368267
0.5296213661072176
0.5148445412682606
0.48998507809951897
0.5107690080833157
0.707430862467412
0.49534944767170475
0.3757278955594942
0.2780710098835292
0.06372378396736655
0.3376737766700678
0.5416105392409247
0.46477101214207345
0.5806476054747649
0.5196022116972572
0.7184430177443065
0.5892706750345224
0.4232237555800129
0.38027022118862186
0.593910669208258
0.46692892019938625
0.7236019318808914
0.3084519313585302
0.5475166356881741
0.34307244786827906
0.10768951887488369
0.6017595587788204
0.536492735046094
0.5938712303168575
0.5631145360615815
0.6697649301597264
0.2776963301900073
0.3091833233352385
0.48686855188759337
0.5593857386176586
0.23883026780633518
0.5386856812224015
0.38901909021902553
0.33822931629342484
0.5844511973172174
0.6606638080919796
0.5939702638935423
0.5927865534228745
0.43259884232887
0.6001687043024989
0.40038728342459273
0.4800134409358201
0.48911645976859136
0.6579233691180582
0.6109721271603826
0.6126228406381455
0.5951903343148968
0.52993888051721
0.5019176275056535
0.5154185645119417
0.11455097521135033
0.15799418050151476
0.6531575087943563
0.25447402422765075
0.6040481816018096
0.4657055636310528
0.6179944846095979
0.3784267447234925
0.3040662378587151
0.6600342498943849
0.47270202547906726
0.3837080708381012
0.22096729615424518
0.7371841658434498
0.6618174656912156
0.5163835262399633
0.6109207654015366
0.37832624694011985
0.4865255244424813
0.5909226539048922
0.46634417066125267
0.41603850821407873
0.6027204222100001
0.42095171931989234
0.7186988588982948
0.6817428229634582
0.5271675982288048
0.6331520917533683
0.3381178399739922
0.5590251527624303
0.5569382127830577
0.5284061790449044
0.5049151905877836
0.6775789333932575
0.5026630369632624
0.40444039097537465
0.5554817770028011
0.701529693468325
0.47786742429620005
0.6838971288429049
0.617734766146961
0.4765866578520548
0.5984222744623934
0.484298418533249
0.6230672209425082
0.23936081376177043
0.6333974189663925
0.4073515964736466
0.5586555580955156
0.43011023097176865
0.7158331091824611
0.4335092667389391
0.4684424691742265
0.43901863737488006
0.6550627476355194
0.4187452616854905
0.6913344638565633
0.6464216182529497
0.5240279045138752
0.4815449815523919
0.13674023903545895
0.6314368978770584
0.6452071824967716
0.6557401868639167
0.6281801790555375
0.5879225870032275
0.4051954391372044
0.6291045531528151
0.4980548177044268
0.3396008511883417
0.6870127214567909
0.5909882482735519
0.5685274794140566
0.591269376141926
0.5204188484361573
0.6463050474018263
0.6649618437846769
0.29991727191581546
0.5645532828141633
0.37513196701857693
0.6929276508965245
0.5644204055971042
0.4217971241929172
0.5595687096086277
0.6424585044561165
0.7258410777266632
0.5820087037541761
0.7298353323887194
0.36060561959566173
0.5704824154684723
0.5794866429097925
0.4935195830836505
0.62059481782138
0.6762527667022424
0.6021695835686913
0.3381791451177916
0.47286173679637444
0.5745535916960306
0.6274152372970562
0.5359208917942709
0.7584420018969658
0.4227817384928283
0.5740212821548967
0.6268767808223178
0.4434105079464576
0.663972496318666
0.5487880879188228
0.7073435679204496
0.5834050596634726
0.6328011532659543
0.4997768821685106
0.5391143399605989
0.6792362621938799
0.7984444627744174
0.7329052648314744
0.6280109628245722
0.6786226336465175
0.47400356495991425
0.4736829770446652
0.44794399788755024
0.3779669258482253
0.4007677214132691
0.6977031429632089
0.7070077884970231
0.38011817546414706
0.6817490528560888
0.16651248389027862
0.6101077118426776
0.3649474963251558
0.7331141805198294
0.7291671951339815
0.5065464594589952
0.6350892028345113
0.4388604891994852
0.5489138200276743
0.3984290884816847
0.5447050038715916
0.3912535370646763
0.6343972020732394
0.719480563202083
0.6922496181194737
0.7207387956845132
0.6460241172813054
0.46657317792212594
0.6197333754738445
0.7307102741691347
0.5901150600044887
0.5140916165341537
0.4935195979679225
0.7356062087770694
0.6091464154007252
0.623570132568434
0.5704398535774473
0.6984921107096281
0.6389039699266942
0.708605456629372
0.5217030582368763
0.6755623961975106
0.6524297733863265
0.30599880045597144
0.6079308817756837
0.6982921470798021
0.37140464830990355
0.5450321853642026
0.47621544936438165
0.5725535332999548
0.5124861054961811
0.6605479958013006
0.6965983508580118
0.6139718726972777
0.5384321478733387
0.6526667739418553
0.6835660718656031
0.7060267699948145
0.6706660188191661
0.5990260082480677
0.6535625388865278
0.7109412461928801
0.6104771053613987
0.5586529484454252
0.6386855443056971
0.6617963799360231
0.7338430353448305
0.6563075732443928
0.5477667215547509
0.5391792876195525
0.6738321241221452
0.6835657011165464
