0.06681948257374844
0.14577165958153093
0.1720293653422736
0.05023790927322062
0.18395504648480648
0.023187097847043474
0.053827791624171256
0.07520910630404798
0.19047776022452248
0.16962853346479576
0.1605090373413246
0.15434214023126583
0.055183463623853124
0.20912327209358203
0.14369779056058143
0.13203458226954717
0.13845561255735692
0.21210156001404434
0.20733824601129555
0.2704698837832909
0.06031211973682038
0.17463552679126057
0.2867753432831189
0.25841662380662667
0.04756435468079768
0.0967270246808975
0.13371411773705907
0.041146845308385006
0.10453018785277743
0.1628590336874257
0.28651413385240976
0.06663898045455728
0.12018687719998102
0.15711735739906796
0.04613544337863631
0.1598786692910312
0.09379751464500628
0.22014153487028099
0.1540162285401944
0.3017101676788452
0.17294365822984173
0.140124367886613
0.2424807424851842
0.15517636097301393
0.4004934857749724
0.03296344075517804
0.1477432647698241
0.12500254119695547
0.12756617031127024
0.08125692544380106
0.1378309173931352
0.12723833516885968
0.17669474757259118
0.14879469400512688
0.37751020188821655
0.3505441931674513
0.21389169317387005
0.3055498034529305
0.25604362963423877
0.33483724907449947
0.11901274861149792
0.27157126603670645
0.3673329333665454
0.2492735597515165
0.125321588082778
0.13832346694798553
0.21602896006034183
0.1757935226071237
0.20684506786023132
0.1394966421824874
0.09591243749768573
0.21052292080709253
0.34538351334498407
0.2632610210311729
0.3292461250442469
0.26008090453080784
0.14887841315747724
0.25962559030888227
0.1892321036403758
0.20820424146993058
0.4778104076590938
0.15593520925323592
0.2347066097618955
0.17211140857865154
0.21521343737279575
0.11180585126382858
0.30393328069033015
0.2555772540568451
0.24412166034427402
0.23032740883960426
0.46340064474851267
0.17556748175090367
0.17404581363523203
0.4083564178234773
0.34967689749108594
0.13019995184380384
0.21339857242204058
0.1444293384508019
0.17503154877770688
0.33192899340459353
0.2921268844308729
0.2917816530479002
0.20012766769691254
0.16543062145534246
0.2183695089838787
0.19955489728212414
0.48180591247145566
0.2878697176224977
0.32570378419365725
0.20752981843330878
0.2934051656991933
0.20398125387335977
0.35566342761168135
0.22467977480428022
0.11407281102771337
0.31883951568153135
-0.0039245929172938504
0.21425486191383578
0.04230901987296273
0.05733835209510687
0.0970772379488327
0.09268372851852769
0.19880606306925386
0.10692409104221172
0.15018024104294614
0.3155140542647854
0.20174717805093065
0.17426212770928073
0.12766852555403616
0.30778791802176464
0.1992968605864233
0.27321532328116604
0.31958129293725274
0.30865649456891814
0.14977757511880377
0.2982497101817355
0.12919712295882635
0.25943292170952353
0.2566643234713921
0.20692055153912697
0.22220387004779185
0.41676257566554736
0.38753204412398823
0.16165067871247374
0.38098274991702685
0.37955189155162716
0.22600635027629248
0.39079478648851884
0.21813118122879047
0.2983903432687532
0.4513994831501887
0.40704163960090384
0.14193726731624057
0.12393945490478435
0.18534904292722787
0.19303368492263076
0.1680830238411531
0.2592803689206383
0.3182700820782016
0.2313228399921283
0.28823046870378993
0.11922826257993105
0.18869336292002079
0.19740989128217934
0.3546810969146177
0.582611275207518
0.3237163256068936
0.19917979359568216
0.27413403994795643
0.20570292294546327
0.1623422288494892
0.2483374433372022
0.2674241440442408
0.3023762617266088
0.07993697409106211
0.21485822789559805
0.223507926339513
0.23316064441671785
0.22214674393999445
0.1971007924848945
0.3283816762188387
0.26330543992804745
0.30273904309966576
0.3782201212235324
0.1496661095007158
0.11941772262436347
0.4860739993615955
0.2963135371145517
0.1868110850401889
0.5249341946300207
0.351476083991106
0.3850076549843963
0.28426435612887624
0.20446087752514835
0.5433252365448732
0.38312648042441994
0.3994615453652747
0.15975263673335546
0.46561205481605705
0.22278522221220662
0.1899900486345625
0.3219008154854186
0.1844489868655403
0.106508958139981
0.23386215094402163
0.3251891382641569
0.2786669581723198
0.23494375143684845
0.3556567889576982
0.24905081278243046
0.27492613462982235
0.36907066193525107
0.2259626018242896
0.34506208001209543
0.25893308177755064
0.26564739237684504
0.2505452175361619
0.20929593326763257
0.22184873542054553
0.2307175881901474
0.2318023605234278
0.13253591006926632
0.33605604138290657
0.30695730967530493
0.5190122625203393
0.280475823920356
0.43090814129532345
0.4433907584254942
0.48344292221258783
0.5439154344844661
0.09477063121683893
0.48389051926572546
0.43715809638721415
0.279924908522641
0.14139203571211256
0.37102606314845377
0.04571184383010298
0.1525614469453059
0.23592885994979745
0.2544450107311987
0.46566846620108004
0.19218161270466427
0.41194575899489366
0.40446174731930784
0.3851876712080942
0.18670207872438302
0.3427856703000918
0.3932557343590378
0.30720049894494683
0.3438497220863088
0.38829977264390547
0.1900318568221078
0.1757621396999806
0.41815457221041014
0.32094655695181595
0.3229258733418183
0.3613188051287601
0.36102372695766083
0.06898585944701256
0.096331597693373
0.19971865485405246
0.22492178202682175
0.0908636607840869
0.26795503249708463
0.45901204844907595
0.23451297449513464
0.20405306639272625
0.3679252349138079
0.3596965361996817
0.18232451079820128
0.38436921112822714
0.43593394977589023
0.5845560972231861
0.4778139519166731
0.35976977606879257
0.41933426060372414
0.22746501202714256
0.24491544074347682
0.3257856366422167
0.1570362856327633
0.4602968692828718
0.24425944387570916
0.25844336113765065
0.3042397871909286
0.38904380633391744
0.41700472159641827
0.401648922325425
0.3972889318097374
0.48213072998272877
0.20111183728785348
0.3456348303732162
0.46995022814368703
0.3311449572330274
0.4981881959850725
0.16918461726514292
0.31304291659755
0.4416863955398112
0.24424133120904096
0.2896994637227133
0.2495719469162685
0.3759445175347585
0.37062139203961003
0.4089441132642376
0.44257304458481067
0.5222344838082009
0.49686544202369787
0.42056747329556754
0.3503224979458578
0.10612382721657593
0.14945027392451707
0.5039847173267735
0.17257081408356062
0.3755682890258322
0.22148607768412581
0.36254430655243025
0.38111830502857885
0.2802819817182437
0.3881873002352294
0.10303926532428775
0.23276891999540605
0.2416651376759109
0.19843117938501587
0.25814360714174034
0.20919887050176658
0.3954076827234683
0.10976424168233927
0.1428642027863908
0.26282492602613605
0.47198288131883154
0.2667381340788275
0.17541708268545236
0.2236051409174934
0.32897316184613884
0.501799318143978
0.3285925171226009
0.221954554197617
0.327861480601455
0.48231990005128766
0.48714145182588453
0.41074535933508877
0.5850007498137281
0.3853557743836948
0.3903175218352316
0.2742814364106745
0.3082075061545206
0.33860622185010664
0.15304264729328312
0.37426476758433636
0.36362617689828824
0.35728289080672126
0.6913881599361013
0.2300293617690852
0.2738326965678359
0.264118686610783
0.5245782129930823
0.43883438661014684
0.33987852936059904
0.29928927832653274
0.46225461708792975
0.41431690936884297
0.2542970435372579
0.4166045446768765
0.5259778003638452
0.38198666268053705
0.3265494172803006
0.2232849867859559
0.3635114542259721
0.38457480476592293
0.3359991295552359
0.3260255552451411
0.33661848444455444
0.5076966609905685
0.4623064690207951
0.2998756436438374
0.4401202754433096
0.4935029017097385
0.5808844184281455
0.5586731618491745
0.6380497196624866
0.3155921389886612
0.1912944981974289
0.43473900597772586
0.4346029266787584
0.37101482822547976
0.30475453371153
0.3390152961249081
0.24710944566994378
0.0689713361244674
0.6113977040143233
0.250838798828206
0.4899063087382137
0.33722517258708096
0.32670482534723516
0.5085927317110854
0.573658368618744
0.41073506718144176
0.5215686664479
0.4556888517443171
0.31059186030054564
0.3307469165257715
0.3902501700148319
0.16096776039887317
0.06696314058761749
0.33132559668427114
0.3893368524232763
0.3718212052417717
0.45117498669552136
0.5451221565350682
0.5165083183932374
0.40924312637523697
0.5945891766195855
0.40934917209075733
0.4376511920662665
0.37498079199064266
0.3917584340556324
0.3326493808806225
0.3933777659150104
0.2400012531014221
0.37618110151251033
0.344406256086171
0.23386812582579825
0.3008369355172928
0.3536112827174339
0.2736905540299507
0.4194680010737342
0.07241533244103296
0.19289833595529207
0.5838440553983427
0.39009870315593287
0.40685390777339625
0.32601611598169894
0.46402659312163763
0.32026919717903957
0.3599069676719456
0.5460459690301035
0.5357493068743486
0.4628431244790034
0.6424442853718298
0.3641461679559005
0.11512782305347971
0.4025268906049743
0.6101171016400767
0.23818622297489445
0.26303703669549405
0.41573729322026515
0.4560794997792368
0.42381888689543673
0.26901455327602203
0.4035272156410247
0.4283890733936764
0.45645593232882903
0.4433766589876169
0.4257065024497448
0.491442635427202
0.28974606610430287
0.5108327002213329
0.5069162216181707
0.46129862845018965
0.5788780306315398
0.5929714559798167
0.5267977608754542
0.5231480787467153
0.37376210399358556
0.17362846222241388
0.4880002719624261
0.4007169092926539
0.6770318371957906
0.48436271289723243
0.41217313744002154
0.27391612630888323
0.3259494527032076
0.4663756009398152
0.43810421056313914
0.23224340263170762
0.43820492810526035
0.48311822640653246
0.14022875200003856
0.2835082783603911
0.4061881884885198
0.4730578170767793
0.44898435402398
0.5009280755848254
0.4627681336491875
0.2543442425265747
0.3137838473171413
0.4262300490253187
0.27130100557192016
0.5031096322755984
0.3850716428152948
0.23704357249981867
0.4077413689438073
0.32212313524174774
0.36781733318623466
0.6661501495600374
0.5994830653360562
0.4617518647748328
0.4041036951751637
0.6464938114862409
0.38623027927407244
0.34510582007916646
0.4734564953162687
0.4877916041835528
0.473533813148167
0.44837190792385856
0.4581880701306806
0.45863476521860186
0.47352854132453887
0.44882843584020565
0.5859311006283922
0.5819760226109474
0.595800285501709
0.5536096569566373
0.30383885675679595
0.6088051478738002
0.6950644212077435
0.2890983480271121
0.6108231846690386
0.4788797775625426
0.555111054089564
0.42271708786143575
0.37208283121191693
0.5044427702160048
0.3327783103852059
0.17518228496950855
0.3919050553440593
0.2593968761454739
0.48095639501987725
0.6245730295718895
0.2391083010998308
0.34440856117276836
0.3893358926414511
0.4355437941000214
0.406954044232967
0.4143859714373376
0.4629176254948753
0.452037736350554
0.06054373480236126
0.3986281300155328
0.46735382770703693
0.2633846893230502
0.6475526347312583
0.2165166056506708
0.5983120036348345
0.36610505536120413
0.17167996949785772
0.285168281693442
0.19931431548529338
0.33354669503370504
0.5009846776466093
0.30691239454796027
0.6403050930199354
0.5177079258937884
0.6053348548727654
0.5445302198039275
0.5359350426214954
0.4789649639494975
0.578911794630805
0.6208769501621396
0.34294709962085806
0.16644464901198355
0.4999647626754468
0.4609665477468119
0.3022438091846855
0.297409797442107
0.7097355566267874
0.28204221048403527
0.42878916097332814
0.6183309307275326
0.6727592217326417
0.5316508529939737
0.37841409328519005
0.5951619403794244
0.33433947068890235
0.5383905477895738
0.4734004250088912
0.08316909783667914
0.5380851632351596
0.5272501943719302
0.29813896145929
0.6365703365037887
0.5675794585279147
0.5748133055887249
0.41756516772928315
0.39322874243707856
0.26552534012715456
0.41321092022705713
0.48718217271884456
0.4660345502630735
0.5043922337842962
0.3084384295673706
0.14495989738371484
0.21504265731114294
0.4909136761121141
0.48228712045035665
0.12374863819483513
0.4890922437385685
0.21194830185834465
0.564286624168532
0.60747246857421
0.647242285162539
0.5445072434881911
0.45865752507794405
0.5176332323878311
0.5643890917092076
0.3656778021459741
0.567502345980531
0.308733561425676
0.4353791593212781
0.2628604409251136
0.3760957022092645
0.6207516972025914
0.5402703252318802
0.43949416743905645
0.5505485166676298
0.5230149600722163
0.5676720420805094
0.633149229725101
0.6197212114051194
0.5386553041458597
0.5354147769417081
0.5598105719895023
0.6970681911181602
0.6594460847099494
0.4638108617551652
0.351499307815386
0.43913957188293395
0.4276561600003765
0.563627059560917
0.4112280754917623
0.5058144101750224
0.49342622159329996
0.3409296297341078
0.6397672564122986
0.49750205548802284
0.25662263118464723
0.44702574454708505
0.4745976273890149
0.4730807258292129
0.5465187542034452
0.4249399399658849
0.6465707505463548
0.6131963825215976
0.5247109438942706
0.20791379770238702
0.22721730317371958
0.04657544978973302
0.027636079737212712
0.3567466948000079
0.5036325255242585
0.5017003127365401
0.45600338584750694
0.5371209492333903
0.2823555849995199
0.4394283818389401
0.45663637704072313
0.36315152160178604
0.6648379326177124
0.440290245210421
0.5377396160996577
0.6062342220754159
0.1442370958971644
0.5451910563494115
0.400984586602958
0.44109354409296614
0.418960562465877
0.4480909305135065
0.5969007701863565
0.4460982330748722
0.5772661091449269
0.6138175192122276
0.5889415276855987
0.5537139861771436
0.5569247029317275
0.5954460750585174
0.5833234674403006
0.641395216367247
0.29801902818161996
0.3803430621217762
0.4340383273502122
0.6454156556174817
0.46311826757550373
0.5511219964378982
0.5329844259113847
0.33482320568668017
0.5341809789514228
0.5020896786594997
0.6860347469556881
0.5624707277781453
0.3580482875297173
0.5509762506291842
0.4342942771989135
0.5883832880555119
0.700231658552231
0.43404045576867595
0.42170534724380637
0.3957460695708698
0.5450000156427325
0.6622418448228196
0.5200788948058397
0.5202171847784173
0.18076849807905598
0.5763561061374256
0.5971937928299933
0.35947283279364434
0.5755699644688732
0.5241965080523235
0.5831988301510667
0.609894965787583
0.5232691023414495
0.5148568786217456
0.4097493458189054
0.15482878226767594
0.24519108175708976
0.29165822266111374
0.28526676513948485
0.1951393352793837
0.1598821397320993
0.012630797514119729
0.20340050244430938
0.34724267784792945
0.20863849473273813
0.16697077933005885
0.10328294082465471
0.05360033512010356
0.4524127236259669
0.44620415558861964
0.3176162726305296
0.24104427563688893
0.18308147887612672
0.2700648731869718
0.24796251387849255
0.28797994186805626
0.33180326597329307
0.5438212606828978
0.5022157294778515
0.36360614788910345
0.48854137243239054
0.21746696693160786
0.5056859467536577
0.47946331325447367
0.5430311097039351
0.5787836973492293
0.36712134169554644
0.49966714578040067
0.5537058315344087
0.6200490500198355
0.5168306200131624
0.5900940709225129
0.3176687793886549
0.4824504052694265
0.17040697802897553
0.31545471180833057
0.3716305871145995
0.30366159757507377
0.36138716514681407
0.25887445000988546
0.15230333853400585
0.2418465304709761
0.3978737276499242
0.4926740000392029
0.3353344096979527
0.10430301679827911
0.1642087008358829
0.27846994426266586
0.2209550008913002
0.22673162228505753
0.2183838968657051
0.20848323143695524
0.1770671057776613
0.34084226503195675
0.19185201465993856
0.26492005874031527
0.22294568198294698
0.4362409589603532
0.25177193755529415
0.4066470767771513
0.7118310669923271
0.48419253806743784
0.5164758037135625
0.45076897259800014
0.04025644105748356
0.5682993397059333
0.527377789092214
0.5546479302717444
0.4031405002348782
0.479881316824615
0.5983188203447776
0.4811260709741683
0.4383735736955769
0.45912312196612715
0.6252290586302984
0.5797564348372726
0.5198294519969024
0.33697756880775886
0.40963738611834033
0.20731892301403818
0.392266437330282
0.479448083349671
0.34712390618869354
0.39846869887460734
0.35090356817118407
0.3836234705606744
0.2775531395701135
0.3753716131216598
0.3714141775066247
0.3842106052507268
0.5122293728827072
0.3478050635569743
0.5185344990931651
0.28599415756802743
0.2503877626201216
0.48951232134289346
0.46330824441452234
0.3726725052256721
0.5008650105622042
0.4693779827084579
0.44965063168424885
0.4491007445406576
0.6967043382114685
0.43227555062934975
0.4765401576411729
0.41760479007333806
0.4501551249182711
0.4291078293436603
0.4376166087115493
0.6331841781056364
0.5666589894427809
0.39418356609061583
0.4642504202518072
0.4031654735495629
0.41769580476084484
0.2816151110706017
0.35356100451334144
0.3992081218316957
0.43273496362376673
0.39120445348616734
0.3767231052583185
0.3022444332458645
0.4115671778829455
0.41641478177829877
0.5772853585253113
0.5212295231830414
0.3264071457789159
0.34338860405926236
0.18302531624626464
0.6013382720081387
0.39158185421150526
0.6732182385227858
0.6483543985392825
0.5216022945581245
0.3667870554181738
0.2986441956473793
0.4129997701444609
0.5037365120234649
0.35340532190007223
0.5373989190113985
0.33783996450357295
0.679921099794695
0.591176124945915
0.5903969329569452
0.3469239539388404
0.5384903188504216
0.3952196731688629
0.3747380633887665
0.3701163938895187
0.3943298162663219
0.46253321149821813
0.5663398434287157
0.6894754700366118
0.048426222484647646
0.5919279595610485
0.3123887740852465
0.4562750255531913
0.4625496539532189
0.5297518133376121
0.4682096859148103
0.25702261037854435
0.4686951425712779
0.3481713180085887
0.5086319219849093
0.45730699966326055
0.3304518233852414
0.4659913787762096
0.4243677876720369
0.4127114448345349
0.6519558920471418
0.2289305607459581
0.35991760349534063
0.5773179845273824
0.6745447180384682
0.3716791528216355
0.38460212960672213
0.46180065457399555
0.513724086184791
0.5194369368023964
0.38451095928714835
0.4503876839246333
0.4874070946003545
0.4691523366968037
0.5622384296468467
0.5386682912342748
0.49712142623616074
0.6697568348479861
0.3196319207711301
0.5810226747477876
0.37294829375711386
0.5749722448657004
0.555020969384971
0.7416718138807014
0.2554750957387502
0.5808858741543446
0.34882001240091676
0.35039346251149966
0.5199043467528333
0.3819546637822884
0.40305147352454845
0.5019189958900905
0.6020236105610144
0.11676364264833423
0.5552219550952523
0.5015893501069225
0.5394856414009136
0.439046841554418
0.424229177244914
0.4537364531502366
0.5209647734671351
0.5542821475313765
0.36270319879911256
0.5219625014600358
0.47059869000454624
0.44682257937896963
0.6507394866498797
0.5696840939265582
0.5353717094162536
0.7170001984307949
0.23023916088096802
0.20839735474614726
0.36990732467031684
0.4113347505120467
0.4697225342696663
0.3463942997326644
0.48748736233299494
0.4179069739857401
0.4177419131921891
0.3497812551282105
0.5503659414613342
0.5257938266495842
0.6908190876679552
0.5776770312003082
0.692077248735945
0.5892240580636411
0.4713653527094344
0.566819894537441
0.6627184920550974
0.7227880435943956
0.6838323394965723
0.669083943556696
0.4987772270514639
0.5819036501200531
0.5257195174339959
0.527202370697772
0.4752463940001739
0.41792788025241917
0.4330442323683778
0.4106669639184251
0.4085729891073415
0.48587088178223803
0.4667038403352424
0.46128394673797396
0.5924351552011101
0.6297647680200908
0.5227945213592142
0.3918259397735695
0.5628146463866411
0.5476935874417539
0.6429331901304479
0.27523661055506227
0.2646855879349816
0.2384600555202793
0.43216969436550356
0.3812145759280734
0.5318150228414971
0.5286084057712472
0.49396757652783385
0.5766513607924236
0.6326396949073382
0.6450773932654411
0.6136285199824815
0.548471676697287
0.502766582005491
0.6456202864171212
0.4640683898565184
0.26946327164166295
0.19987100091914806
0.3107397802882437
0.12087630616449785
0.21199810619875728
0.34117638946155426
0.29937471091652995
0.3397222466371469
0.5632205605252345
0.5452378525798542
0.41310503305735474
0.3081712008562432
0.3528821476538539
0.5761760748911152
0.3733852410927004
0.657883331987317
0.4787652004222477
0.39781918273557687
0.4699553134371893
0.5848347599997336
0.6005344912939375
0.504436623500949
0.4040208948568887
0.610107808427519
0.5830069298192787
0.5063350910559915
0.41770464597634854
0.5091462174513118
0.6373416630808589
0.6310265512878129
0.5640086491938024
0.5243670447801351
0.6156562237493596
0.4742516835965836
0.2756286632029248
0.4667642513433992
0.5195030782085314
0.6120489451551433
0.4094198661211456
0.4747927222455269
0.5289397821336268
0.4257244786220805
0.4134410053997194
0.6124434813397455
0.5530549371014516
0.5353840596047685
0.5613746335230114
0.3209398149940646
0.5284248474264622
0.3774852786379831
0.32101857213085855
0.3945164429137706
0.4193277289454598
0.3770764974906461
0.5997701202266263
0.3670236593555595
0.45758739092156014
0.03568014659976271
0.34895386646946674
0.5174309264185398
0.40606561261332935
0.5643731761082657
0.6893992678740264
0.550459036003193
0.6764097271091535
0.6174621880144189
0.5912181614049575
0.05283499904006178
0.5461014091491252
0.47532969246983603
0.5592265693278325
0.48387813347429104
0.44128165269322905
0.3865261588944332
0.5694838289253618
0.34445917467826725
0.4549795209723086
0.4675242149375277
0.18146297066785458
0.1928935555486824
0.08235970655226645
0.11811689650095702
0.4132789162926381
0.5204910994932784
0.568212911086317
0.4412276347999741
0.6751412673854105
0.3256390167404071
0.42191274988223976
0.26675106122316367
0.632203140083252
0.4291707011231614
0.48500500249771716
0.26424799477862704
0.466224882721122
0.6127550982852535
0.6345883775042932
0.6482974021418877
0.5670962494286441
0.6611532362071757
0.523750276999857
0.6285254124303017
0.5233713808577065
0.5162703570842957
0.4869396644936214
0.6404452868187808
0.4166561348062199
0.5108138030122329
0.5283272951035201
0.45317466523268307
0.4767396396266509
0.5569686860723471
0.47196259350926634
0.5561538292017703
0.5077871250991334
0.5109625184240248
0.43498946399673805
0.5761259961460194
0.6144532481132612
0.5184666169510055
0.49960832766514457
0.5314477787407105
0.49169208814763116
0.5822376067363737
0.3674389827781232
0.49648413381014334
0.3558106619929697
0.5209346035559193
0.5928708383267081
0.5089524226094997
0.3730119127517856
0.6252945113349386
0.48581051574402734
0.5637513410150669
0.6811218832186995
0.5918342716325007
0.4158911643140793
0.4750272028781001
0.6187636108420035
0.47917438127477757
0.6275605969288092
0.2354077829104061
0.615608632652028
0.4841743787509161
0.6819615706841691
0.12201894775142844
0.6539487222493549
0.5592639912835831
0.5655754040078934
0.506732749364299
0.4252483975446214
0.5093068954646482
0.49572807126561125
0.36017588176186455
0.4858336127459026
0.5597646510507439
0.6178812315006493
0.5757345571467822
0.4822583025876398
0.5149040716056364
0.6655958887873097
0.32400867349675144
0.5811173164179764
0.4864655394018712
0.6406559009925611
0.6633220169923354
0.41449689477925666
0.19578306242708166
0.47261321789759114
0.29202722389228586
0.44196229736928655
0.6713747314328087
0.37262952882459677
0.5144519134280828
0.45497677892305505
0.38844124294139826
0.4924994548512388
0.6134974034177088
0.6684945115737162
0.5893670929120292
0.40645497695452937
0.2847227318720368
0.6646873603429678
0.5736385149483632
0.6061967305314859
0.5678305170723557
0.7036575042364732
0.5239803318147747
0.43982822553953277
0.38415163982087547
0.6095510527906981
0.5276731286792675
0.4584285331691705
0.48046846034580215
0.45176074756163925
0.4898856307191312
0.6030105760944073
0.22217766970229197
0.35830428792119356
0.4054191878519382
0.6576499376665191
0.22264253049790284
0.36323426931502056
0.45995169835896726
0.4143003958772493
0.6671948844938
0.6438089306320083
0.6286855944564986
0.5918644199318946
0.6300024296238209
0.5752765931410027
0.5843481506466561
0.5494367700139702
0.65102394029189
0.5385041290010236
0.6477370724639635
0.49902017557031736
0.48473941101561097
0.6078154116228035
0.6018622398688711
0.5623788556815985
0.4784751249424046
0.623447873666598
0.5503321885595984
0.6823077942981725
0.608282842608871
0.5571902327054545
0.5959442381564009
0.38984719280163516
0.6107157570587741
0.6057484336764228
0.50430645036874
0.5478884100995892
0.5423839180018404
0.4730753453092892
0.5861668926279875
0.6204416764125745
0.6112847303768864
0.5980027752454811
0.5647094848595607
0.679128214189455
0.5930204165281492
0.5429185922710115
0.5122587297225724
0.49681928426447713
0.6177958323703574
0.6227811987935771
0.6640295335423757
0.5855746196089552
0.590678763246247
0.5025718182789702
0.5557576688752207
0.5549233724271168
0.6432994509449611
0.6868008018506143
0.6208963998947611
0.6221496352227384
0.5473269860514802
0.5744228174437626
0.650896281391239
0.48181508236790427
0.5438240784568911
0.622847729597567
0.6327941089231887
0.6963385053768403
0.6639306517820722
0.5389199361427788
0.4649369748623068
0.5953009063401994
0.47561881891580376
0.5618904812683323
0.4163323485436311
0.692229525305322
0.6750816596448322
0.6392267753922622
0.5623828721240846
0.4042163577222893
0.2786974950804105
0.615280475448309
0.5382924605710876
0.4946928431856512
0.644270608943482
0.566070551612481
0.6635056833905223
0.6555396443544236
0.11838794409835195
0.6119725960629886
0.529542704152862
0.4337992962783852
0.5498510126359278
0.6863262820470888
0.5767970003612994
0.6605043388148101
0.25345020677874436
0.5538317971781503
0.3780234291084737
0.6397312973789746
0.539324353166847
0.6096772851506792
0.6877033048683454
0.5632018097661029
0.621075762135763
0.5075448963561786
0.495827502114243
0.4735426029214014
0.5322581988207946
0.6756053374701729
0.6648470855251155
0.6547027448837235
0.5756225095827356
0.4664269370355055
0.5738799459351209
0.6690569451085331
0.6612890740315654
0.6097141502899767
0.4332420716488523
0.48714471121934866
0.5286818057777569
0.26861563980982295
0.346667440301719
0.14845830203622085
0.43885097548911367
0.49330428521042885
0.5519210600387624
0.3826997054204362
0.26032194204306813
0.47116637917109827
0.47400283954039957
0.6589775322097857
0.5272249746847563
0.6435796049688886
0.5189012156296713
0.4427150836475276
0.45476517540823913
0.5161706336983476
0.5071679242895605
0.21645293403226526
0.2887307002487766
0.36352821790545753
0.418846403156675
0.6499229575830568
0.690910978246644
0.538706624663316
0.5865816983074804
0.5841415343655076
0.2041383964882309
0.5782837146268847
0.4939063431277379
0.384848968003371
0.5640423901482625
0.5085425026260415
0.4863355470865631
0.5831001051433485
0.5377119509195835
0.5540527636927767
0.3113092348287861
0.5886593126296477
0.10652691916409104
0.3517936645637989
0.23062185060177154
0.42710654983113044
0.47613585139714315
0.6150443526731812
0.4702362558704242
0.4897996612763427
0.5480053797242427
0.6545853072210783
0.6324090579061276
0.5722247676720628
0.6035818578218938
0.2359494023353646
0.6563010875451498
0.6333232687670022
0.6787239101919986
0.5590981218956689
0.45758646976177525
0.6002240235227966
0.64074284030996
0.2537896796207461
0.4181098865374115
0.5164004170548158
0.6167146327106846
0.6496705911375485
0.5011791687118109
0.6961928351385602
0.33410787866883995
0.3897262653404028
0.45959892340743147
0.5369079491624766
0.5024607302025218
0.4637999851139963
0.5316771144495195
0.4162818855736965
0.529502904117927
0.2093658111699518
0.2123051373665453
0.5965436892008743
0.5571654553219763
0.5261158657335941
0.5727145438275323
0.42645646019419625
0.4371083437096822
0.39614565271787006
0.07805167978111423
0.34021998865638087
0.4301215105270761
0.46859997107460466
0.4317423682130995
0.6419749299520743
0.5957293832234555
0.5442566132312683
0.37304449452379246
0.5181493801332174
0.5372662178558741
0.6431361375301425
0.6450615331882531
0.47706448946305813
0.4639316518963031
0.6056067131680559
0.6329598894331728
0.6144601607263644
0.45920024199973364
0.5510925321231602
0.5196358072167455
0.4283950247830607
0.6201920780940989
0.6306985297349088
0.5270968238127343
0.5474062841609562
0.5608505529360941
0.5532469411867736
0.6597150143720657
0.3997760916457424
0.5134224313872184
0.58197156388005
0.3940074393091591
0.3153305201046815
0.5072844388413077
0.20081777177349597
0.3731081455729241
0.27831816985064617
0.4413439518596283
0.3439833931389103
0.4604272671020522
0.620775197755387
0.66015543851977827
0.5203645965715343
0.6181694415949258
0.6066710525395509
0.355715958898976
0.4881680744804735
0.5613583155342732
0.5426620601777798
0.5119627142380324
0.5662058606675473
0.4344893019855408
0.5712322976224636
0.6233599874807223
0.6117501303848605
0.61466521679357116
0.544499049270116
0.5345688394076319
0.6125738349449119
0.6095559882441001
0.5372528595766347
0.501978573611284
0.48593212764571037
0.5803324678938085
0.48622603109552853
0.5904665442060633
0.6055540629441211
0.550577341617882
0.6184748203042615
0.42202451054556916
0.5026787238918199
0.6303836804226837
0.5013093655979535
0.6057646094430711
0.4392688138297353
0.44650093507925703
0.5197043529654072
0.6683335553271958
0.5944962701422081
0.5227657040629192
0.6297436295901091
0.6183683094702008
0.5055321911817883
0.697257237162037
0.544990728613051
0.5382647097195951
0.5464510262963944
0.6328480509735447
0.15025324811200494
0.19187780975587146
0.5275871990241991
0.5071371077326184
0.5914887089036486
0.5885184323287963
0.6167740132341115
0.5742352379878171
0.5226034498031091
0.75634540992863215
0.5512385038652363
0.5320355179888377
0.7607471875781826
0.4114342427349628
0.4778635856943116
0.5227925707065251
