0.8106632780465138
0.8422191819933316
0.7832166091407124
0.7875074188853854
0.7673117440963321
0.780327806786
0.812331554587085
0.7910195993697456
0.8119853957211711
0.8065690771230203
0.8684128170033716
0.8830882564134838
0.8501880898340519
0.8229827187586752
0.800843241066518
0.8487980519350675
0.7452265370692097
0.7302553438013721
0.7971654987910617
0.7329573431179115
0.8018251073474991
0.8365781171555656
0.749101005027524
0.8788087626289693
0.8454081187701961
0.82922736008483
0.7477024387419258
0.7231753634533183
0.7767662029813692
0.7860050371015087
0.7233369505267712
0.6775980771532472
0.7742732221804053
0.7352601927324691
0.7377322463642842
0.6502059333092935
0.5624353147914032
0.7653621060516048
0.6466211094811082
0.8085709056460563
0.8198056224969126
0.77518436740948
0.7955228244347206
0.8284372089174028
0.7788972987118702
0.7997864257849042
0.7566931162479587
0.7612837177275646
0.6891195411813549
0.7303959400938173
0.8281041158021213
0.7888504687014648
0.8109800145462444
0.8793746643347337
0.8180742651308825
0.7328657240651916
0.8498529230086848
0.717212693909547
0.7678481597250826
0.7437150107957501
0.7361580104398279
0.7866583266286846
0.8377491874670123
0.7933882447062511
0.7045738736734093
0.7639396539939013
0.6154781455507843
0.6341467879937583
0.5141719210096758
0.5780757110184083
0.5064281790342222
0.7497840575791075
0.5999466963829078
0.6067612689624617
0.7569732947856651
0.6797394496513195
0.8108027797267902
0.7707877979151363
0.6836124492376241
0.8035803878699503
0.8575138234344598
0.8324522847767318
0.8315405253837446
0.8290369162528077
0.7771479186832876
0.7654325319922539
0.7891581076334646
0.7506238937970383
0.7477110451884159
0.769123250547615
0.8149731707597724
0.8072741692642205
0.7715043243526836
0.8506343783445813
0.8882747349967182
0.8211075286254393
0.7802716656839686
0.79196942562205
0.7519142272473865
0.7064527396202707
0.7861614394698117
0.7503844994752317
0.8065749616109712
0.8251484500495109
0.7206581405281024
0.7178196047933132
0.8014683031093847
0.7299976043290579
0.672435059644851
0.6802476370893697
0.5576721762574728
0.5024802391625296
0.7271779381917293
0.6174348665416236
0.7289526031385563
0.5625850401783754
0.6600267710949242
0.6916205194089801
0.7151965359177526
0.8080909731258588
0.7109042683548197
0.7783295440058811
0.8310426047030937
0.7653655425090244
0.7522893835863803
0.7559360830937868
0.7056698246960371
0.6999218583765418
0.7399620731150016
0.7886192505357584
0.8633554683387853
0.874873157435378
0.7363211176843163
0.7522720723949119
0.7573684602487444
0.6865508749519662
0.8061488457421617
0.7505143702179214
0.7878718250671721
0.8154188957820518
0.7970813427462297
0.7814309248092387
0.8220321019647912
0.8064976084407881
0.7017690018713344
0.6472574153788452
0.6089562632439034
0.5165218035950949
0.7423969833083105
0.7351526028849036
0.5805887145747746
0.6502043342487634
0.576862409975168
0.7186262165498823
0.6562616743634314
0.7927693184285558
0.7787803612049358
0.7894737388894355
0.721296021424162
0.8266398340661394
0.8000455618440117
0.7850562129490413
0.750234580359956
0.8007732373135908
0.766260237566307
0.7737510165438307
0.7555615062469642
0.7798953336350634
0.8629452335440129
0.8576589498179551
0.7943047344952423
0.812453804916263
0.8487596603238485
0.7784786941532967
0.6693714107486816
0.775787538752777
0.797981132218101
0.7299857306379991
0.6911052867793479
0.8338669942843339
0.7914347550601158
0.8712481327113158
0.8316887615043896
0.807151759512936
0.7648113999041165
0.752463851437156
0.7632381206087798
0.7730486754215733
0.8185204983551977
0.8039260847046098
0.8367549593915199
0.7601787857194487
0.7537313398170966
0.809500981988339
0.7842202331075774
0.7299915224889826
0.6591443918955149
0.400462870323706
0.5131986085794569
0.6103982218785522
0.7894472155372381
0.5880671563876938
0.5954540645346664
0.7144538409127734
0.7042147443875837
0.8222074420467829
0.7405057344775189
0.6775081454299613
0.841971848899574
0.8264882536696138
0.8438495405224298
0.8598873069105777
0.8816342552909588
0.799208143239517
0.7498405680410487
0.7528438435325316
0.7214753774515799
0.7062378735716384
0.7452870802605842
0.749928030146648
0.7842030826247209
0.8323399797237507
0.7544598842005353
0.6807369580135262
0.8289362759192231
0.6537931371885882
0.6140997726966223
0.5186771546310154
0.4092571024598216
0.7534492067052324
0.6067496549576397
0.6571653995766437
0.7612079301292344
0.6987237558622503
0.7400686517665855
0.7675997832607403
0.742963681606183
0.7817552443960056
0.8298448269617054
0.8614708572043484
0.8061225639294938
0.8400691091032667
0.7631848347375099
0.7853155339233353
0.8045466418076914
0.7858772972666643
0.8373122372396274
0.7812773234486801
0.709566105019415
0.7336790712176399
0.7688605082625015
0.7528682375207532
0.7506243899788005
0.7662886198693051
0.8329391113229886
0.8616560471250785
0.7045310550438711
0.7834121281242603
0.7220010001399055
0.705733696949823
0.7714223555742601
0.5802639414549922
0.7095318981242531
0.7847987574720015
0.8335885443187379
0.7817092727928023
0.7218088461270946
0.826989094162418
0.8067632957589086
0.671428898717962
0.656087756785058
0.5633585635693542
0.7693498534557979
0.5279649970559658
0.7635113872149786
0.7311599911535409
0.7280270639479473
0.8025401856499585
0.7218080651192912
0.707409933981742
0.7210440562104834
0.7288969760759558
0.7698463543024748
0.8179197278033087
0.8008213209763174
0.723187901949557
0.7430069391462006
0.8012434409641083
0.7657634839388056
0.8216725109734727
0.7472887936231929
0.7925236688118455
0.8685318505274846
0.7973599054857301
0.7514458733589957
0.7644122373229455
0.7645477449188058
0.7634159261537722
0.7403443127187412
0.7431637289882496
0.8218858897015971
0.8506255848649767
0.6772483754443475
0.8118374887927671
0.7225616354152361
0.6979787743664645
0.7235538788880262
0.5149876494603236
0.5240696457444798
0.7367089402509673
0.5508037850533861
0.6322894860013876
0.618542565052394
0.7262508806847288
0.7873266662811917
0.7725465526713211
0.7578793763419518
0.8192491571054397
0.8107683134948435
0.8169925421185863
0.8229602803545866
0.7678167868923853
0.7949504922682411
0.7248642332176329
0.7702749901490301
0.8059265150441801
0.7679960860212287
0.8197044169499891
0.8255449925099783
0.7838157986793639
0.8219340439838875
0.7466897984005187
0.7251211660261662
0.740290700215086
0.8315551895879664
0.7513901597095924
0.8064780881052113
0.8094548459961419
0.7037251128342796
0.7986179345349901
0.7889513533253846
0.6893219399752737
0.6923123175119847
0.5672577961177055
0.5224133916774476
0.769390029954194
0.542075508457976
0.6177043146619853
0.6625138410668555
0.7733861050914348
0.8006122257690065
0.7802120269907549
0.7750219520381225
0.7651746525997473
0.7819670834309872
0.8208062975127074
0.8376020517403587
0.7759630212013229
0.8037775577020041
0.7255956953657845
0.770250303776438
0.7756844169578617
0.7756889514557345
0.7813979257207653
0.8294077557562096
0.8259152971488345
0.7797755323187563
0.784413122143804
0.766165721341151
0.7859739807747869
0.7631159898992437
0.7964599947740375
0.8378595377109619
0.7793829091044349
0.8878167452168156
0.8613418476306882
0.7708451937775657
0.7147458173252436
0.7775753507035954
0.7684933141800017
0.7818948446795124
0.826766202395531
0.778400451782734
0.7615066032572975
0.7731616278160183
0.6659018920926201
0.7594188175214803
0.6913898847885777
0.6017368889966561
0.663242549336953
0.6004233205637459
0.7565969468212262
0.7667238663435784
0.5463860994245229
0.6463024222718287
0.6165864240808125
0.7561526289653479
0.7858101256924634
0.7994793966616334
0.6977685989328318
0.7726997120514696
0.8034831669962859
0.7454058332446274
0.8127986193974615
0.7672186592938582
0.7638740171996691
0.7834716047266954
0.7657427593862167
0.7840581608999728
0.7545271880065971
0.8033919821967906
0.8694643543610349
0.8513170032369044
0.7633375600693012
0.7420043714542642
0.7765214242451871
0.7708881524515256
0.6852499091486834
0.7514333880945597
0.7948312758018106
0.8396799527264867
0.737840107038627
0.7593885576160792
0.8181538660827656
0.8012766198077899
0.6677127109808751
0.671685391955439
0.5880448917992472
0.7470278449188822
0.7756063127848468
0.5609502948773136
0.6118962080460119
0.694490442933859
0.7420513117140021
0.7547693204153839
0.7977886481785355
0.7628176995189172
0.7473073317066663
0.7087652814889693
0.8018404085892117
0.7644203542705601
0.7170966111931588
0.7451880763442226
0.715856803110139
0.5062888693635611
0.7484931243813737
0.8371388383990913
0.8195050887733999
0.8018263816726897
0.782986082805066
0.7621709485403515
0.7506674949077619
0.7284118218450444
0.7688605082625015
0.7491821804790122
0.8152500391304435
0.8131106882203158
0.8282172246603555
0.8055427488207866
0.7965683710038826
0.736442225093802
0.8085071640158205
0.7235163562325228
0.6611331450893421
0.7584256166200365
0.6087870309906716
0.741614347117176
0.5567133360282522
0.6672504898464622
0.7540250620930573
0.5854535548179668
0.7516024427457302
0.7262044609354247
0.7609501827440129
0.7669653446336566
0.8313970785397884
0.8380193098350225
0.8063851734131707
0.7462556396521652
0.796021739162371
0.7653598257799951
0.7776436602025787
0.6737254347287017
0.7446848126184125
0.8217931062381494
0.7622221969914902
0.7522893835863803
0.7516259769326562
0.7870306247412536
0.7646723154075312
0.6845110185216089
0.8306739740882203
0.7921607344674506
0.8272848292354638
0.7795058720491532
0.7815069624521978
0.7990423950742658
0.8403193329981771
0.8282532893765717
0.8172024979559211
0.7940790758134613
0.7817201975779416
0.7976610826664516
0.7665673624288419
0.7710506140666032
0.7845066238227107
0.7441988583505712
0.8182162404492679
0.750654165513818
0.806221950192211
0.820831613109377
0.7768621969557961
0.7787910640826635
0.7847445564047468
0.7372313809127609
0.6377874478277141
0.6461301167843656
0.7563921101764435
0.5127203631920444
0.6056040224135157
0.5127336729741123
0.6307796619197256
0.6563121347115027
0.7743514394630567
0.7934222429916469
0.8206616045422633
0.7682935071268077
0.8140438343740964
0.7632945334876767
0.8289520964737929
0.7806598698810503
0.7830760990958647
0.719662119004689
0.7162985742327844
0.7730831813470063
0.8136192885838041
0.8343596549466454
0.8135203165636251
0.8366050973036372
0.8205577531985436
0.7415815380840717
0.7964242368110931
0.7302494618172674
0.8079675861895736
0.7208094607565684
0.814596154547981
0.8413974926747021
0.8479436222031951
0.7971776109897134
0.8194880642226452
0.7545765480085983
0.7527745056830532
0.36345518870022026
0.7628315512142104
0.8144385051546847
0.7509709827740241
0.8088474979819859
0.8391956248967706
0.693846380950841
0.776892960107162
0.8124417540277258
0.6931638056060819
0.5805223835694528
0.6506921584346185
0.6552426965033407
0.7453146136092488
0.7514461120961546
0.5939688548299484
0.6173081249098544
0.6724540038472542
0.6385350611387778
0.7655488854703382
0.7767988125466643
0.6862659828805898
0.7825779203740053
0.778166667923629
0.8255541763301512
0.7973364465005669
0.741476608979755
0.7832410529410311
0.7638858278632317
0.7417067622606249
0.7442586581575259
0.842976557920998
0.8456375906199611
0.8396797632134673
0.7856375374610168
0.7558182106902193
0.7526819946490613
0.7744563094786493
0.7081740209103681
0.7679140828976585
0.7837763940259356
0.7941334708342949
0.8314351333067111
0.755415388135528
0.677000183096004
0.8207255595684404
0.7878823552568082
0.6281539930567173
0.5523881245320166
0.6989166109207452
0.4988377123471272
0.502004686794148
0.5280287227990863
0.6135842185820222
0.6535392811470409
0.7523703801138554
0.7335747607615178
0.7312159104155092
0.732255097214731
0.8154324417044195
0.8480125401880129
0.8653248292587884
0.8308350100427572
0.7845612420581445
0.7853394703841122
0.7707111483314881
0.8318809302278726
0.7895900430744558
0.7466370983262888
0.7644465040772217
0.7600826180599816
0.773357890584751
0.7525154267842611
0.8069928007574209
0.8130801858757786
0.8665718034370198
0.801929385528151
0.7248865033732748
0.78043796316645
0.6867630377118071
0.7777319305543691
0.697040875597356
0.7738223399286731
0.8262834713625117
0.7780032615375068
0.6336840571277458
0.7961036922134924
0.7027772236923746
0.7552711304564632
0.6350804193414175
0.5687366273077498
0.7467994736086623
0.5546492343480126
0.5821641303613605
0.5401486910647242
0.7279090517525791
0.7126916023076074
0.703383487818477
0.7608825005374041
0.768642660183645
0.7877888528173023
0.8594596157740244
0.8720950975915969
0.8469332165509268
0.8369514734307266
0.838622181597495
0.7628072111823616
0.6991166201945893
0.7845355365515028
0.8155280302342598
0.7692624253451626
0.8147750054665539
0.8397892788501587
0.7598953006333978
0.7206015985554832
0.8124865549016116
0.7750274733422157
0.830474122444294
0.77646995814202
0.8036495479579101
0.8223927609274585
0.7797529615764447
0.8390722380604752
0.7795363803282449
0.8412724579246799
0.8596201630981595
0.7775984172439717
0.8322079827310137
0.8287536792823229
0.7864926667373109
0.7924813807556629
0.7886742363002193
0.792649726980291
0.7872334974806807
0.7119138089642745
0.8323801398181534
0.8704735280257322
0.8560726108453607
0.7630581748580628
0.8060148944710543
0.7614975678339335
0.7660462996176928
0.7757944888781662
0.8234818734860235
0.7955564814369354
0.8330243354920392
0.8506584520093154
0.8024576224310251
0.773632791750943
0.719639141863395
0.7868148991097486
0.7640985260641248
0.8066723342742343
0.7559339409059573
0.7463674322877023
0.7567372113394729
0.7630826219852281
0.7641134227959683
0.8366759114359184
0.7748522173905709
0.8321193929333573
0.8892455202986754
0.8520035472857793
0.8250130761811479
0.7362377966860726
0.7667546684005034
0.7533427341414922
0.7842802413138543
0.7571694607429807
0.7772763219032557
0.786773846777071
0.7603451148236767
0.8064849336223878
0.7640055646208304
0.7248642332176329
0.8020280179237177
0.823143583926485
0.8077465737457662
0.7752588477179343
0.7968440934494366
0.7814564753317061
0.7945294931383036
0.782114888367664
0.7515963471699361
0.7774087556697199
0.8522672303909121
0.8310728961376082
0.8347815583566266
0.84247631649651
0.8136903903001861
0.8018875462164948
0.7567020932118786
0.7157850031136503
0.7685246146380953
0.7532401379159679
0.8129310484150701
0.8125030016462844
0.8130422098515168
0.8641068079855755
0.8665718034370198
0.7860536464507737
0.7605259072890784
0.7696013784547086
0.68492744769696
0.7649287822957288
0.7543304422641371
0.7761853599129322
0.832788691883583
0.7366743767546275
0.7204219928940715
0.7740061635982339
0.7702749901490301
0.7047321251537076
0.7510450816017734
0.8226711437428996
0.7980681755521981
0.7501803186309723
0.7460960724546695
0.7612325346418933
0.7718454165987585
0.7566946050929088
0.7475618552689667
0.7753799962103366
0.8538711916720908
0.8662239449492773
0.8034042789052817
0.7507495135268436
0.757742052421178
0.7203537272051053
0.7593391057600358
0.7851566686164705
0.7506021952431141
0.7890284588507537
0.8221795439736497
0.7936275305406546
0.7989838536519701
0.7745684405456236
0.7486728815660275
0.797043300184179
0.8400811451615479
0.8216068483199931
0.7489705584487478
0.7413626282003554
0.7375222081595483
0.7674272646762687
0.7663090080975382
0.7721658120413735
0.780872660966934
0.8384164079284018
0.8791610238874312
0.8220951138187911
0.7528259544871958
0.7674617886489163
0.7251697945708877
0.7670541986456948
0.7931651082596062
0.804506018732631
0.8087570383250977
0.7923303146118414
0.8491829194564835
0.8058448098591202
0.7003439839168517
0.766165721341151
0.7407149772080256
0.7938204378123117
0.8351728311397502
0.7702072821385402
0.7398120825521239
0.7066790902739707
0.767068395541619
0.7508796969104656
0.7576135606777199
0.7610631684689975
0.8244874008002444
0.826927311905837
0.7917766117094047
0.7641209049401303
0.7401370828213574
0.7612565931792115
0.7322171249314495
0.7791517604849468
0.833622071055649
0.7754579728834525
0.7701018949353099
0.7849890486050296
0.7546669455183443
0.7343706665130949
0.7678234465700544
0.766165721341151
0.8065257867379843
0.7852089975337035
0.8091795854687266
0.7492324871418403
0.7924426457381465
0.7864839601684097
0.76083183437236
0.7654861456955117
0.7874912832007632
0.8027232590319876
0.8320467589420947
0.8815008939095886
0.8445106848919773
0.7574778951928048
0.8295131115818768
0.8250128309670659
0.7720770248811164
0.7637006582632118
0.7916772556685341
0.7622633997534574
0.8347190191531071
0.5777463674513644
0.8570945127140125
0.8592177679279189
0.7935216901813611
0.7518721606343994
0.7643889352084068
0.7318680456125096
0.7308392699868053
0.8411649886814929
0.7733015764779012
0.7703815351336609
0.828945804580939
0.7445035545522461
0.7869657964279295
0.7304631637194956
0.7580902283047882
0.7292543330476953
0.8197881111556481
0.8062781544911414
0.7298667862401086
0.6815777446373985
0.6738021451614723
0.7682451402647764
0.8123899513516761
0.748766503243713
0.784959232091144
0.8590058617529034
0.8289762621792259
0.7913872392977739
0.800093586479754
0.7676062657931416
0.7349624561887258
0.7080264789387247
0.7988647002434341
0.7521181514106624
0.747399481216629
0.8453538399488002
0.8150780054258376
0.7434157637273288
0.7653598257799951
0.7897472582837153
0.8026038008805878
0.7540625090149171
0.8334045281933343
0.7682603012944168
0.7378745574408104
0.7295528650774188
0.7010117026774902
0.7995219865122807
0.7752430748211101
0.7662552269519183
0.7834348556777002
0.8741152868072019
0.8079764796080788
0.7586801269906621
0.7650267687823173
0.768845237543611
0.7657007205683216
0.7406365744124349
0.7507370282624072
0.8081362579118598
0.8424622148984254
0.7699960054078057
0.8117022311902323
0.6616040462535737
0.7765934343139328
0.8016539087566469
0.8278220491493736
0.8290391825962996
0.7758053475763498
0.7492885813520006
0.7254444035080436
0.7672384258229751
0.765225617264423
0.7498165034714116
0.7397555917269217
0.7659418271085705
0.8345780708767735
0.8647822831198353
0.8272147172298372
0.8383103620215817
0.7241620762307595
0.7937659203110841
0.8127044602574898
0.7435700431086854
0.7099923541041481
0.7724720781888885
0.7774773679783803
0.83401556243429
0.8484530017963682
0.8749373443003318
0.8425781196179752
0.7660169447007852
0.7449484361574871
0.7540182661414212
0.7975715784194205
0.7551080263763618
0.7727908537715098
0.8416795993523372
0.8273345933552433
0.8412842998997667
0.765713589533063
0.7724924229712066
0.7242643997437261
0.779762118387832
0.7815359442154615
0.8229152691334797
0.7364546587576313
0.765050662014005
0.7350294215549121
0.7612288149120541
0.7647131118032319
0.7655447769389059
0.7334234009339217
0.814798892659959
0.8729296147592684
0.8160284186512234
0.7817981310089809
0.7380140420654736
0.7510651748306367
0.7666572181060008
0.7043726433123828
0.7871933484359682
0.79297793816072
0.8277653346666725
0.7506102752174545
0.7696892353220258
0.7702749901490301
0.7365612594472043
0.7929832460952743
0.7835654876502176
0.8284290181569705
0.773862423135116
0.7477882172196182
0.6971229451762965
0.7071894260426652
0.5817300002027753
0.8224560307374671
0.7866891854196382
0.84372572625705
0.8544557643895289
0.8043998343662447
0.7159045156792316
0.754171692300213
0.7537600846096193
0.7177352929672677
0.8136735149670234
0.7623221214419574
0.8115293621008773
0.8170139635555137
0.7449743402674537
0.7895124014890915
0.7803673111748434
0.8222632718899879
0.7657652795950749
0.7694992746459789
0.8265677644556778
0.7479453014592746
0.718742174626584
0.7351566705550726
0.7658632570266132
0.7905805248442461
0.7479605948861727
0.8035013123165637
0.8601722048018055
0.8092422583607994
0.8341225505522745
0.8330036913478989
0.8497503613182867
0.7625159412562923
0.7517460107097896
0.7824083061358956
0.7743295639561326
0.7820212630111104
0.8437627567338062
0.8401232270469614
0.8880776662950695
0.8455540898225644
0.8072434335662085
0.7190144660833897
0.706287688198185
0.7708271090658327
0.7453838840307087
0.7361777121311681
0.8199530302648114
0.8354210935531076
0.778949751670318
0.7538924236860254
0.7210864173315308
0.8066345031795334
0.7763131739769102
0.769670616586464
0.7432022019864958
0.8146999248799921
0.7458734866407805
0.7641721891155021
0.4014949861054412
0.7650270279188116
0.5802306994818043
0.7515353901996368
0.7830558298883612
0.7205253761633758
0.8368952422318658
0.7623520246608954
0.751401876902151
0.7514847868536936
0.7931850881617328
0.7756657970280914
0.8331939337264981
0.8017380988906154
0.8334990718282732
0.7517249180484177
0.7646224827541482
0.8687537571057287
0.7681864055161246
0.8361708212940584
0.7888003622481716
0.8092821822672218
0.760424508750674
0.8119485909010588
0.7744532452941063
0.7629888017775864
0.723379835450047
0.7993937721571396
0.790158198695678
0.7068393997326916
0.798962163810962
0.7615065521951516
0.7424582570274942
0.7580551507515157
0.7709797175300649
0.7864917403690338
0.7502496664559384
0.7315895370361405
0.7906190036178008
0.7418379853059147
0.8046128816437073
0.7321966292682393
0.8091243074877414
0.8528505114888485
0.8474472828068501
0.7500846362234975
0.7798214783728844
0.7531700904886094
0.7990768839586718
0.7251476259001748
0.7556444165863856
0.7822747904069459
0.8455967452444381
0.8823320099319173
0.8390980780439113
0.8363509749947359
0.8037228717190503
0.5863485429361246
0.7846494267132498
0.7981592447753272
0.7310623050888202
0.8275563813469953
0.8198734126931453
0.8157122190055135
0.8005062401650385
0.7775342405918292
0.7494873698650099
0.7504917792486728
0.7200793939778074
0.7672725861037261
0.8164270374309426
0.7497103343787656
0.8128478223677342
0.8245151636801584
0.7558152059988335
0.7648849607520011
0.7653598257799951
0.7123551477569147
0.7783723481769301
0.7794648072709711
0.8079352751166325
0.7780425081839469
0.7705142337212721
0.7504810656677752
0.7688605082625015
0.7759337771778054
0.8298542721622653
0.7734245917135202
0.8163283861943645
0.8739846416987334
0.820399087979883
0.7681875690371679
0.7377352682977861
0.7606606564320073
0.7907606087640743
0.7667094731622845
0.8408610793343019
0.7514333880945597
0.732061244496642
0.8221795439736497
0.8419149373620065
0.8041307541585604
0.7702749901490301
0.7730775918164096
0.7729563177080905
0.7367998916393523
0.8186789734605755
0.822454494711105
0.745682922545205
0.7432242007578546
0.7004598238553419
0.7624662460373233
0.7790133396874068
0.7739337172273372
0.866202395631086
0.7691868396599744
0.7696851419637425
0.7169200381181389
0.743047167928315
0.7606153283012961
0.7634425069679235
0.7529798529153482
0.7790409628361266
0.8431513713845723
0.7954240114771812
0.764903650828821
0.7216668274782091
0.8034371620835689
0.7724405229911463
0.792844521519822
0.7595820387440111
0.7226601468274098
0.8227680454256355
0.7603918624325129
0.7951583397879901
0.7593472131866676
0.8452803151606076
0.7923696637575595
0.8312767207188071
0.8813654056912155
0.8477683848851114
0.8333027426698753
