0.42026008486025773
0.2720602327878367
0.2988574285444932
0.5668039166723261
0.27375989366468284
0.430662423290997
0.33657566334464384
0.3378125256565113
0.3181869947882852
0.3065340086205749
0.6670958566647086
0.24470802639229042
0.31599376364654963
0.4494207797410541
0.33637181753905443
0.4315488369710422
0.20374241103641189
0.12200850522755669
0.3145087422861659
0.23714684685178714
0.2763651232166464
0.4048125375315058
0.4276567075025583
0.09822751317220497
0.14791381786032104
0.19970391636233817
0.06818113380854395
0.25297614553419817
0.10208740888796514
0.3112790903242387
0.10806699411215587
0.1548572778559069
0.34721739320825756
0.3500270276749198
0.28833335955367106
0.26843829814864184
0.14218561941685126
0.15311023627197498
0.27367041991028446
0.1096393603702739
0.24264170480952568
0.22245177721605158
0.20821717139312593
0.5562625940100226
0.48732277862200307
0.6690064320639584
0.42010344692351004
0.4680307547233612
0.4040327914816552
0.2965260133714267
0.3846306894171164
0.34259763079642913
0.5264858001977303
0.20271232866881822
0.08285352442897961
0.47086340262406096
0.2514996924023243
0.09413623575962417
0.41302881424825644
0.22804309007768594
0.43337939484052607
0.17938542080861658
0.45073287196161793
0.33370615844329093
0.2293580624038923
0.22721267497367748
0.24709177779238334
0.338210085625185
0.32153420484849
0.3070097114854665
0.23729968241627897
0.3440746833326102
0.565713358266448
0.49436226873325795
0.6165395256654119
0.4620218681190319
0.37652038721373254
0.38070299974202265
0.4033856773421154
0.4371069398617887
0.48727106628005273
0.4767923287158537
0.20481538412711603
0.40953699667009164
0.31203653943042914
0.34703038003682607
0.3231613628117839
0.1583261142912965
0.3427037308998209
0.36157002896679447
0.3538571077909921
0.28709458832235374
0.4078843239062444
0.2258008727537486
0.4156540078285107
0.23419725401847225
0.39995264316562057
0.3935276017618973
0.5064248769368406
0.5176147916769294
0.4482995086544099
0.15366660049820083
0.41789840759932945
0.20983190462081247
0.6715177241024023
0.31503298142371283
0.3263900243507023
0.5660149675481738
0.3091986376124588
0.3347234335642172
0.372657440541473
0.506287865341435
0.280427017660214
0.322412273472292
0.3439033755937867
0.21155217300722856
0.4657293305284898
0.42974836090095486
0.17067732625467028
0.29364931466984096
0.3093294723399199
0.44864842779936426
0.44221224710605384
0.37917150116944015
0.1920722912628095
0.3635924384126427
0.30210710889718717
0.5067030742240867
0.4926123902792538
0.5996016276471275
0.5798413869886813
0.505568431896288
0.5061974195310875
0.4756919704535017
0.41498946119073177
0.47917441703703284
0.4949055203406243
0.09462634947358758
0.1981970242092194
0.2927812799944334
0.4540679459091722
0.39723615348732594
0.36195291100567006
0.34732616064852645
0.4275772324405061
0.3587558714871695
0.39275872680995955
0.44785711356617397
0.32270270695684167
0.3692761606612718
0.5008589062055977
0.3018523827381772
0.2692486633761673
0.5565846491263554
0.4394965522417278
0.46332143037773904
0.5070942606118017
0.5776633176698093
0.5978290031836374
0.6330119652059945
0.40905102151026457
0.47768145489175984
0.5269335494134608
0.46398253575177123
0.45627409942157277
0.5626253903936901
0.5212663196520011
0.32694114769915134
0.4993131228901068
0.5302150731004596
0.4634513819952288
0.6297584987338026
0.3671314992103739
0.5422048186797992
0.34609389710918187
0.4187327035433626
0.629767226708117
0.4772682983421443
0.6580833834990889
0.6405114659526706
0.6783326028023956
0.7175922524840818
0.7512789352616749
0.5442640096016081
0.6863531031064007
0.5598737571597467
0.3284079009591743
0.3429624801363278
0.36735882293476396
0.3880214049385103
0.5254289296134427
0.2809035404517772
0.34261727871821807
0.3764441709941433
0.41160268878726447
0.49075457785716653
0.5878305264785674
0.48443231955520694
0.3822859848365246
0.7324865171852345
0.5072347854567871
0.6698253759709043
0.5627798718309657
0.5750073622168358
0.4635680150157658
0.6595068448344545
0.4505237185640513
0.5501777918692525
0.44163886397250307
0.4476205173991364
0.4214619512899809
0.4985238070714427
0.5604361339196509
0.30039490675316055
0.4595275250353047
0.6838318050407761
0.44629519515129934
0.5083443059984433
0.46422196618836703
0.47332438416929734
0.6728159893810696
0.5063760370486933
0.6727361214981807
0.547322993973513
0.5415485413707407
0.4813609582299952
0.6392147875409989
0.637628936209278
0.6778284597141471
0.6035653680659644
0.4238770219162011
0.4602507932888794
0.5557735758758036
0.3246168308016768
0.47955008688856393
0.31805624431276835
0.41110880889635104
0.3635900135627548
0.23070906751712625
0.43292094526784153
0.36484384055250624
0.5911218426352738
0.5601168072146774
0.6557315011785559
0.6142513654047006
0.6186716575017477
0.46761216037874087
0.4594216392187331
0.559112370729297
0.6221013295139315
0.41170208826625
0.5389011217131513
0.58016206913466
0.5238592282246377
0.623366016639851
0.5671506156277027
0.5525047178710194
0.34402630539191714
0.6481338543599783
0.7078894162843724
0.6043317763274652
0.7127710112916489
0.6338980368180688
0.6937278335089303
0.6422458734537344
0.572140166674324
0.4573398535501631
0.7052135934063166
0.630330242448863
0.5536424130619261
0.6848633262117427
0.6939439276605991
0.3698566720440518
0.7210645366903304
0.675155506751408
0.5976035670998405
0.6550648762928728
0.6945430517295449
0.6572165705845915
0.5308927963884975
0.6062559428694516
0.47199793679508895
0.21836563005067297
0.25221793535739173
0.38869576014685286
0.5923748905857648
0.4346057796024701
0.5765921606472163
0.6773050777484595
0.5044528517422642
0.6463654329453774
0.5184625114964679
0.6369126715370579
0.7047750024263284
0.6725636959253475
0.642292753481233
0.5442136288339955
0.4781886380621023
0.3818651290979046
0.688873505631092
0.7209438915138644
0.594203924956417
0.6379118266693586
0.5412907981353671
0.504958064022357
0.4798023199659572
0.5153348736755503
0.4425683857276269
0.6033839328736196
0.37774475076868036
0.44847848819689967
0.24209320155212707
0.5703780119181038
0.4367383379921888
0.6280798715339284
0.678239772398021
0.7053356981838695
0.6028912712299053
0.6161356534846368
0.5604326109357328
0.6473309030832181
0.36795355465033275
0.46922668456117755
0.6566398840461943
0.4824373589908974
0.5475771268029584
0.6721934543058617
0.6536509853471715
0.5009824602696622
0.5528513948956306
0.2692393759265072
0.3489962783748708
0.5465616868872744
0.5530006330063203
0.5803553920710599
0.5435789031782892
0.7523411495901544
0.42595438337135116
0.5186444067002662
0.3997724723007658
0.4545404420322352
0.36780841980960927
0.3453944319430037
0.559584036141854
0.46311743990653637
0.5020431998960769
0.5496081481696437
0.585629779406892
0.6940563853781268
0.698000915088246
0.7304836405598624
0.6744251509402016
0.6583425156384446
0.5658111005845669
0.4890753363915294
0.7155565824482727
0.6037905484408965
0.6718863485952737
0.7055301914906965
0.6693220402245815
0.657881559671827
0.4997024212458981
0.3899821556596006
0.4030841476869879
0.4838914204977756
0.722605950721902
0.500241970563146
0.6998570992336736
0.7436704602185165
0.49129481329095603
0.6440106803645681
0.4093416626872227
0.5163501218972304
0.5282807471972807
0.33178188953542764
0.47270579425904563
0.6016987381951713
0.6339727236402415
0.5439118382827612
0.4070225778296229
0.2820321005515385
0.5671146086474641
0.5346813893795082
0.7328139936967717
0.7415886900665545
0.6239752260084708
0.60035739532294
0.5151289314384366
0.6076936245122218
0.655453236272264
0.5660325658444271
0.6338411951289942
0.44854245087123623
0.3965753539351889
0.7000975501527273
0.6516926933827581
0.7080950080651381
0.749574704449065
0.355589628832454
0.5348531205613665
0.49420954735652584
0.6948609300896432
0.7236631985707888
0.6763055704575133
0.6634686419212475
0.36987058090841335
0.5896511858694744
0.6983752255504894
0.6771676502348682
0.6113295141519263
0.6885774677097564
0.5708595891784328
0.7503218467992083
0.5711704215719194
0.5741162136261072
0.3943597456080728
0.37555333118498624
0.4675770278694915
0.5145599010268633
0.4055875951583491
0.4560196080081457
0.44036797719673587
0.6024450587592673
0.6495259204117282
0.6422091222180296
0.7455159526614448
0.6689655173301406
0.6838211334288395
0.6695386666915689
0.43207802006908763
0.6470082192675466
0.6523779597565206
0.6931987681329891
0.5947663863633869
0.5942993847882208
0.48879372098799484
0.5924675385390517
0.7315868788312977
0.6890483972842459
0.6593306218672577
0.7345924793066548
0.6410558567258903
0.6815394557859322
0.6809302728278872
0.7729413955224084
0.6441385611557681
0.7032943741461051
0.4892995608404797
0.46429250281567347
0.6910977736314244
0.7340768562759706
0.6798626424284163
