0.5648444276508079
0.5101453631745438
0.4811336876347787
0.3106258737019786
0.4038872275591203
0.6406024750517634
0.5637979171463798
0.5858511363903814
0.4758261508051283
0.4440306213995756
0.49721994083634924
0.6660732021825071
0.4437975264216958
0.27299222501363885
0.7355540911822993
0.35678425483952686
0.6054210891359622
0.731048170468329
0.5620876966553777
0.5210367620011457
0.6412280092467344
0.5193793846208427
0.4462502796146471
0.6796127500714243
0.6358059718118872
0.6649752077847565
0.6223402315960619
0.43960387296026854
0.5924603710528419
0.7237663378330766
0.383345966242086
0.6844076197868647
0.6388682106483452
0.5483699316343162
0.6238140080935317
0.746275627179655
0.6245103014948027
0.5119145467282662
0.7823736085494692
0.5911418430025287
0.7214902216580553
0.746772775006563
0.7058897214802472
0.6641061949738887
0.7553190629341348
0.633624036987774
0.7772633930820291
0.6487204576245678
0.7509269705945968
0.724747606214221
0.7249301457920572
0.6618613732717087
0.7794353510098506
0.5990663670506622
0.46124845496893485
0.714666000205077
0.671563512198872
0.5176623782190295
0.7774406574587072
0.763116267740593
0.716376605480925
0.6893906468194271
0.6502389692223528
0.5562295016542655
0.6916848457615075
0.46021200005632246
0.6392598466825276
0.5224404460179336
0.6833104028792728
0.8064081980345894
0.7856374394835938
0.7856374394835938
0.7151317912856378
0.5773231768942059
0.7111688073124374
0.6440586462950499
0.8112856002129359
0.7334072648242169
0.6312963315719189
0.6986085460860352
0.7149631190727073
0.5463302509717445
0.7503612978757613
0.7953708561283237
0.8036975048094872
0.8006350073821435
0.5175059801082719
0.7587911732074282
0.7674171422439784
0.7164384567059975
0.7888518928409661
0.6735054533991713
0.8032749247479203
0.713571612913924
0.8036423723575936
0.7853088644093098
0.8036423723575936
0.7151406085353001
0.5696384592016827
0.791085914202539
0.7944561821157572
0.7856374394835938
0.5066341281615518
0.5788482764784415
0.8036423723575936
0.8008315359375746
0.7856374394835938
0.799967896260859
0.7948787621773242
0.7911491536286962
0.790418235610544
0.4985606334761962
0.7256718322593937
0.7834707202513984
0.5686188481801232
0.6156294935256998
0.38221324834375553
0.47720679334960087
0.6015925922372489
0.7241447784276549
0.44802688440085214
0.5641324085584164
0.7505977401242343
0.6725201882881544
0.7019512928421541
0.7522325548940509
0.41482193669314255
0.8029074771382467
0.7984981058221652
0.7856374394835938
0.7856374394835938
0.8112856002129359
0.6708921586335646
0.7234440375220135
0.7856374394835938
0.7856374394835938
0.7856374394835938
0.7856374394835938
0.7856374394835938
0.6736506700178273
0.734751928787755
0.7319249559713197
0.7432328472370614
0.716376605480925
0.720617064705578
0.3585366434937128
0.7169215425531913
0.7856374394835938
0.6778940952922955
0.7856374394835938
0.6577771723217736
0.6864491579567721
0.6992476458957168
0.7474733064617146
0.7856374394835938
0.7856374394835938
0.7856374394835938
0.7308603196284505
0.7547562056737586
0.48472565895642816
0.42868734644954415
0.7856374394835938
0.7836783253753916
0.7046192891439195
0.799645747343687
0.6942859504313599
0.8272358289983408
0.7662264129961558
0.7452472108349599
0.5843789383159218
0.7159662576908158
0.6422234655322508
0.818533648825572
0.5986022117423482
0.6512053527039197
0.5567035483198094
0.696359126275493
0.665396989554962
0.8041885684602851
0.5909651810752168
0.6742619852643952
0.8196107467021005
0.7667012430992479
0.7908694145241715
0.8196107467021005
0.788406292264911
0.8059320203532297
0.5151110695987234
0.8110106045919782
0.6039386036163157
0.8015392991357858
0.8110630247803727
0.8154737591811951
0.8133016737849941
0.8134052654207431
0.6311895321173676
0.41689478384087963
0.715556682298057
0.7704132383074355
0.8175077223963982
0.763802531934284
0.7856374394835938
0.769836221803216
0.7856374394835938
0.7813969802589404
0.7780229934106717
0.7227115725586474
0.6021763520672014
0.792271430727973
0.3397796265619119
0.7526835142274672
0.7594451727373115
0.5808071866253718
0.8139182286353305
0.8196107467021005
0.8170649877629158
0.7739556336191662
0.8182087304982991
0.8196107467021005
0.6352585888967893
0.8196107467021005
0.8196107467021005
0.8194227018147866
0.7922759416943284
0.8051300416378937
0.8147036899887955
0.7734782581047803
0.8196107467021005
0.7961480721955907