0.34946292830999454
0.3395633613327388
0.46012635054728934
0.5252171288701802
0.4429001966427643
0.4806302534758402
0.24795992828408117
0.3737753774402111
0.4227631541188383
0.3202036186952419
0.47161047777288934
0.35233021129204006
0.4368581735190699
0.4104942166189464
0.49029384253459385
0.37560870915355254
0.3344069265430783
0.4734564615508471
0.4252528119374939
0.44056194876442284
0.4045989830633684
0.38767746410279375
0.3523172647149913
0.4683136663530671
0.3234333394424859
0.382013745867295
0.14759952235850293
0.34168329550829246
0.38284057352425604
0.48605043706809775
0.3832279838550784
0.47758172643436775
0.3360259828205994
0.4735047754034564
0.3049765883188603
0.46332584133696497
0.38696086703881827
0.3044391323951654
0.3927774468907257
0.31012548632680914
0.26612938288220883
0.37541142132787003
0.33486301867230606
0.4523362988750189
0.4310439783063061
0.36148085159366916
0.18599265547955138
0.43746358466765917
0.2984777461341877
0.345801039590342
0.35737942620539376
0.28770700259349885
0.4072636507527631
0.38039893566574356
0.30632558330082166
0.4348332541290062
0.31559335231671154
0.26754001438631275
0.4006557965808177
0.28474589099358955
0.3025448073790206
0.267451248079697
0.40171816027269114
0.29892865819415954
0.3985126710220977
0.3574841706484203
0.32085737319254987
0.3631515065385971
0.3382551484681558
0.37127095357552997
0.4060607184506256
0.34641894642241416
0.37859335649174125
0.43919337028620575
0.3425321343845219
0.4819209344407235
0.2918093289815847
0.28588546118075997
0.4181512762069015
0.44454796859900064
0.3157258523006679
0.23129851425016498
0.441582899287521
0.30460922605446883
0.38262575739084953
0.47398589325273227
0.30232559946143983
0.2902258685557404
0.40986971514284987
0.41814173591157855
0.32044471644952677
0.3375190910843289
0.41700042377137814
0.3619208578579381
0.4395006515431582
0.3935822153889289
0.29511394763423515
0.4125279154986006
0.33635045779170525
0.44249046911293655
0.3794018913184027
0.41452544154538373
0.35783735554359386
0.45265181532035564
0.5111775390453897
0.334278154713206
0.35113462844468757
0.38237319845362683
0.446131983907048
0.4366160595628721
0.4143284204828355
0.4292612582109168
0.4326310907763664
0.3730391242389427
0.3313395272914736
0.3434814710562258
0.4507589672318212
0.40285635281446375
0.49974061982530055
0.3526202537141345
0.38724358851357416
0.4365096374727902
0.5094050259718351
0.33456677402132756
0.4879184224391749
0.33687652468224755
0.2928767041512299
0.42963853896698667
0.4063702636897183
0.3634434014886786
0.5228629229283153
0.44785170361785953
0.30668395752518185
0.49083095928610526
0.45875517099129676
0.4143602710467582
0.4914567918276781
0.32711067371541275
0.5236069669262701
0.44106928479020474
0.48465115695539546
0.43451564641934576
0.4132581081224702
0.1931860985493841
0.42912563095793566
0.30893982390876207
0.42500773594451063
0.3488929846148375
0.2847105871679546
0.28304200598949514
0.5072088894293395
0.4400059335647487
0.4262248540026075
0.4199016688736912
0.3891039481944128
0.5003244515731095
0.3087204703308803
0.3943705758762636
0.4286631940322575
0.38074493975850776
0.42468419109774447
0.4850089323609872
0.4170164537161805
0.45121098190478326
0.470173271160262
0.4015806684831436
0.33186322912953337
0.29028881134289336
0.3720792039074716
0.42562909759451556
0.4258137735725495
0.4416798722477951
0.4496631260874439
0.5188647632562544
0.5159012786702103
0.40569936870453494
0.22240963054085594
0.40551756573241093
0.4905593807229488
0.5114557481581632
0.40311118628483844
0.4853740399600281
0.2888670067266273
0.4187399688386976
0.44157241242535855
0.4711279209022624
0.3641182196069304
0.3722527840960323
0.48664826010174794
0.3773506656059431
0.4000691591999383
0.5242360053730563
0.4340771101151787
0.4520474692628958
0.3347144164078522
0.4234891585274956
0.5138250410023277
0.3897846352776139
0.49597686921466644
0.4188999051478899
0.46868808919889604
0.2813183705512503
0.40448428049921037
0.45135605943159846
0.5236044038648887
0.4849133468778137
0.5004835721904658
0.37948881034039944
0.47222919691716975
0.3270180299057913
0.46977407847054187
0.41863284234966386
0.4332145428835383
0.3808036504057823
0.46604946782920903
0.5195923469209697
0.4461797938392138
0.44463012932388546
0.25479643839722704
0.5123781258202051
0.4685405755265885
0.5241479287654938
0.38873415856617527
0.5060792460075251
0.45596375629684727
0.48584874905023523
0.4488885009575407
0.4308004741784326
0.45412880500663244
0.46519915591050753
0.47248075671931206
0.36438743096283266
0.4360321082273451
0.4409993115026253
0.4782274863609715
0.38062703870816506
0.5147548406967718
0.5709193320725776
0.42960421723733716
0.35808859204598625
0.5104728866485218
0.5246262871147703
0.48736486617145686
0.535782120115142
0.4932331535738584
0.4719882819625358
0.3649881562281248
0.5668670021179628
0.426811215084062
0.3927792161000837
0.45817104174333295
0.516096007092929
0.4863526502740775
0.4350973654935855
0.3904282881685812
0.44628475541506873
0.3250323640996858
0.32402207551952705
0.5314997353890604
0.4522419699615565
0.3107675245448529
0.421895422062783
0.48244755957452923
0.38801334332941373
0.5074162004665549
0.4258400354418004
0.5483152463484403
0.37047915335110315
0.485144852354675
0.3851017724601143
0.5845347711172929
0.30630413996115957
0.46965480896667083
0.4704699065751744
0.47273336224547996
0.5058383769525497
0.36141921383655906
0.47708056298778806
0.4573510882915434
0.5031231078689408
0.45738927364073306
0.4218077494510302
0.4653944378044214
0.37991443332952324
0.5087847420514532
0.47156085811636816
0.3429425012123689
0.4493195033429267
0.4129491391770353
0.43129243976652537
0.48018129618308786
0.2848498518108629
0.4206990351257564
0.5517257535271307
0.4236847641400161
0.5302491024477883
0.4965747702782579
0.629544195429451
0.5648584594505944
0.4375345352684259
0.497229713600794
0.5751688008558312
0.6218985274091685
0.4709601010311314
0.49687575540916695
0.5668430549181044
0.534898451995375
0.5639384008678876
0.6057475935493539
0.5102237625909357
0.4457424202244566
0.4568645741715986
0.6122052616534159
0.5982867865230507
0.4659189854447255
0.5459093532686933
0.47801893790724037
0.6137872778911665
0.5389923176771348
0.5739914754416031
0.437213062885818
0.4686766495247739
0.5368678255719341
0.3448789327173927
0.4979824588155966
0.4991412450647569
0.45943696273631957
0.5288900076999358
0.5267083405615869
0.4703199971903024
0.4740624109539215
0.5354276165856612
0.48271773949537516
0.5357856730457766
0.5908598174281048
0.42671023009681375
0.5278654980192569
0.3809804603317003
0.3601937099219362
0.5037894063154551
0.48105787350278884
0.46134314411509125
0.4830459051322484
0.4229106127451342
0.4714337974801057
0.46212094169497697
0.5067662775749827
0.4860672004273892
0.43570280552659196
0.45666056471839
0.49559303025530765
0.3528838922375092
0.37374265825152614
0.46551236196725987
0.5601069462904562
0.40607323101608017
0.4372599546084082
0.5566166690035427
0.5678868958431369
0.4125858110810451
0.49306690890425775
0.5429727516101311
0.4957716400528765
0.5020621026530053
0.3681979644996975
0.4419478831057635
0.4515545188937741
0.5306509911566419
0.5647770706237583
0.3296019372571877
0.5645268537305477
0.49684125151806263
0.4042866960132542
0.4339061160132254
0.49351066735553445
0.569159316017022
0.6143068221343438
0.5245610975035225
0.462980341425367
0.49780384427632707
0.46813509175836315
0.45795073797017066
0.4780739812862649
0.4675645024394954
0.4644604058537725
0.36361353181701067
0.42375799860193075
0.5016894385206896
0.6103069461952045
0.4034795136103642
0.5246127094195207
0.5304203226624828
0.530904511333961
0.5121256609208056
0.4242058589433033
0.52040982026059
0.49682245384439583
0.5174450952566394
0.6199083899039625
0.555127779232147
0.5565667761804887
0.48766009017028933
0.48497506745873564
0.5641206901606148
0.46493277267329886
0.5426115250443475
0.5263925688904307
0.5803532098602698
0.30076043926202095
0.3924064938083403
0.4358371611728029
0.4225408738764906
0.5925672037895413
0.575101052605595
0.29742524979100604
0.47182249909251905
0.5079428948503828
0.5573597336770951
0.553245254867878
0.5462722308689322
0.45828688415533597
0.3943671784772195
0.41990288662766034
0.47424375362443655
0.5336542316338434
0.46877895254976515
0.4622744056089442
0.5175591878399762
0.5581901227109358
0.3450005431470203
0.4811102513326695
0.47919767672161284
0.47564167536733615
0.5035779271595792
0.46087587151956766
0.48252810391973777
0.4686237418321488
0.5028521837948413
0.3845114970133426
0.5051571149933706
0.3575829883741983
0.4276380716530726
0.4207527562995527
0.4145595406688472
0.5788166015801868
0.48847589846374395
0.42121049636696695
0.48527323170708636
0.5808569471860686
0.4872906150649661
0.48741217761098343
0.5964207045975547
0.5598691995907665
0.5331685689704515
0.5468672070082579
0.579687628258678
0.5391806671032413
0.47303299804238674
0.5174394822581079
0.5030501264544638
0.43988008581780347
0.4958826575148082
0.6632458233247136
0.6522601654820464
0.4149930031082863
0.4823747620480115
0.43063570258872963
0.6219541692878778
0.612189074524768
0.5761482390398064
0.5350027771933824
0.5979627691595478
0.6308344305893638
0.3859341087815642
0.6450312858833275
0.3434837788604506
0.5278530470389368
0.5105268457473237
0.5779250451877658
0.5023358337914415
0.5091361319867942
0.5740262506440923
0.44765130917492
0.5234419887463713
0.4293098175335042
0.40986327686882634
0.4985191197160189
0.5028023343153222
0.4869030739069145
0.39074851928740045
0.6630654631030253
0.5145820834808092
0.49881257921870487
0.504094564785278
0.4243621074931373
0.5393051647023557
0.4199475335506977
0.4593401447749391
0.3888864551407121
0.2583470953740219
0.5827269206784076
0.5293161846626616
0.5181734789964355
0.3795591863910608
0.5238235330366148
0.4517243950569722
0.5845894445399152
0.4405671158122611
0.4977122551558289
0.46098421400599476
0.5424229321542128
0.39785809860456717
0.5760776287033048
0.5104697150965812
0.5532661459407964
0.4593556208203158
0.5112317064707148
0.501637062563307
0.5885463666925277
0.4842673423249911
0.560084206605759
0.5149899265284601
0.6267363310948801
0.49002523773463097
0.5507185090805825
0.5560012777257467
0.49806275943209244
0.5714703159386807
0.5474556644497893
0.4693837965736963
0.40192430422968634
0.48169035773825314
0.49392378394649294
0.48504599691552547
0.5446321909720999
0.4574211112576967
0.6066261176045936
0.3356443344764476
0.5422236155685107
0.4214364707955601
0.5478698655033578
0.4159714549001256
0.4590308851133033
0.5532379287856498
0.47267413937956476
0.48049506320312174
0.403549994510884
0.47501998762656766
0.4319746766206755
0.4820287529151333
0.483275450747122
0.5039206474703954
0.4781734004415446
0.6025548423183049
0.37725058179602544
0.5187561202441038
0.42645099065406894
0.5798263383663332
0.5469039473455816
0.638200255090854
0.5285095473757481
0.4961851136570812
0.39493073692997677
0.4993173250914309
0.5313078549671704
0.4937550475089397
0.4266775186907872
0.4487952330753507
0.4320067280841441
0.4309924922443746
0.4552666399161577
0.47897321201690063
0.4629613256361753
0.5015508940759432
0.43518223647382726
0.5916477353145536
0.6122918194073648
0.5865736002750653
0.46079357727357506
0.5746030615198948
0.48732783155428344
0.6086554616705011
0.5781330588490599
0.49075024659129773
0.45463725022631535
0.5012271853069503
0.4396425188026678
0.5599275130310203
0.5440647861791564
0.5346541748962329
0.29473392420988676
0.46133387750029925
0.5891476913600245
0.592863396240647
0.4766505362628187
0.45939657213080376
0.5526165904909526
0.518626164973293
0.47063061604407375
0.5678497078079915
0.5940302849302583
0.5854602088652183
0.5665829771383322
0.47420577631418687
0.5905984157682876
0.4327031618916363
0.5279247319506897
0.5288455457001657
0.5578828043788673
0.4103248087263646
0.52275221547919
0.5045608096938995
0.5498207374105637
0.5450084479564729
0.5808306575919735
0.529123928525405
0.3607653864588049
0.43574244191797457
0.5364091399573587
0.5075206755808973
0.58649773836538
0.5980658695111846
0.3239719884270631
0.484632031647174
0.5468403288646568
0.5440035627184346
0.4595856792237308
0.3771294520772124
0.5173026143589362
0.6265059429954545
0.49342814437686977
0.48404168846294765
0.42448387553161965
0.5879699961278054
0.4782064853366198
0.3991378874239657
0.6109121036096503
0.4192772946499381
0.4861490902159405
0.3792276036520603
0.5473602806853933
0.37383746442996724
0.5458525727334301
0.4711844980463702
0.5017982594037942
0.3668037142829524
0.5018472403507811
0.5277080055522867
0.4748818854461603
0.5136486044145114
0.4593793131497157
0.4532421246276225
0.4281754399801256
0.5171478247626586
0.416712720318999
0.4477121517750933
0.48681922256923377
0.4897028842590582
0.574847005009049
0.4588108237054685
0.6234749559060541
0.5040542283492405
0.5718471012786122
0.49709776511809833
0.5758402832730845
0.483831301934017
0.5258493335521635
0.2210862755452328
0.4952400476007559
0.45124167015981775
0.5406809422147455
0.5930849860717798
0.49732937990198406
0.5869584232432096
0.58464359232432
0.5019292229413995
0.5595571039622713
0.5688816597564837
0.5356875023471023
0.6024665695233133
0.5010845643138346
0.5406590663107683
0.5064362178135474
0.5414240693129592
0.5715177663099591
0.42844051196455096
0.456026930366116
0.5343216737984919
0.5855009656580823
0.6404655682539384
0.4876397163423817
0.6520329826560962
0.28076289493367157
0.5041787572476641
0.5649903012072771
0.6043449430488669
0.5031725754695544
0.5648077720975138
0.38560347396003336
0.4605547314443388
0.4412331764685745
0.44359119205679626
0.5946448221383279
0.31504793020457084
0.5178133143412136
0.5952317863884615
0.3656041111167797
0.5214806623757069
0.5653677362676879
0.5368416962804777
0.5364199127467956
0.5416217298796849
0.6380689259136606
0.5290123404730468
0.5332825245300736
0.41723021454483905
0.5095064892531714
0.2901901359383674
0.5368765589307133
0.5808926720064767
0.4799550598173512
0.5226442921606242
0.4728225229174903
0.479353838860201
0.5766877944031602
0.6327111529160612
0.5973216992564021
0.49121510151235503
0.5786930037186102
0.5563051281880963
0.3591714924187199
0.6092743523564657
0.4377094226315284
0.4739634118718319
0.6433643898867842
0.40451159611161996
0.508681209109558
0.5177343160922087
0.5949846563724589
0.43446537893515347
0.6000832492718488
0.5644037361464083
0.2849831641985755
0.3406863056828056
0.5486530893128783
0.5050694009668992
0.5200006914846809
0.5185631610472734
0.4805949081376336
0.5239736215004226
0.5619271376431682
0.5677684354232059
0.5218311355417679
0.4134067617633706
0.5107334795730801
0.546200069459258
0.5068173462828374
0.4995837431173189
0.5063200732191849
0.48189649947681495
0.5618873312676821
0.5603812850952214
0.5896664588178439
0.4753140057110075
0.5840175993498293
0.5900834724434274
0.5599291953079658
0.5192637081607017
0.4745695057210385
0.541025150462023
0.5764515129837408
0.49200050750395413
0.5404306754041223
0.5176036849178416
0.5681840595613339
0.5020690237125099
0.489836383600271
0.4899999747476812
0.545910379986171
0.5311300095042566
0.5545919734233893
0.5714273576822092
0.4822140492566123
0.5194828223838314
0.5526891861982837
0.4954921509466267
0.41308279745322346
0.5121878920600934
0.5255360007447943
0.5868540871042051
0.45491397116172033
0.554497783800164
0.514125365792392
0.38976951960311473
0.6453823568422561
0.6321332569426785
0.6027802818670382
0.4172287911959105
0.5415666056654166
0.4899543530990764
0.6255568841327795
0.5338639172676988
0.5648560297178505
0.4845399468784511
0.5480950103556634
0.6121826048818643
0.5158899609713784
0.5924970639271184
0.3733326225350088
0.5278308528082093
0.40662177996777155
0.5068335299986303
0.5065701744649751
0.46742396902779887
0.41425048748863397
0.4926223514652292
0.5700286142451487
0.5188955320196564
0.46860235460553534
0.5481341678837868
0.36158156216459586
0.569564590473185
0.5710175487367671
0.5488391839011463
0.4995612087742234
0.6152477592570753
0.5043895698173191
0.522610550042072
0.4745546119666521
0.5861422436653227
0.4532052952305171
0.42571997301122194
0.5069623001721982
0.5512600176167046
0.4075142232757302
0.5723275295367287
0.5614561056178965
0.5919401859019712
0.5658797312346523
0.4807057773544293
0.4364044770450563
0.410587870385614
0.5847344712030428
0.49491093133485103
0.43746771049101324
0.5689718261255757
0.5047460270464497
0.528411008498604
0.4809059134004981
0.6260982724839855
0.45498115851685383
0.6671748454712201
0.3066931317202402
0.4624861097822357
0.42304653012677285
0.5121090523718056
0.4389875315154923
0.5446196817296802
0.48112464371163166
0.49930040408701015
0.4886019566387577
0.5569258360324603
0.5133622355867324
0.6451547571628581
0.6539388807222467
0.5296254506974163
0.6356866987193736
0.6238820303479613
0.5292739535215286
0.6208842329824177
0.5165712383323914
0.4052498278138649
0.4823387222185802
0.5580322012340875
0.592443554052536
0.5485769887070499
0.4155656691310982
0.5300741792795816
0.5056030333338927
0.5244872509281335
0.4440387755919117
0.6348135386637482
0.5373699900978655
0.47061384889775243
0.6017454551727639
0.5059279876201961
0.6222294335851519
0.5734548385724104
0.5066000987802042
0.35329564782527645
0.519988988205567
0.44694597564675353
0.5676522206286291
0.4482362245866053
0.5158458025335421
0.4784048094369384
0.4336588137421471
0.5968867828428293
0.5182724110766777
0.5877552110551829
0.3582177326806508
0.578071044430131
0.6738080302562204
0.4633385912182268
0.572129835521881
0.42416290127235734
0.5538846267621144
0.5065110080315026
0.49018428176657614
0.42180347822501985
0.5131035613324001
0.5990570230363689
0.6421738867171314
0.5804277987232667
0.5556212878061301
0.45537519728558423
0.4800995975899145
0.56815362920386
0.6491078077193982
0.5503552871226123
0.511426306718558
0.5386554486215223
0.5271731800198225
0.37784923326895226
0.5897212169477662
0.6022674890522899
0.5158601616915977
0.6030296776202807
0.5879993864884415
0.5864248605352645
0.45865627907006085
0.49114845554834025
0.5086903765884017
0.5183989228961446
0.5305915182125627
0.6760211360209933
0.5041057458880812
0.5822827111207937
0.5267146143136426
0.44506258144908556
0.3821724918460959
0.5217908391390726
0.42538699211353864
0.44810538160523494
0.49130215558427287
0.4712404531617128
0.3504790488695594
0.6086409526929261
0.6343954607633561
0.6024554368145637
0.49651189691934755
0.6072575769268558
0.607066811232291
0.5949243662426018
0.5275276314786218
0.6598033023416392
0.5536346201353298
0.5894312515016993
0.6250591102407691
0.5884570248637092
0.5596625894832534
0.66354166312483
0.6329826808012803
0.5683739371520712
0.6231229522482343
0.5891709047540094
0.5276540971632575
0.5865330854670437
0.6062047123332548
0.6280898799780112
0.5536650330463594
0.5646668815670152
0.6506092068593725
0.4724303797451561
0.5644485288706482
0.6596044723625226
0.23859020692035984
0.5520814077675369
0.634518739499829
0.6021557580385699
0.5535588227606089
0.5358017302735277
0.4446205723599136
0.6622221379905798
0.5368476187864293
0.5619513076149789
0.35611194410001595
0.5785467548641149
0.5653675513299348
0.559488816446539
0.6412409558570339
0.5742514032370657
0.6349779920213902
0.5109003844226655
0.6067462065148388
0.5685490956895609
0.576665739423732
0.5530671443322325
0.5530257922223669
0.581952096371492
0.5414486125673924
0.5510114656138088
0.5656401609920207
0.5646613518590343
0.6355758372638313
0.5579745359122658
0.6167537779774546
0.47327215451508664
0.4997223925913088
0.527829920809853
0.5728321762313978
0.5877516329586916
0.528454663521657
0.46819093620295793
0.5584381827860702
0.6345534447682035
0.6134891162686438
0.5103501008795203
0.5988817784909942
0.5045391583073829
0.5599345126288999
0.6834134476650827
0.44867725382955326
0.5255385024674074
0.5357465976519433
0.5413455431648599
0.5787287569937116
0.5801998343608129
0.3544390579994612
0.6079237359164685
0.5679755895476564
0.6705678872855185
0.5900680701297827
0.505343951411524
0.5270689192507746
0.5609797802232694
0.5162905228000411
0.39808742420787235
0.49813765610254257
0.5983553859983839
0.42952863648629847
0.6074669750226319
0.5417556926806477
0.4988088950728586
0.619901723172147
0.5632768963691016
0.5327182832156776
0.5956056366759348
0.6049554914716712
0.5231204118701082
0.557110827360656
0.6818836269937216
0.6108070005480672
0.5844008870710264
0.6468253274591391
0.5913211885097458
0.6767152073691879
0.5468986608692614
0.6435673975865939
0.671494552353261
0.6801653498419539
0.6232796914495148
0.6496287985006417
0.45883921445385006
0.6076869661304078
0.6364943873624683
0.6775881879296786
0.6861137572546425
0.6824657815826366
0.5348547621673166
0.6055567671778207
0.5612973052179795
0.554810433861349
0.6185652670916671
0.46153240274266494
0.6583985859299638
0.6844950325135821
0.650205896113776
0.5752427673359489
0.5951761160107246
0.38028510406441574
0.5019266958061382
0.5776086741010947
0.5582369225576711
0.656035818940962
0.6137044249413189
0.642821647818595
0.6620520673101083
0.6325736368575713
0.5379346434768992
0.5832693441906354
0.5836728350125301
0.5467948699315158
0.6669354828839072
0.564853878231759
0.4929780230559651
0.6401793050487855
0.6328739285924365
0.6799247193760698
0.6386167011310631
0.5439616022156621
0.5505153296852184
0.670408478706289
0.693216154430102
0.6194349243122169
0.6777559633352432
0.4415687641286242
0.6126408533162586
0.5384481486983046
0.6551957808119506
0.6685180348440231
0.6653145047818392
0.664436690906635
0.6698937140691761
0.6528441566763921
0.24877086470856252
0.49903815285671177
0.6135502515745265
0.4954951640461415
0.4503935183077744
0.5589464357626517
0.6094523743396383
0.5093572006591842
0.6123954012908315
0.666622142000778
0.6251818247339956
0.48197341666376053
0.6369752830086595
0.6379334943950759
0.6130560331355766
0.6922332519158809
0.4333646666135171
0.40158127223840656
0.6665756699254459
0.6395275059579847
0.6010900473632407
0.6274308548425368
0.6242912404749879
0.5832426500271936
0.5871283370253119
0.5904002903253868
0.574633821302904
0.5038560266556549
0.5409061966547205
0.4821007718636017
0.6396577658896478
0.610370636057988
0.6068499186530375
0.6479803102466286
0.6519984432878267
0.4925020801099464
0.33085448267289197
0.3380959997173305
0.1905128321123486
0.5208324771804155
0.4081198932192708
0.6214325122764124
0.5419720679925352
0.5013558811408962
0.5929619518192245
0.5432644382161748
0.6616288754405001
0.5172327117869316
0.45386333779061344
0.37344927086015517
0.5101640461516572
0.585450787704292
0.5777533639328389
0.5373478902583071
0.5721101291129433
0.5145718702684714
0.5312868055266033
0.49723801502899706
0.5476957340068415
0.5279444586534109
0.2608148260376675
0.619553891645718
0.5749950027204774
0.5438470510021807
0.5461824585468319
0.49677798560234676
0.4700351248234109
0.4922978527955666
0.551473752293793
0.4340318720819753
0.49108485670311713
0.568639362604521
0.5952180367091225
0.4202879684048698
0.5912150316976794
0.49691435897800657
0.5246989013283766
0.5908014502042653
0.48522787352357943
0.5113291269615465
0.6154266503621362
0.6387714556498799
0.5724449204087729
0.5645418294328035
0.4674624129829045
0.606010749859198
0.5337794463518319
0.261874240705333
0.5308977302243195
0.5183218176946478
0.30173580819102674
0.6324079108327555
0.41647409860631307
0.4554694411963449
0.5204779336206227
0.5807185980331221
0.6038135862519344
0.5451822232548446
0.5950927998532919
0.5527922237910464
0.4541689943317848
0.591147906762364
0.6361031597953309
0.6275461431873973
0.598559820425413
0.5041604689413735
0.5479023209667518
0.3948160829233355
0.5855714264116136
0.5921026812246345
0.593819060756192
0.5972281185010447
0.6464013121972688
0.5907744142417777
0.4799896324546454
0.5687362027876416
0.5568528071312385
0.619852051501246
0.7056938022959222
0.45802807902448067
0.42741157197310314
0.5852770545028616
0.5852079555374902
0.485366075481092
0.6026998845330632
0.6171706688197144
0.6499764439168293
0.5998130867935696
0.5512749802639173
0.5777185387538417
0.4958201216746449
0.5429502089972108
0.5944683098557193
0.6375590802088428
0.5546181872692687
0.5884269914876898
0.6310755214424442
0.4812794432904955
0.6433950364457417
0.5834016735113365
0.577623199865209
0.5155661336001948
0.5673893333680444
0.6054770272589813
0.6315304181097031
0.6590647443012986
0.6218202170884769
0.6073302904224754
0.66239304996461
0.6431816677329164
0.5838254551665204
0.5285358181341929
0.6459149192515703
0.5443415332707754
0.3783692736948219
0.5280556262837603
0.6034017425778885
0.5349398791533863
0.6212657009611271
0.5617647771644803
0.5670262193244042
0.3253005472860664
0.6778552311104531
0.6317586351490783
0.5165014794093274
0.6096209120799027
0.5795225184431047
0.599280312778128
0.6079426026944491
0.5822908228538709
0.5067256925947049
0.5257884738658495
0.5544404240303796
0.6379086630707507
0.5865318484104827
0.6567714708420154
0.5599518321261293
0.49770703314787473
0.5858536474524816
0.49333406883047604
0.6197486109965817
0.507801093366651
0.47462643032698426
0.6276884452680328
0.6453491205323205
0.6283945271660194
0.6184291900891954
0.6274616635145606
0.6182723768212728
0.45687893797066537
0.6784141901627213
0.4814462343113282
0.6259251298256093
0.6807076229589087
0.6205914489496229
0.5060730959628146
0.6000650511420502
0.5553456063290353
0.6271362868652024
0.5922069602353055
0.544394939687749
0.5131002970798635
0.6565982739485092
0.6303574516571506
0.5258976768392398
0.6280305766283163
0.5188501348706263
0.27528738492508137
0.5217376372268792
0.5338746891595616
0.5843865885298795
0.6234970313843111
0.6469080088774369
0.6291075081618045
0.5890985935773138
0.5731418770017347
0.623083778758956
0.62359395257515
0.6462001047855683
0.5981770963183619
0.5093865159547888
0.6345254493499111
0.6251178108013028
0.614313757291995
0.5306786175358738
0.5812584352703231
0.5394122878534368
0.6236612716065606
0.4136641869538116
0.6360452553078
0.6182676855870725
0.560641818581501
0.5029777394956788
0.53419933852481
0.5074842214553741
0.5464877217476786
0.556354083602529
0.6129119466048549
0.636177974524559
0.577060847337901
0.6059430357314387
0.5907444476115423
0.540871232252316
0.5119233028885595
0.5874183963620134
0.4893429045229833
0.6005459119608418
0.5291123939458398
0.5956017362370783
0.5157022692550499
0.6613794758520587
0.3319161392618069
0.5429846607101804
0.6072532777848848
0.48195297818063787
0.4066070084698265
0.6444568796271003
0.6873381327770066
0.6077885065021738
0.4958314509340328
0.6159784232636513
0.6042835693065788
0.6152056557084782
0.5302450550918263
0.6154101531635322
0.30921260165224385
0.28654573649422344
0.5507077496926818
0.6014902641491708
0.6025263569942338
0.5196779528089334
0.6150632754916373
0.6292456081566279
0.5788496064438202
0.5718027604469154
0.6502050491661356
0.5421134371371951
0.5888479227551277
0.5913880760313005
0.5181596055625298
0.6780654576924041
0.6334020047526372
0.5277378266162608
0.4658152101176649
0.6635334592311598
0.6209698436927545
0.6737449368421334
0.6399984342592409
0.588509553629743
0.5341933222049806
0.5990568564555394
0.670271014791922
0.684952003306936
0.6158149419250204
0.5329797168323598
0.6227127043606477
0.6432656076927848
0.6349759287806543
0.4973031072395457
0.5381718322509347
0.6658636724053529
0.4166431907289782
0.6098395113829267
0.6517989972108954
0.6071677921458017
0.6173858612442349
0.6894604940051494
0.6787504729221817
0.6469008304643531
0.4942896232018794
0.6503515116667192
0.6232024736728361
0.40907748852624193
0.6264546181625278
0.535036137206762
0.637085985334644
0.6660298809877132
0.5412259524667078
0.6077212636342623
0.6551580035463007
0.5642525085648725
0.5609908830034913
0.6076295082634227
0.6033346928484259
0.5745447820928024
0.45049313541674585
0.6353028707383721
0.5641798420915888
0.582289725279496
0.5630848417595257
0.41142271084142806
0.48920320931974554
0.6385398639185788
0.5253715048221708
0.5938130717134605
0.4043356018885566
0.6608402473708397
0.6556783561067034
0.47870568795984525
0.611464584424545
0.6343426757177076
0.5859731212994748
0.5931200377243657
0.31195641294644627
0.6107419130339165
0.49882938272594496
0.6571795814668324
0.6553174282547212
0.6069624923366156
0.497750373244172
0.6235590215764126
0.5746127342813305
0.5928870214390718
0.6334188658332003
0.5795208796864658
0.5584067679907652
0.6004588270566095
0.5056092361196088
0.5521872106435063
0.5486290919818504
0.5919005843778775
0.591773676876857
0.5611080455337222
0.5727086214732295
0.5963975901719224
0.6210642150423815
0.6042089930188073
0.5930351379994069
0.5120430510888191
0.6147554161547543
0.6738915600501322
0.5480862991181669
0.37254767552714596
0.5932300626612956
0.5309465717122132
0.6009274424344118
0.6263699628438799
0.6743052221581509
0.6655303842582437
0.555908974339527
0.6310782096927863
0.41991273272351703
0.62091753618829
0.5522625820801332
0.6138700915117766
0.5640734827677534
0.5654935303754962
0.5607594917166733
0.554180830206798
0.5509804316390382
0.613703289493783
0.5880783453692822
0.4747872518231193
0.5779191241181912
0.6216553328284928
0.5135756509662306
0.5912251781528682
0.41875020538658697
0.594352296225961
0.48009617747394306
0.5447898139629307
0.6375069806500823
0.5414910764105098
0.626205208181376
0.5547127531280313
0.44249598845617527
0.4774321897493526
0.6021360893390603
0.5888395613083504
0.5492032624398507
0.6684629372039619
0.6384865876531518
0.6073580551353972
0.6319627071636998
0.6681938075386982
0.6768162200897472
0.6448503460462672
0.5425746022724417
0.5950957880579528
0.6441630620213075
0.5528045185878175
0.501357893474542
0.5683517747379172
0.49253209292963723
0.5424483522506944
0.5785074213513647
0.5043581426572041
0.6337532273603622
0.4203856272380975
0.5726476951458177
0.695633281418685
0.5725221785993531
0.6197135584372067
0.5892348347053094
0.3990140872619351
0.679558474279005
0.5095638357830995
0.5056964488893759
0.6109649904661425
0.5528130459385816
0.5425255529301051
0.618245183353028
0.5602823718813756
0.5736200903703381
0.43126095610273374
0.6016974199609023
0.6455194192770035
0.5522989744892478
0.5290334412817754
0.47124116279153144
0.5766329004748368
0.6146372867575995
0.48252669706321877
0.6027271051408064
0.6268685392970861
0.611674479040287
0.6237092500286763
0.6206179531478787
0.48178804752432247
0.4936562144087281
0.53311056020417
0.5615553465048895
0.6221824386424145
0.6394863820183944
0.6484250892791128
0.5717615295478771
0.5904473731155452
0.5947596106106158
0.45939357017429344
0.5619458875818373
0.6369614479427799
0.6372970793307825
0.5336573417618069
0.543459582468701
0.595954006121225
0.5815068212178963
0.5559211649454441
0.5140986977769386
0.43001611735094636
0.49294731147725446
0.4997882448952394
0.5757364428445951
0.5251590879190752
0.5996513818788778
0.5778359643564567
0.5998407732757179
0.46376105850193045
0.5864769128354979
0.5922241167655737
0.6240531547539834
0.5191108627797949
0.45751723687824625
0.5236101017020292
0.6091707608487336
0.6217726775471002
0.5775975553737803
0.6222087880491209
0.6223875165556305
0.6055904427442114
0.552634256092473
0.3918360286819243
0.5852702816853241
0.5917489682644168
0.5606451376695251
0.6106760000034772
0.6287253814793643
0.5255635967040437
0.5711915392167112
0.5905299587426709
0.5582138530548513
0.5807401716919469
0.619989884293779
0.6408075906545118
0.47728259799422285
0.6447676088071127
0.5886708091188616
0.4863350725735949
0.5277710727636274
0.516104226795016
0.62764706900039
0.5704525266297228
0.5924104715968846
0.502977751502743
0.5894394535579734
0.5512421006611175
0.5873900452156596
0.5685229545670973
0.6482044729353273
0.6324894315854231
0.6327224695481598
0.5843613008594404
0.5555023070057701
0.5962327206370738
0.5772915893749115
0.5641594739784485
0.527590648111784
0.6141695448513701
0.5758520107246634
0.5205866190023201
0.38350818584431445
0.5931024939302272
0.5676586238921622
0.6170498589525285
0.4929731327607948
0.4767196071050053
0.5409124451765919
0.6464911657916875
0.400738741424219
0.5936232058632047
0.3880365541232201
0.5907386350322684
0.4103588635326335
0.6300024600270917
0.6241877350227593
0.6320811146344969
0.32345067925603216
0.6036737975146204
0.5848009928235874
0.6062229597422232
0.5945697692951388
0.42393658473784707
0.6421093571334677
0.49088822482328814
0.653397044059657
0.6319347785819464
0.5960244644218868
0.5932231026509637
0.3597726443771642
0.6285962688003451
0.5369884198703158
0.6074297192655084
0.6306851191066429
0.6373677293329094
0.5560650807933721
0.6518655053706052
0.5212408200983404
0.5707447847551737
0.6091497124517751
0.5114717679759715
0.5618091391987505
0.5514247254410342
0.5759372568861405
0.5657873791469203
0.5700616087986505
0.5129590802718728
0.41544632650138424
0.6418646927991181
0.43595141223193923
0.6286131132217799
0.5840265542874736
0.611240106316237
0.5526946122879001
0.5414181434634908
0.6585628267945431
0.5842609865517042
0.6703844767143206
0.656497918426045
0.5721931909816748
0.6595016182085114
0.6370257864462409
0.6496257102832601
0.626474462148446
0.5985949923089781
0.5910997317734459
0.5748309665973532
0.6716550962720592
0.6182781626736975
0.5626872865867532
0.3509220848765407
0.6907870974444151
0.4702999362670753
0.5615979301364523
0.44905452072949453
0.5733950610484214
0.6148419466109267
0.4684316081117956
0.6538556484461101
0.6868022475898975
0.5920741482024221
0.4064839544800148
0.5742492794157675
0.5301468756250545
0.44687735938525136
0.42383880079427255
0.5574914664090909
0.6138781130262503
0.5830302445769704
0.5699405847432207
0.6200171648760359
0.6705815289805063
0.653164201480416
0.5903870401601848
0.7063824558579594
0.6375535581382679
0.6262174770747115
0.6924702157213605
0.6810481081621811
0.5945675061907356
0.579003127140208
0.5993186153018781
0.5764869684709535
0.663434273903905
0.6209176401469884
0.6670144641167935
0.5796945515449012
0.6763883442482779
0.556374727151446
0.554359855555386
0.6014977696712994
0.5816118212551633
0.6710842424822726
0.4835415113375111
0.6634380027766968
0.4425865404303236
0.5916058468889305
0.4603663102980857
0.6696638617658693
0.6702571256790913
0.678503827489659
0.5647437161094513
0.6032947721371915
0.3977218773112682
0.661704103255289
0.6574793760895704
0.5809395768362335
0.65583363763681
0.4166847032169853
0.7021522153871652
0.4739160584844938
0.4662943240141246
0.66598904472651
0.5168817726914705
0.45263450454469395
0.6201762036486609
0.628592569888584
0.6928037298920603
0.613915920434547
0.6491631461742834
0.5637502756623182
0.5575859853154985
0.6404690938611515
0.5248276597736755
0.5519208931319983
0.6565003023109329
0.7045557515636687
0.4448284346898528
0.6565706106949193
0.5468488218383245
0.5836556342469529
0.5971906220220705
0.6299255716209513
0.5834207059435133
0.6751347359703387
0.5391282640645011
0.6624068547980628
0.637116965195157
0.6603414643990814
0.6639444654158995
0.6547771226783559
0.5907732410351602
0.6954129095756367
0.6276854989955024
0.5490411294089674
0.6367045064666157
0.6281782177664007
0.6054131988535812
0.6544929654728735
0.6612631599079412
0.6804962437051126
0.4667903136156096
0.62804286431133
0.4473625104877242
0.5705793195164833
0.5855964854099713
0.6229697574912784
0.5813250439377441
0.5454548178787253
0.6303013630958647
0.6304430373219947
0.5414441930163058
0.5154845088443963
0.6253369591675315
0.6560169857973781
0.6023760905174338
0.5894572317801482
0.44981647780615297
0.6941175965285005
0.5884315868599949
0.6497204958236625
0.6467667185091789
0.4557561631095388
0.5212709516705123
0.6030675490673799
0.6432129763064535
0.47634189165144586
0.4839167509991304
0.5310867887976153
0.34713589382053045
0.5310865514087255
0.6215156021922941
0.6529297089499633
0.6198618548959662
0.6449509742636017
0.6146246771779148
0.5668812724230179
0.4141226803655877
0.6405083502243134
0.6537507998189088
0.6430996644963846
0.6687119128577643
0.6207209676347332
0.6327425379042424
0.631625204425724
0.5609658358798124
0.6314223638130764
0.674657184415367
0.6539319196397899
0.5616313543563018
0.6241345327881045
0.4116708366302539
0.29843917961181465
0.6267063535905429
0.6838346260089119
0.6104524816687806
0.6315976041082224
0.5984026184388704
0.615724641047402
0.67358063918895
0.49337975737511236
0.5236949235440025
0.6546135782684392
0.5826618645085738
0.6404444581736685
0.36631990270375764
0.3956815612771697
0.699015009273684
0.658446864747396
0.5317424605841851
0.6340851142252836
0.6210622025175825
0.5588464328869981
0.6560706504470094
0.6226515198195517
0.5849667327071209
0.667320739107207
0.5955581287323995
0.5462495428761255
0.3553454181195687
0.4446299524018832
0.5629406440841482
0.5579254976497454
0.5215059667186077
0.4617599845827847
0.5762010209084859
0.5792709570028658
0.6344590658186601
0.4968589447658569
0.5394068208193555
0.5588770998577597
0.4827890578197384
0.6762194863277686
0.5689278841611395
0.6164956786621021
0.4697948269975597
0.6560967618197902
0.6046283629860005
0.6872571017841377
0.6520275775138827
0.6551767010509848
0.6596802655811075
0.64132675539644
0.5756274754950895
0.5130252866919508
0.6644118777416363
0.5969735568272834
0.639572222306649
0.6132315733588979
0.6332285897099149
0.6023297346219431
0.614686058385313
0.6231306309650787
0.6300209606099031
0.5756525954420916
0.6725705200191615
0.6370369810699534
0.6345142657508882
0.645932099880879
0.6545044860965192
0.5903154370464813
0.42369889807073136
0.4899297904783008
0.5272297023135961
0.5930204500865947
0.6339059910180717
0.6128451347153576
0.6173228786541207
0.6034118576722969
0.6473654002621427
0.4958981609142164
0.6523454062476297
0.6616616852398605
0.6507446549957908
0.6074771918258799
0.6050983284856745
0.6474662715050121
0.5484354011429774
0.5843053255898389
0.6366938279633879
0.5946956830259486
0.49620133548163026
0.6447734524341303
0.5119416891694472
0.633506318081351
0.6712024676559665
0.6282271328021616
0.6436950958732958
0.6276590756560407
0.628756929706294
0.5488451194704541
0.5861387615462089
0.6264447684557327
0.5000568940532701
0.5436569866989851
0.6357568875258991
0.4724804031550293
0.49803580857921786
0.6249909747337271
0.6574205510973201
0.6507880387425936
0.42550332620182196
0.4990713629441832
0.5732295996061807
0.5532060943401522
0.63400060035636
0.4926545561838563
0.4740799355165642
0.5639581039685285
0.6337958550339973
0.5922836804714662
0.6117276700536505
0.6188718037060273
0.5612183635539444
0.6502596273728294
0.6182471647228234
0.6401685943144684
0.6169580340644182
0.5468457595810956
0.6483018948056073
0.6228962554664221
0.6385584962771536
0.5794452333832174
0.6492232859043301
0.5890426953370239
0.4206064332822942
0.6033731060403271
0.6474453685848854
0.5647575848727403
0.6690208242310899
0.6323192483775562
0.6206839653268831
0.3961379746183901
0.623449395500476
0.5139631099237607
0.4854062385796128
0.6117052598115524
0.5429979830135657
0.5798866071821647
0.5668726499595602
0.6652892195037441
0.5665236815340402
0.6289443101488235
0.657307733413854
0.5256929415415507
0.5881245075836309
0.43258437234019176
0.5731235140513464
0.5062546320985235
0.5685968731905543
0.662576244425418
0.6406384748196057
0.5609949475912582
0.6532813726254517
0.6252195211005871
0.6831852662674224
0.6385597264932188
0.6310346798565781
0.6115431919046016
0.624170404098043
0.5292655481762653
0.38757030624539107
0.6395479580553473
0.5988439314367597
0.5249565984429178
0.5408680777829749
0.6102978696486975
0.5689392807032657
0.5144508904525936
0.6479481023668341
0.43045864521514154
0.608183866589174
0.6027671824935908
0.6323228903959109
0.6097846884788728
0.6749045730969216
0.5547596637618969
0.6532995610715223
0.6140699200193087
0.5601462663722157
0.6525219329436234
0.665389551054588
0.6720869951708012
0.5005925759068129
0.5580529561711627
0.6614274869998001
0.5984725444763622
0.6325439168351467
0.609430192885302
0.6386550189155235
0.6493888801095072
0.6104780905769519
0.5822780170242909
0.6326693100207017
0.5801574663372024
0.626897377932359
0.6608180187804739
0.6296475846221982
0.6172923352133161
0.6392990394837144
0.5783500804118633
0.6598301319572067
0.4997203435770575
0.6713148824893928
0.3592708090031615
0.6500299653535655
0.6613049864746123
0.6170910453138188
0.5789835783481245
0.6357065335074422
0.5969653801766467
0.6033218742408945
0.6299667380897863
0.6548630909329003
0.5141422838447345
0.5852522738916196
0.5153379816935649
0.38724593595278245
0.6363252614661751
0.6236196006122237
0.6465099818168408
0.649194386171591
0.37767174463902337
0.6438124785392029
0.6577644663469219
0.5939842929850123
0.6100641881810686
0.6150617167150475
0.6136171143108882
0.6685405356053887
0.4639798576739455
0.633893315436372
0.670294567690637
0.6186870077127467
0.6405061708581813
0.6741813761338505
0.6464713672816218
0.6421030357544921
0.597611855878639
0.6540189841401769
0.6053009014399058
0.6755711592646668
0.6311967451740026
0.6408638936405785
0.6290202717563292
0.5259115540823692
0.5826155321328038
0.606684162690299
0.5748095897552166
0.6573737509480353
0.6182518482703754
0.480787316458301
0.6742750343502533
0.6832837853772817
0.5444024655343754
0.6748319542102075
0.6423384238063019
0.6117544481958781
0.6495670688707023
0.594581911691983
0.5052839034544667
0.5653197505544348
0.6564537986210836
0.6751790474012239
0.6631561119397977
0.6342781478054036
0.4947138675392949
0.6164462186084649
0.6919017373717147
0.6353376573614884
0.6524651004722043
0.6179813329132522
0.6704761402182371
0.49460081830549435
0.6702256672038915
0.6218618862903398
0.6344740342056506
0.6077299863127705
0.6519203539785693
0.6576270082677484
0.4773568800116099
0.7087152328080039
0.41536522192473657
0.6315887184357227
0.6082973197492607
0.6397039035867098
0.6172013616224932
0.6056383451611239
0.6661047821152024
0.5899310144532309
0.6411490567940177
0.5914913548315319
0.6157912161287151
0.5370656031489855
0.596874770622656
0.6650500613983164
0.6253395394474618
0.5779316094244186
0.5331787466356205
0.6619160910185785
0.6291486367100971
0.6387779855110178
0.6058998485261314
0.5795318311153214
0.6646608461189597
0.648289111477025
0.6106421604889016
0.5998007300654797
0.6274565254210749
0.6622508947122917
0.6328271653619466
0.505522049318949
0.5334494631386396
0.6378671801178223
0.5820107050293463
0.5534157065086133
0.5960108472522948
0.6346269125683475
0.6091274419673149
0.6352445392260924
0.6511496301401806
0.6742115176693632
0.6887734910918567
0.6761452301176041
0.6823006852084528
0.5741887290620644
0.6189914321889296
0.5579439893710947
0.5238047219735905
0.6484217660623964
0.6504026223365835
0.6570924644654218
0.7088564518630821
0.6977574343788328
0.4087541575382748
0.6878253681969491
0.14831868020548855
0.6228156317998754
0.6060651600261739
0.5230626296758575
0.6183418684697317
0.6412378990884957
0.6480964093304471
0.5181793113318952
0.5101844175692122
0.6834007893263876
0.5008514692072478
0.6119374240840524
0.5435959232642991
0.6544725424871006
0.6552944652578649
0.6107832806927183
0.6119270650006782
0.6412332348090114
0.6224148707010663
0.6674225598525471
0.6116823929781117
0.6756079189238813
0.6664726656419171
0.6354674917878933
0.5336272478664217
0.6464586902489046
0.6508521942605289
0.3777445390808618
0.5983269837656618
0.6347633968880345
0.6824462591958327
0.6801710175314455
0.6682843951973421
0.6463781595084955
0.6721627548578052
0.5190388003623562
0.5880226012949383
0.6416439238666211
0.4852756397622324
0.5552552002202422
0.485524683208554
0.6433313117745745
0.5818877189944496
0.7317592120183136
0.5510014910539375
0.5983793198464842
0.6323925102275442
0.6927647846838668
0.5782445791065154
0.5924732843776653
0.6587880806126336
0.619405181398328
0.49690043843506215
0.660937952340205
0.6642781900655398
0.6550105853727269
0.6537455996514739
0.5663802595934215
0.6511231090544587
0.6498705444587042
0.6303664434975527
0.6211370302924586
0.5789059524157535
0.59789899652064
0.6738227785832326
0.6673079593688058
0.6420584642516658
0.6462551761340982
0.631691896913382
0.6328708082982859
0.6578626522303628
0.6873151150737984
0.6113834200345177
0.6817080750746574
0.5869669000906266
0.7135822393075383
0.6288931562601557
0.6256580237995808
0.6679945167338903
0.6627370914097318
0.496993889516974
0.6573263870641968
0.62896473408833
0.6871212120209857
0.5753849277452504
0.5386446678173369
0.637442584645043
0.5895618732544022
0.6183442372712128
0.6473505049082564
0.6845872328883809
0.5985102144935026
0.6383845242757582
0.653743906068112
0.6372998134551339
0.6184310472185117
0.6908352157443777
0.627046633250635
0.4844527501242903
0.6943510948408742
0.7138946548147165
0.6839730847086485
0.6477950791497226
0.667466710007324
0.6664409889164711
0.5481763113816123
0.6424001520823844
0.6330311826852061
0.4471528828535747
0.6385873399245516
0.5731178880902607
0.6859481785641475
0.5733913681414117
0.6540675563159869
0.6662580913400248
0.6383154076407255
0.6528986417921758
0.4264537782485658
0.6768183001728155
0.682416462543268
0.5838077044298724
0.5657094594289283
0.5324563577248563
0.5190209780563556
0.619062840108771
0.6607023765835618
0.564178294252162
0.6365642724584074
0.5692233006326274
0.6100708649587245
0.5731492511328485
0.6567838798126019
0.6148762606014349
0.6486884015237996
0.6449551211182516
0.5070185597189993
0.6430854709507541
0.5722349306215875
0.5213069036434994
0.671615315636422
0.6472911062345662
0.6992339552803558
0.6905780633292816
0.6764594907627917
0.5563490990588863
0.6041751901088419
0.6139037325844221
0.6294673527386184
0.612970208291441
0.665742534410076
0.5599768302224362
0.6403676355254357
0.6652550968174438
0.6650718364712185
0.6571077460882975
0.6955424761563151
0.5964005446033819
0.6936590741297713
0.4643079356089478
0.6653603109391915
0.6254127808848916
0.6641508094687345
0.6928582271573492
0.596257005769493
0.6864404843975498
0.631579081069624
0.5922289842558911
0.6428315447462082
0.5843267238973158
0.4454228157417759
0.6140101830117077
0.6539712143935478
0.6879436306004252
0.5825998153541039
0.6085882780405242
0.6750532048069228
0.6976311775682627
0.697418950015754
0.6424451388393813
0.6947358235131724
0.6179629726747189
0.677539749642072
0.6635235248157421
0.5107916149546481
0.6654418351413856
0.6866902869025704
0.6848193014456944
0.7142361185760343
0.7026182943511469
0.6372203264337866
0.6888169666721076
0.6541540945791732
0.6506376054740605
0.7032690720440662
0.6988663875125802
0.6428735271051137
0.7010643657837146
0.660187554133066
0.6815877088871123
0.6146667383943923
0.685355991825093
0.4417588987916383
0.2940057785704174
0.42630585057752796
0.683353944850312
0.5286234492283995
0.6470255770131808
0.673712078856065
0.6407532191892966
0.653413006605764
0.6733689867654671
0.6931804066681957
0.4923621255719632
0.6626877046690193
0.6887410765672898
0.6756823704516254
0.6511568681569041
0.7001240008515714
0.6722730156887633
0.6614004680278217
0.6839259286403108
0.6769456017375959
0.6604707120789971
0.6342990568401639
0.6738153518167657
0.6625331300565145
0.6573699625565432
0.6192786617860544
0.7147504556128321
0.5686122866484427
0.7083078235400448
0.6725775023831058
0.6934266044789659
0.6605333154163749
0.6447770616489705
0.511839351782361
0.6418853193553544
0.6618547514276756
0.6247206375886788
0.6806956586928815
0.637035736628158
0.6937761006827863
0.658817139713419
0.6368741372657859
0.6827264700875617
0.6517038990062777
0.6622124307449472
0.6656888307095514
0.6652982940819512
0.6945614025197469
0.6428079405544298
0.639193721559923
0.5537869831254445
0.502826400964508
0.48557866276118256
0.608502293580487
0.6547529083697663
0.6328928588809346
0.5991865019256453
0.6387117709381159
0.6973507457619982
0.6350630499911886
0.4193904062307038
0.6787461116466236
0.667260054040754
0.6293967096935227
0.5519706999144047
0.5522481117101699
0.5816360394219255
0.6638526364675467
0.6406329235845304
0.6290520159720894
0.5481051364387899
0.6176317503296702
0.5768513410612272
0.5982756055348749
0.6709458623330129
0.5889939872237688
0.5663619251741822
0.6599259167859947
0.6585618448934312
0.6621926186140148
0.6624603561860782
0.6681094169975988
0.650009082906998
0.6458421533738589
0.6404142685613664
0.6569659175362302
0.6618520910116906
0.6839730027476872
0.5480594078853221
0.6335609440106625
0.6476995230529424
0.6401152300420934
0.5871618626049147
0.5468393855956932
0.6436440942791333
0.6337034543957132
0.6162829721439137
0.4141890962450562
0.6953209177361299
0.667734394514478
0.6323661379111087
0.6072562456283349
0.5748572461163535
0.5701551641389344
0.6884174381364452
0.6301323498169557
0.6527792342400609
0.6177191441623133
0.6218960228447102
0.672729782613983
0.6801272218678495
0.6749102981928589
0.6129547142735104
0.6977821827527688
0.6452624129044302
0.4508197608959197
0.6229843601663171
0.7020081851431587
0.6066261997790197
0.38113793665109397
0.6327810624297188
0.5123125363781676
0.6054021868987698
0.6450432515036271
0.446218585562602
0.5594535515980593
0.6324644446464904
0.5699680348312709
0.6759983181138675
0.5879557063698616
0.6233077105030815
0.6958504707184551
0.6119060794747908
0.6147097045649329
0.6271722430297716
0.6812709329608108
0.633781546504663
0.24284706870770256
0.6068887238733569
0.6422050057275034
0.6484821482660041
0.5537402312865
0.6501523770260283
0.6483234599160577
0.6650826579845122
0.5616543119460664
0.636117178331131
0.5861396806687575
0.6157157485295047
0.670722940791037
0.582376717512076
0.6309272290903358
0.6324424917297082
0.6719753920924076
0.6592600536283163
0.6158613081658166
0.6343408792086684
0.6266508806586313
0.6194791082117078
0.6730129236311956
0.6869611036324058
0.6844845148057049
0.43523121922805913
0.5795708196685773
0.655336965083154
0.6618956712713049
0.6573368199423956
0.6501221091168885
0.544655897888367
0.6726954100833323
0.6510802503891374
0.7166546204451124
0.6416411841766424
0.6507605218951058
0.6602579159552387
0.6349772032646955
0.6753645298356993
0.5908995057291615
0.6144566764051559
0.6489153202667439
0.6851833441708682
0.6851336131660797
0.5854154790186888
0.7007700600917586
0.6648823888919645
0.649497702587775
0.7313431972253329
0.6685663234500716
0.6450987228360522
0.5818752139400515
0.6436043054653799
0.5749587946983019
0.6946492988577174
0.6532246450552662
0.6006486748713304
0.5125269264221243
0.6974943950754084
0.680850826345372
0.7088045232447174
0.6547281086438871
0.5142871994626159
0.6783682667083301
0.6737052912197997
0.6253577396805317
0.6721127770418238
0.6534140600223728
0.6673998543052144
0.588673623824456
0.6137835467486574
0.6536965782884088
0.6524445097842562
0.6516996816677598
0.5929647362340895
0.7139359574526357
0.5866769434160155
0.7223570439994915
0.6671329516292096
0.6710131880991765
0.6531911211812762
0.703547549752642
0.6282212248299194
0.6662797612199347
0.6571185954951079
0.6714149761622926
0.6182338706233066
0.6737703195090566
0.6202982396919545
0.6699271934244213
0.6703643914988446
0.701124436159418
0.44958491585058236
0.6688353574619746
0.40224949351194583
0.6593633637719681
0.5915760308967849
0.6078036106385205
0.5960854076656221
0.6741925341991134
0.6978786152929852
0.6648696517191636
0.6769616510842457
0.6815113162801896
0.6666235994136126
0.6402438088011158
0.6779066102043037
0.6393601797612295
0.632655882929393
0.668036552729949
0.6701774433600697
0.6810571768912219
0.5163146128077971
0.7078142414681082
0.6457286332350484
0.6361398830458961
0.6576796195001523
0.6589682546211639
0.6643555508832794
0.6424275556322059
0.6626346694319936
0.671919836778886
0.6788223891582339
0.4668054316222562
0.7187408558834889
0.5363881944405248
0.6762227685289893
0.6067512091006652
0.6366235692178135
0.6784591213458689
0.6831551855545152
0.6389605397557885
0.7326749660565985
0.6722787059401142
0.6177741577380585
0.6366747267389815
0.6709643648383015
0.512658950797283
0.6975157753894772
0.682043450326297
0.6637647700960223
0.5043091048877293
0.5337289809806596
0.7087901537000019
0.6668848766715785
0.7113981722238085
0.6581146824517642
0.6842592214559291
0.6246014530279294
0.633975945863511
0.6137844877701437
0.4248221926906302
0.6968040231650167
0.6477447515107072
0.680320711134631
0.6596671641820094
0.6736418218264817
0.6787617440897082
0.6202215862835212
0.6574345506479541
0.5260592534437533
0.5931510268123277
0.7138487892324207
0.7188679202088057
0.6747618032275338
0.676485776775314
0.6910656326739242
0.6539035754956138
0.6828354710746669
0.7028054962466611
0.4835440497792917
0.6490276303793455
0.6711307251449686
0.657029292462084
0.616379818572057
0.5405250867011023
0.6929464552432322
0.4473390895744443
0.6910129636511314
0.6377797957254713
0.5132898969642689
0.5815430382018698
0.6706967684190478
0.69587525037657
0.3519067794789542
0.6629462159752579
0.6959213448783629
0.6419565758888668
0.6849969983077305
0.709305058285148
0.3955726468966395
0.6314017441690557
0.6665059167818851
0.6925502180557266
0.6464773394969895
0.5503265226042402
0.6436266914875972
0.6763574106543154
0.7003071566163233
0.5986105531296433
0.7019611459722634
0.6706689933620147
0.6121228599241456
0.6035920908403302
0.6526691805438303
0.3710504533867159
0.6736265303680995
0.3739831751087599
0.6243406697745045
0.6854484795362517
0.6676810681172023
0.6816593282476964
0.5329630343854848
0.6735914866671652
0.5643083741910817
0.3059347461065295
0.6663823633525527
0.618200061180771
0.6692791498435678
0.5474953428726583
0.6617789655105685
0.651486892423138
0.6489877666978491
0.46857893001240447
0.4482939184132293
0.6711137185568312
0.6376027657542871
0.6648588939073418
0.6714870017689408
0.6974735741733893
0.6710840886883273
0.7139168398981203
0.6224050646323823
0.5720111710173255
0.645242170184056
0.6756486253924033
0.6289320404250297
0.6239264183021871
0.5998137965491006
0.4996889874077305
0.5352935877059467
0.5188304622868877
0.6020218275734271
0.45456019040082113
0.6474122079800125
0.6579964313359652
0.6728906342154906
0.6362301820082833
0.5305861622468492
0.5016781079921167
0.6646693497860809
0.7036276739160815
0.6683804727415686
0.5710683048528943
0.588014970957339
0.6112610199734706
0.5983033896810714
0.5412597780494655
0.5645858423197826
0.6561045393122411
0.6258768072058304
0.6391437927320104
0.6725509370412185
0.603398243968831
0.6501251467629062
0.615292996825134
0.675784810447487
0.6150375157028403
0.6910297548835601
0.5900930675728673
0.6443653020696974
0.6055888066793303
0.5564119321778186
0.6391424930815236
0.5940939627374621
0.626416971681103
0.6472084011301138
0.6895199882376412
0.6205397795606067
0.6564569171595624
0.6851547489549091
0.42955655502797596
0.5884760308997953
0.6775558322873262
0.6071268604769229
0.6365096482433792
0.6563257890425502
0.643076795654147
0.6541365580151328
0.6749151302394617
0.6242765469172857
0.6499571496070254
0.5453072059820854
0.5775428787900708
0.6323130032166502
0.5670200608833711
0.6428390519934726
0.7197233800235096
0.6422200828120121
0.6204958566925307
0.6417616181205709
0.5951313941293952
0.5942874308747697
0.7209964686911431
0.644233340542071
0.694665475338748
0.5964241310955543
0.6516652815393589
0.5234028536434093
0.6809797711017564
0.5765067197560291
0.5840050536968171
0.4363293918923282
0.49860753873820984
0.6413125866679033
0.6526110004185057
0.4787070862398526
0.6528359108576423
0.5855390967905972
0.6597226912436589
0.619540723659798
0.5275118102933332
0.3531062906919923
0.6706930663655248
0.589747554558972
0.3636353317413999
0.6734519556115588
0.6293870247639662
0.6411933263298037
0.6488476543803049
0.45014143619710434
0.622532712853307
0.6259934951860817
0.5625583276454776
0.553303557419642
0.5432815585916226
0.6010557156568025
0.6523239387571153
0.4820336355729056
0.696191514034818
0.6691441342193598
0.6548532306118717
0.6352705212759064
0.6548978272428141
0.7071926871686491
0.567529522781187
0.6848154643436696
0.6790257643930481
0.6049033294975219
0.7075818144529332
0.6036625178163912
0.4616235646830518
0.6851637555733515
0.6530572606065115
0.7035600559147174
0.6489119036675404
0.7110419294463592
0.5685840556203994
0.6757508084958493
0.7079785792421954
0.6135919219209315
0.6262349014373797
0.6638739020707862
0.6515445370863175
0.6313569542972791
0.6159107107896853
0.6253374230833374
0.5271737749178261
0.6159656933294234
0.5910380375802471
0.5125958319075019
0.6161225706177145
0.6161512812221381
0.6861778008213659
0.5388615083298914
0.5476645024539264
0.640406627906552
0.654120756674274
0.6261590179581007
0.6447002953299638
0.5572884526968358
0.6535762442522284
0.6486838939967182
0.5712311083789036
0.5650966743734511
0.5171634020133299
0.6775826477040238
0.6641417834528596
0.5282884149241122
0.6368750562063402
0.677645228876186
0.6842353084802737
0.6829921222731172
0.6547670883369615
0.6380857561047365
0.6166539146229847
0.6813751211522697
0.5050367401813777
0.654694514682779
0.6839497907420555
0.6771351771779677
0.6401782296159857
0.6164570835901841
0.6587991219235303
0.597451662756984
0.6914884799073481
0.6636541426048008
0.6882641772485885
0.6809936072662319
0.6861688040147915
0.7386207796262845
0.6849600447625386
0.7126373694873277
0.5571265693739229
0.6643265086192095
0.6628757730571226
0.682028937296154
0.5753793993213528
0.6630335238745276
0.6849837852086462
0.7053441867582879
0.49359573394104783
0.5881016317207968
0.6685895763651486
0.6479900814461327
0.41394759763906586
0.6697843874417618
0.6989922524699251
0.6639209389059694
0.6892407423124195
0.6534013153913797
0.7177874218974598
0.6239244341668848
0.5550377605155346
0.6563279151136284
0.6444416146197527
0.6307420736497584
0.6830137127622428
0.7256411526403963
0.6933879690738054
0.6849658548554269
0.580114940082674
0.6689089470752684
0.7283985845156831
0.5217754983251424
0.612333189969207
0.7007760663379251
0.6430458039908727
0.699022507997956
0.654846605323363
0.6253682871959251
0.6088545092767553
0.6490253427865427
0.6647652113308352
0.66490549876774
0.6112693265579299
0.6057228824037747
0.5878432594773546
0.7085032960852067
0.6867119294482689
0.5331863011696156
0.6239373298991386
0.5326976915393271
0.676983530021619
0.6114284545604513
0.5692779508423557
0.643937313454647
0.6922725986555934
0.5322070755584744
0.6518915085217514
0.6940607944209377
0.6193499668960115
0.545272617389642
0.6906790854740461
0.6553880052554439
0.6534467433704703
0.678542340014874
0.5762319014564999
0.5765701308395503
0.674374044800566
0.6938221708714716
0.6860552538592508
0.7011296500001866
0.666822200225342
0.6794000360021724
0.653168163468059
0.4458253176296719
0.5550057407102369
0.6637752215118575
0.6987484895089503
0.5317500413156226
0.5944459573354158
0.6994251006572787
0.5565564765214583
0.7186463357298445
0.5212568292317022
0.48707695333325274
0.6721003136065379
0.6089140593943643
0.6846947814140018
0.7043481632495667
0.6608689193374643
0.5881074444759979
0.6375294185454052
0.6403853419181548
0.6720610665717701
0.5426361782978227
0.6762513149440464
0.5776178160291207
0.6206561711885576
0.6159554584990868
0.6801300735553791
0.5324263564455585
0.6936144550667598
0.6671981482966893
0.6847231654078354
0.6862928928956618
0.6511986074486829
0.5212061141026553
0.6318116891402427
0.68856478644571
0.6240478073634026
0.6449862624964553
0.6336927914242657
0.7074533590629669
0.6626996080788841
0.6814536054490397
0.6626214214231144
0.7014418986796562
0.6912386113879242
0.48543814185214873
0.6581272148541363
0.6153483325485068
0.5136901134480962
0.6764215557593742
0.6288000348740392
0.6162020189072956
0.6136629843301554
0.6733649633275163
0.6736128859702473
0.6713382903053261
0.47138105827747767
0.6776617337868719
0.677333997210154
0.5611221937741785
0.5437933949845084
0.6743196901707533
0.5484519443426155
0.7207335699853168
0.6437862679953085
0.5755824834592356
0.6454975038700028
0.6693568676314586
0.6767957418939408
0.6773311959868648
0.5772541912583853
0.6407060576353635
0.617151960691613
0.5889674550825541
0.6698123609900979
0.5405162260845718
0.5964829894985162
0.5634847022806904
0.6065484446699606
0.6731786615010354
0.66336876532081
0.6460613212696059
0.643655348513162
0.6268672912807975
0.6438825268440516
0.7028434840326867
0.6778307350873156
0.589275533919053
0.6356506442905314
0.6639466216331469
0.685609849648677
0.6660942470112171
0.6520070806285538
0.6823854178948048
0.6483109746825845
0.6855615924714304
0.6594114790650404
0.622162176978198
0.510672523797152
0.5966825336554069
0.7024081579627901
0.6215237580605981
0.6582675429288565
0.6912700275539224
0.6585200009398019
0.6503082257854426
0.650409192955673
0.6520157707544934
0.4354036781902687
0.46788497694250686
0.5708622690277889
0.6740821350204095
0.548753483796957
0.6490268543995613
0.6828994832108707
0.6415918285658729
0.5353702454000665
0.48219989087989407
0.6145317503639106
0.5565954245404567
0.6599211483024976
0.5307654607804652
0.6927128579147298
0.6960699660687996
0.6751689109125987
0.6675428353845042
0.5846160997703064
0.7099275734709082
0.5662118646192872
0.7040696511074397
0.7021544767249039
0.5836790781406824
0.5226375477593834
0.630115672792541
0.5470123476234627
0.6358390445724137
0.5425759075923449
0.6862188395177999
0.6946087453052207
0.5662915085062504
0.6575293755831758
0.6917189890637263
0.6233555446792581
0.677976854939291
0.4777446806250259
0.6750261638723666
0.46496446627052096
0.49313495132081014
0.5857972569469964
0.5161558330396792
0.5380082443720319
0.6826053020224235
0.6380034333082953
0.5803706211373482
0.5957544508426671
0.6343441374327897
0.4903061561714244
0.4547827847757761
0.6910656770129449
0.6866081498072666
0.5498283087498859
0.6306546191339314
0.6235331887846829
0.5115684474587884
0.49596571542751716
0.648243337239136
0.5374180906549938
0.5898361310899197
0.656342828586297
0.5942337921620034
0.6125206065829857
0.6966134556367366
0.5851426190989936
0.7002433544645449
0.33038222169257997
0.48519496493567826
0.7104235167800514
0.5243210527945473
0.5815959038151923
0.6851687950379725
0.6342297541669031
0.5701188859979779
0.6148481068636339
0.6093732645017105
0.6861289408487056
0.6664854011444679
0.5829336034473066
0.7060034575516099
0.7168593862385308
0.6952798657790312
0.7028211888147708
0.6451189662454326
0.6604342287178924
0.6193165477669305
0.6807137040447452
0.6179816920079869
0.6596351004056608
0.6852029865305043
0.7023143373388397
0.7040135021743577
0.7136258311520699
0.6784585369494939
0.692347698405598
0.6503779105940463
0.43535101710914836
0.6109148771854044
0.6953833314540203
0.4861399990199519
0.6017753328552423
0.6349469314127053
0.6834640224756157
0.6905973864621123
0.7199224439579202
0.6959563559278066
0.6843067980273667
0.6599002217489601
0.7080375889220182
0.7374679583712748
0.7238293649600562
0.6393514422687885
0.5238036258843127
0.5423964888174291
0.48902621088540016
0.5021376886810448
0.64395067173395
0.6746228684274864
0.6606362993584882
0.6581828684241754
0.6765256607198549
0.4277342890243294
0.6676981864935568
0.6308062591513812
0.6057848886773808
0.5448723178859373
0.6685645648900411
0.5327850710691895
0.5325969635683012
0.6330384183497458
0.6278989791948384
0.5907154802531231
0.5179792468705892
0.6598593552374891
0.49240303108951794
0.7233600302012824
0.703096092436531
0.7001482949247325
0.667264136830899
0.6296827885461194
0.6356448361795362
0.4843631813538161
0.6562957548407061
0.6776688046813528
0.6322931782867034
0.3925221195003272
0.701578493657944
0.6828306031585847
0.7210957914576764
0.5453470881372966
0.5701299937926216
0.5354510611706346
0.6350151012268614
0.6865756190203978
0.6511596011381886
0.6732890441206197
0.6825807803896596
0.6505154947015087
0.7155059617983787
0.7002866972499827
0.7271394407237713
0.700796309410447
0.6985406120326022
0.6973507208601921
0.561328957121261
0.7161685899047445
0.6740179175668171
0.6335573317504344
0.7132053540052766
0.6022016281387895
0.5910654622495699
0.6582941475171593
0.6966533925548142
0.5369424770632008
0.6998660423553135
0.6904929170570427
0.6702117140737174
0.3093634479731691
0.4977534051877569
0.672059491875128
0.5247258701561135
0.5393009006202902
0.7038878264613687
0.6939371833954224
0.6784491505395418
0.6505931635773691
0.5157901956170626
0.35385479135970693
0.6903493850155423
0.5113192034972343
0.7149110557987791
0.6133271746800159
0.69138231899099
0.7170836646426098
0.6839855097895294
0.6813759361497399
0.4468869120931784
0.7234153900395186
0.5531394867526231
0.5000495753874827
0.6932891790977947
0.7105265671596958
0.6264808974819221
0.6402801974730983
0.45755139542151246
0.5247812863643737
0.7153004871354964
0.6596017454101148
0.7106287549469212
0.709583215276996
0.6241187068296518
0.6344835111952154
0.6598039200602078
0.6911183559951221
0.592655483477226
0.609980716373746
0.680893476679029
0.6858849212717772
0.6721065056827872
0.7174338718963713
0.6550456670669468
0.3867780821046955
0.7169797075043447
0.3596909866627508
0.6427209456604218
0.5837461909094107
0.5871845508271996
0.6939362120784938
0.5863833160854695
0.6744364504693459
0.6295324337799466
0.5447372977206743
0.4091009747955535
0.640466180962122
0.6611879205806137
0.6927426383340854
0.7033424131586091
0.552619098906376
0.6898413939535666
0.6626938950399017
0.5990626576930856
0.5524765492961123
0.6708385893820527
0.6880116796149964
0.686855187228174
0.6847187053705781
0.6692139382216095
0.6071399975050864
0.6451318647848389
0.6751495542284575
0.6815018671789079
0.6808209556154351
0.6443049459677009
0.6376105370744951
0.6309790834866853
0.6380855666123721
0.5107988669757799
0.5019701072063925
0.6272422396354173
0.6429709919280154
0.6388328597318871
0.6761551112833734
0.6742136214689158
0.5590669075023844
0.6533994366833159
0.7050820229178512
0.669266706268765
0.6632910865125168
0.519091333025026
0.5577536920289683
0.6853787189954633
0.6787633979061869
0.665188314480799
0.6032567229250598
0.6819996812631074
0.6969247059089113
0.7066410329333509
0.6402126792526209
0.6721645548666835
0.7401682886799731
0.706365551851322
0.5393181220736046
0.708201841497118
0.7005009152698146
0.6792475357334875
0.6529932268905211
0.695586129232424
0.7046184989260134
0.6988407110952974
0.6768704938901002
0.6991263568667638
0.7196793186112177
0.7386323452492718
0.6687524719109714
0.675801152100539
0.7052081214816284
0.681548405793488
0.5498404980288102
0.4802679078130789
0.6572738497462284
0.7182771029732136
0.6956184529754555
0.6790835550363772
0.6169392772257644
0.6666507517552064
0.689022253072887
0.6842513261263163
0.6361306219622592
0.6786511628155975
0.5408608266527448
0.6833236608050881
0.6922395809266098
0.6855774941792332
0.6580329631746491
0.702089477663244
0.6797835402729278
0.5365585041344988
0.6220896943658817
0.6843753751057498
0.6799042834543245
0.447107968448127
0.6660340158390758
0.6230068790011994
0.67110566438332
0.7006815439155113
0.6664959021845727
0.6724083571642963
0.6069652452250235
0.6372207639283742
0.6626632905204475
0.6419565464256567
0.6892317637333667
0.6937563621546193
0.7040583772143191
0.6272063078308062
0.6571198637763067
0.5815976235062886
0.6501337431621799
0.6654501072547692
0.6574398855132729
0.6656337109811996
0.6845867704423937
0.6081806415918379
0.6933408076256368
0.5736732939684024
0.6853522430832237
0.6815694126557892
0.6780458048306788
0.615521217426786
0.675343469830064
0.4250411061969963
0.6909013127889746
0.6566278186700271
0.6218728828717957
0.5477474691113787
0.6432235428372617
0.5849157304792157
0.7035257795713453
0.6720699937884662
0.5871126427961206
0.7175339805193001
0.6716998151034157
0.7044238936057096
0.6818084607645742
0.6741813152722459
0.6498872025227652
0.6494637435135922
0.6647328494842155
0.6854859832475015
0.6741821654692924
0.5637326864966582
0.6982581358093963
0.673495532932353
0.6933701794952246
0.5625642719702009
0.6736520745387883
0.6734501146898514
0.6823968109623527
0.6958655558785257
0.6235747601520553
0.7165575804588776
0.6585971662553409
0.7149313816960651
0.6713363919354589
0.6909150348908056
0.6707202133634833
0.6808514915709116
0.7105662782369904
0.47335196250005707
0.6377742413380608
0.529057240397631
0.6801851174862144
0.4111535517027463
0.6623143882169552
0.4519745886571662
0.6449880627385539
0.7138695810112801
0.6944638274265533
0.4884762381280712
0.711805052892195
0.6462102004711601
0.6812172417253167
0.4896160225620021
0.5348144439479929
0.6271728041367998
0.7005521947980228
0.708585631157623
0.688342222525407
0.6750227952578973
0.6281849044510877
0.5469101636543328
0.7071674320003202
0.7041610865156119
0.6743649625129366
0.6698688676161524
0.24057931893537668
0.6995822919949533
0.6775672498939069
0.5789355945943149
0.5905071908096513
0.6156795657310482
0.7057519418695644
0.48824421824970216
0.6249731564510389
0.5855653025422419
0.60916518186576
0.5802530887549052
0.5647536160786889
0.636422295579412
0.6886969781621208
0.6718216891703692
0.6716688615309587
0.571055037810958
0.4926068229382763
0.6894460694603748
0.6473489886879642
0.5941860374047433
0.6632839290104074
0.6736178311623714
0.5579159768958389
0.46849721090531893
0.5743870030564735
0.6062005130582638
0.5696185857050101
0.6585317614667135
0.5753053650361091
0.6633802505547276
0.6084038699658472
0.5180347894417188
0.6045391951946533
0.6301260095221315
0.6187124966908635
0.6266300244603688
0.6766872017576077
0.6761270611427335
0.6819404308517563
0.5858094825853564
0.5646894222302052
0.6302743782306024
0.582040952751168
0.603268960581904
0.659741552304335
0.6662101977847534
0.688584184065836
0.48892432244156653
0.6523996926392465
0.6598893664329328
0.703915398616841
0.5734929120851352
0.6159810952240655
0.5319156204143374
0.5874297355035162
0.4681039398666872
0.5862942952478867
0.6045878387428053
0.7012237710656908
0.645241138332279
0.6750425654283564
0.6931853461118881
0.7035270090563941
0.6934891902407168
0.5584240045508152
0.5920461806175793
0.528657568183103
0.5039496737995964
0.6730294391501165
0.6749900625676313
0.5921928093864381
0.643077042530268
0.6707516887106244
0.5210886088087715
0.4702163165818134
0.5679074421382933
0.6860504784495934
0.6260763213830908
0.4908589292763243
0.6154348458907206
0.5708786579745276
0.5262623774656583
0.5816225489793724
0.6855809824440696
0.690358696422739
0.6852844945655927
0.5649633020162931
0.6041435604467648
0.6636488821555849
0.5483344743631061
0.6714986191812836
0.6605293433142282
0.6662917839071993
0.7025687297664633
0.6790866784312337
0.664545881565704
0.6788615459899089
0.6940029080858211
0.6536718261671696
0.6709791422820718
0.6832867992116072
0.6700406108538455
0.6885405473917993
0.5635679138305554
0.6825860299084952
0.6973286634308505
0.6311685835927949
0.700152913583167
0.5441925522578078
0.624216080615359
0.5691210865571523
0.5720772777534592
0.6726485885649142
0.6692178653485286
0.680252332887681
0.6823759612146872
0.6486247955637569
0.6009914953698113
0.5097664062202906
0.5225008315042042
0.5243938203432258
0.6768130140780234
0.6761992358315483
0.6610358549217387
0.5628098787558556
0.670965565122988
0.5554649263200768
0.6835892078859815
0.674414437321895
0.6638727232679724
0.6712198073822871
0.5012156298716893
0.548890536022464
0.5900861792561256
0.588726825410023
0.5260117010250052
0.6357757148247397
0.5863452292305296
0.6655664861776315
0.5515848369759345
0.6470799757251562
0.4871298138692539
0.6505977938508901
0.6403631454240061
0.6828474150791098
0.6534338735139109
0.6562570066240211
0.6263622283784912
0.6861838957412586
0.648549233620361
0.6616412946385658
0.6288084959321185
0.6891452952195323
0.6978738304878479
