0.5073282716657173
0.5303495993536058
0.5390725513335269
0.33267660460958076
0.4911463330767669
0.6589297187862196
0.6291851403953919
0.6959779395976831
0.5378319532024581
0.5796033726094395
0.6613892066576967
0.6411062049073786
0.6241952546305461
0.5728220980063181
0.6691957047595589
0.6671387861006791
0.7909389346765353
0.7079141375458956
0.6280778679711263
0.6778336833828349
0.6085160017406909
0.6811308116413833
0.5345253838752746
0.643966438655922
0.7932936028177063
0.744914569392192
0.7889178695275137
0.6176618019962298
0.5835065850535524
0.6344094361051476
0.7717557309361049
0.5280615481018115
0.7486886302493663
0.6001079370328494
0.6817755585077407
0.7172344306335969
0.6798239765925135
0.6990101198936144
0.6456095205315208
0.7897391396964251
0.5594234918919381
0.7567302831820929
0.5870034900789804
0.4729642091670037
0.7253087801097398
0.7646183838630314
0.7923731587561376
0.5423012250570483
0.6226589147087117
0.3704677682783872
0.6785130349425705
0.5934459297173877
0.7474733064617146
0.6553282024611794
0.4660052317609758
0.7771187810614171
0.7673560581588997
0.7063625204582649
0.7253958145956524
0.515743687852201
0.7053930916303421
0.6237399335008696
0.6303248173072352
0.7685005674242043
0.7175422942734868
0.6574244454217704
0.6493732938326322
0.6302073406965699
0.579557897358987
0.7149631190727073
0.7731749289041231
0.6170434584954798
0.6545096199306896
0.7856374394835938
0.7457465679848094
0.7248575239302311
0.7873437303285917
0.4652536240468656
0.7925430338891885
0.6524067839967077
0.7856374394835938
0.7376708063966447
0.7149631190727073
0.7321671851806666
0.7856374394835938
0.8112856002129359
0.7856374394835938
0.6688169699096026
0.7995897891721481
0.8162259387304512
0.7856374394835938
0.7743515833591538
0.8168067142944976
0.8133016737849941
0.787364374014668
0.8031581532145979
0.5632313787759482
0.7876892923419408
0.8196107467021005
0.8158947208964505
0.8179789025433305
0.8196107467021005
0.8196107467021005
0.8196107467021005
0.8244613236140534
0.7136473669208039
0.7136473669208039
0.8140026818868948
0.7392451703395093
0.8212482020598896
0.8173196775090845
0.7663656091510158
0.7140280817849722
0.8024571451126971
0.646667213286394
0.7227636264986697
0.6361734852917479
0.6005182592784943
0.8027820634399704
0.49761792935394866
0.8196107467021005
0.6633690255183649
0.8036423723575936
0.8036423723575936
0.7067151474209252
0.7015084816611911
0.49964421769110096
0.6918102224489765
0.5321783366045216
0.8048895765621857
0.794430390312964
0.6422753656820032
0.8128400019497627
0.7501393626075352
0.7960541978709891
0.7747454589929076
0.8323212496160535
0.7964096669899172
0.8059006123722631
0.6685066569067795
0.7326033576834121
0.7757193252042006
0.7897124219144591
0.6474775379200518
0.6940208908793489
0.6230019325230716
0.7611079292082933
0.7441924213447905
0.8022325081833064
0.6278913133645707
0.6090063859627309
0.4328837897524338
0.8027517741801026
0.7984981058221652
0.7986619996730541
0.7365971880690236
0.5583269096365793
0.6305286989746738
0.7961335563233802
0.7635774490558902
0.6486530086204128
0.7457403122879148
0.6737644057773541
0.6453391937343079
0.39757414810656166
0.6703634158868074
0.6364753945243387
0.7472339233950269
0.6805640888593125
0.7856374394835938
0.7167715822956783
0.6843106934887991
0.7266957246356021
0.8086339533383585
0.7337278106508875
0.7566548638050422
0.35291308180329317
0.8164139836177651
0.6818788110036471
0.7849875844698796
0.8147215796319405
0.7968475840253204
0.7558061211306472
0.7577836222688055
0.8203117548040012
0.7053358055508562
0.7887841563889586
0.7736591276703062
0.8093591505901314
0.8147036899887955
0.7245953671867299
0.6141914569943725
0.6706402710273695
0.7941749399419451
0.7840812598566922
0.7579166361395211
0.7776654659894394
0.7474733064617146
0.6884133414895391
0.4743469259543873
0.3365564333759512
0.7209866739129227
0.8055892995223443
0.616080815396524
0.7173895812754636
0.7388326940956178
0.7959133446774358
0.8157181462135529
0.7136473669208039
0.8074482130603929
0.35172588458387827
0.7618774860170232
0.5327761839355479
0.7433529671397632
0.5817551583351479
0.7769257513814775
0.6096521309485687
0.6969429418308227
0.7231670843144389
0.7588033691232532
0.7964774793393774
0.6189764106585957
0.578270222459793
0.724127627375949
0.6368510403044962
0.6529668746266049
0.8083946170716892
0.7973820539878878
0.7707164885514267
0.8191834854801181
0.8076953592527972
0.6664302635870395
0.7428260367912756
0.8147036899887955
0.8194227018147866
0.6404159536707589
0.8196107467021005
0.6598625876295406
0.7951379123288465
0.7958740032304996
0.8194227018147866
0.8147036899887955
0.7856374394835938
0.787364374014668
0.74706254234083
0.6676164024400667
0.7821279101575768
0.7248446217736063
0.6352552062009931
0.6182248520710057
0.6839559613622669
0.7584969781349866
0.7856374394835938
0.811198649479292
0.5548498891777359
0.3687214513792604
0.7021899505238864
0.8154046980906962
0.8011390846330958
0.7978450849299297
0.716376605480925
0.7939475536076951
0.6244802953811193
0.7172485626536685
0.8196107467021005
0.8196107467021005
0.7276844967466666
0.8097467105691755
0.7254996691010572
0.8134730777702031
0.8196107467021005
0.6539113358093256
0.8196107467021005
0.7239505921095665
0.7823499505220428
0.8040098199672672
0.6944873010507573
0.7262710103384488
0.7628735531717359
0.7564099570355279
0.7836643400300873
0.8069926008678878
0.7978124736264658
0.7968642703053846
0.8279388657882776
0.7785359566252583
0.8173082073046681
0.8173082073046681
0.798488742009749
0.7968642703053846
0.7101642776781957
0.6350705440094755
0.818858567152845
0.7603458862247492
0.8055905846640864
0.8203117548040012
0.8195595752547458
0.8164804469057835
0.8031581532145979
0.8196107467021005
0.727207001901602
0.5997201049897505
0.30632032517293045
0.8090956251735899
0.8192346569274727
0.7148353992604365
0.8182944324909035
0.7371951805165563
0.4149756013107859
0.5249784126096071
0.817959481263492
0.8107726369983491
0.7167200561475336
0.8203117548040012
0.7396582542347596
0.7822284905111957
0.7743295482178517
0.6902378349482327
0.8180092154065689
0.7265560805028732
0.6934655151246202
0.8196107467021005
0.5458691848706495
0.7085914825107466
0.8045335718864252
0.3027875987274186
0.8099135437727631
0.8032749247479203
0.6850266141530368
0.5718769424969423
0.44749373417249566
0.8074826236736421
0.642664688567757
0.7340644055452491
0.5960891190126955
0.5727707469841264
0.7945781305437614
0.7711083372392084
0.7880653821165687
0.7856374394835938
0.6104630747188238
0.7647565940237545
0.7459136475226902
0.7147348226497563
0.7948236297254307
0.7856374394835938
0.6606389559943492
0.6563307583004275
0.40495798961053475
0.732666235765555
0.8034875603583843
0.7341017780954548
0.8097467105691755
0.7886512447841593
0.8040098199672672
0.7856374394835938
0.7856374394835938
0.7856374394835938
0.8112856002129359
0.7874746775319613
0.6565614920509586
0.7657073695535239
0.7337278106508875
0.7248575239302311
0.7969064393236366
0.7757430346260697
0.7856374394835938
0.54984245235589
0.7856374394835938
0.7856374394835938
0.7337278106508875
0.5182811872083396
0.7337278106508875
0.7856374394835938
0.7856374394835938
0.8040098199672672
0.7310231467020241
0.7856374394835938
0.7948236297254307
0.7761145447958636
0.6013496776670808
0.7856374394835938
0.7503388918773536
0.7378052716514258
0.7856374394835938
0.7149631190727073
0.7856374394835938
0.6864491579567721
0.7856374394835938
0.7328563794925473
0.8003289345678875
0.7828104666671583
0.7150754083245521
0.7969226302045042
0.7659957461808337
0.7856374394835938
0.7978803520538383
0.7856374394835938
0.7951099936808254
0.7582816645155843
0.7149631190727073
0.5440243460522378
0.710014993190116
0.7920059972760471
0.8032749247479203
0.3592691605499798
0.7113073387944118
0.7856374394835938
0.6927261223712426
0.7962934201641245
0.737643109712551
0.5572414341424801
0.3393593652232386
0.7836783253753916
0.7575206143270033
0.7433719763726307
0.7352113415994529
0.7719236407261788
0.5661580652213702
0.5188794681739595
0.8112856002129359
0.7856374394835938
0.7178752017213559
0.8040098199672672
0.7337278106508875
0.8018236138628079
0.5899491691543824
0.8112856002129359
0.8040098199672672
0.6328497089515871
0.7856374394835938
0.7456904099625195
0.6028046910281504
0.5422171506267209
0.7856374394835938
0.7149631190727073
0.7856374394835938
0.8112856002129359
0.6505961090058827
0.7856374394835938
0.7917588957687164
0.8040098199672672
0.7907817060190228
0.7856374394835938
0.7856374394835938
0.7856374394835938
0.7856374394835938
0.8189097386001998
0.817959481263492
0.817959481263492
0.8196107467021005
0.8031581532145979
0.8196107467021005
0.8196107467021005
0.8196107467021005
0.8323212496160535
0.7433529671397632
0.8196107467021005
0.7027559136054192
0.6431307526251909
0.6122847796602482
0.8031581532145979
0.7140707412627431
0.8196107467021005
0.6938769049049449
0.8175554476680706
0.3442803528645467
0.7136473669208039
0.7209171808201432
0.7136473669208039
0.8196107467021005
0.7856374394835938
0.7519563525026455
0.6633140645452167
0.7204419960263775
0.8455015153701839
0.739050368018473
0.651763627794955
0.7791147298749587
0.8107726369983491
0.8040098199672672
0.7856374394835938
0.7856374394835938
0.5645857751661641
0.8189097386001998
0.8181575590509443
0.7231939438070699
0.7154997919817309
0.7667174373427401
0.8036423723575936
0.7996004486511855
0.7151369863013697
0.7856374394835938
0.8162274498484634
0.7312438657430786
0.7856374394835938
0.7715025754014164
0.7150319415173866
0.8032749247479203
0.7856374394835938
