0.37837949275983673
0.6440896142562909
0.4476248901260766
0.5808197695408839
0.44533061148415315
0.5641438745886314
0.5407889439898603
0.3509437372601573
0.44545877081192353
0.7109124757685703
0.4758636904356786
0.5199397701355242
0.605819659336788
0.5700608826360224
0.502963335843914
0.6654461354806449
0.7097060458154445
0.5693840400576753
0.3832660458248505
0.590180199411388
0.5527027208958862
0.6803280410378624
0.5871397036803709
0.553886242965891
0.5210343668026285
0.6964280449185627
0.5497786936839705
0.6698353023631285
0.5164366093877106
0.6594539673855263
0.532042832848412
0.6264657333931096
0.4397367638423066
0.5579977946820613
0.5920481718757555
0.45245256531083355
0.5820620265483294
0.5669714185444771
0.5464452444154666
0.7345748078639853
0.7045767806632364
0.7334000203563553
0.34971721439692793
0.7130494422727328
0.5681797110602641
0.7511915243911091
0.7517381745893955
0.7405264995434808
0.6523800838578776
0.8134227511637248
0.6610420862448527
0.7764250156410306
0.7983066097561516
0.730612070861839
0.6867281703044686
0.7860707322285571
0.80544377506382
0.48044219526073095
0.8031581532145979
0.7889807726855459
0.8176816786870822
0.8180092154065689
0.6063651971379609
0.49283803271761534
0.7284977464973741
0.7656282393171258
0.788795384325744
0.7540138844544674
0.8105460018527897
0.7960400559051266
0.7039782020275335
0.6478450162821153
0.6218073158843701
0.8066577237400179
0.5346307952061727
0.8196107467021005
0.4120270025928846
0.5131248160352061
0.8196107467021005
0.6526820042390981
0.788216631130713
0.7913823777387583
0.5085985903046398
0.8513597682075382
0.7856374394835938
0.7856374394835938
0.7545407385028033
0.8270014202650522
0.4770366392528896
0.4401623168459703
0.7756102512238843
0.7997841278617007
0.8158498489558237
0.7452507556227994
0.8161057061925969
0.7878477905073652
0.7760843255759414
0.7322288226450167
0.7882022555565277
0.714504509029222
0.5344481200496156
0.7601946841356744
0.7856374394835938
0.7545407385028033
0.7979485566336778
0.7856374394835938
0.7741902918102465
0.8054305834362797
0.6446082476034557
0.8026358257127488
0.7856374394835938
0.7861504026981805
0.8038202932581267
0.522187203885859
0.7856374394835938
0.7856374394835938
0.8021725819188998
0.7151224973656478
0.604702312219917
0.7645982187935458
0.5873694080677575
0.656764331440069
0.7888686639885109
0.7377619838222332
0.5631057716270998
0.5371308174373914
0.6638326069102218
0.6374494022497164
0.7856374394835938
0.7964253027709354
0.4323494302364199
0.6391921071823174
0.7856374394835938
0.6893471395978031
0.7496179255468445
0.6077327709491273
0.6683870972864058
0.5048103026946434
0.6246347087030178
0.7355399433433171
0.3461373724980802
0.5304828078394548
0.7856374394835938
0.7989744830628516
0.7918840488480431
0.8029058748125855
0.7991370090997495
0.7856374394835938
0.7083726809197353
0.668702886614183
0.555854762586678
0.7969621336110702
0.7955585249447776
0.5907145227930823
0.7922514964577165
0.710152565598936
0.801002454991817
0.7846413665251762
0.8006350073821435
0.7116064553054305
0.5463872252560321
0.5175059801082719
0.579251989942463
0.7136473669208039
0.8036423723575936
0.8029074771382467
0.5736770043827574
0.5256061942502692
0.738391595154428
0.8036423723575936
0.7906832158917392
0.5223220248832865
0.7151007639620651
0.5392091078398514
0.7852473969581406
0.7164384567059975
0.8022325081833064
0.7707309894401834
0.5048339613982743
0.7226393110386868
0.4556214545826741
0.4608434997440904
0.6220148803562098
0.8014561662531343
0.7592095777585753
0.6948078324369689
0.631042826994338
0.7201087185114392
0.6398661215396658
0.718493287688164
0.7285544423291563
0.5653452116829384
0.6808001869973606
0.756146962610828
0.7684492623086291
0.575503302232385
0.6016556927797726
0.34336647760267963
0.6988114104863183
0.716507005902422
0.7164599168613262
0.7287870311675513
0.7953804805330205
0.5743723799481698
0.7168154531598242
0.5903717564098367
0.6531134603822006
0.7222534779050734
0.6598442439409896
0.6380499773037287
0.503786818940201
0.562317521118003
0.7605435116944682
0.7222534779050734
0.3690723991638861
0.716532361539935
0.7194411799511264
0.7433529671397632
0.8175422529416481
0.6154901302405505
0.5966896486440764
0.8196107467021005
0.8196107467021005
0.8196107467021005
0.7545673464871656
0.7666922762668094
0.7775764924158655
0.6629965775524574
0.685177775766084
0.37909436557114423
0.7136473669208039
0.6634881731571649
0.7343371735848941
0.5932232618006069
0.7478387188787241
0.8168067142944976
0.8196107467021005
0.8196107467021005
0.8196107467021005
0.8189097386001998
0.8081554007370206
0.7856374394835938
0.7856374394835938
0.7856374394835938
0.7785359566252584
0.8069926008678878
0.7856374394835938
0.7892281819857012
0.8035911519941332
0.8040098199672672
0.7856374394835938
0.64745238270326
0.7856374394835938
0.5071341325058553
0.7856374394835938
0.7856374394835938
0.7910178781005475
0.5868837113169504
0.8154046980906962
0.7856374394835938
0.7856374394835938
0.5289113900499327
0.7856374394835938
0.7966608677737979
0.6958522655740333
0.8036423723575936
0.8036423723575936
0.8036423723575936
0.8010702390898794
0.8036423723575936
0.8025990008354986
0.8032749247479203
0.5934765327795093
0.6353260372976617
0.8196107467021005
0.7856374394835938
0.6712936599445871
0.5403359185611726
0.5439821226236943
0.685248850803288
0.7851837321502825
0.7917588957687164
0.7856374394835938
0.8007027914802058
0.7984981058221652
0.7973957629931447
0.793595332654253
0.7898178678089868
0.7856374394835938
0.7900468107996759
0.7151406085353001
0.6057597884930129
0.7992330010415121
0.8036423723575936
0.8040098199672672
0.8036423723575936
0.8036423723575936
0.687024312440514
0.7977632106028183
0.519224052468655
0.8036423723575936
0.7948196239112774
0.8040098199672672
0.7856374394835938
0.5689294406967592
0.7856374394835938
0.7984981058221652
0.7856374394835938
0.8040098199672672
0.7817192112671895
0.7856374394835938
0.7501690878760903
0.6876817340734863
0.7149631190727073
0.7856374394835938
0.7856374394835938
0.7189053266921519
0.6432823874142851
0.5525622746386417
0.8147036899887955
0.8196107467021005
0.8099659588031678
0.8083057826400801
0.8191834854801181
0.816783706953937
0.793055827567342
0.8196107467021005
0.8189097386001998
0.7346498360705894
0.5303303289399541
0.8196107467021005
0.755171239235858
0.8130536464473929
0.7964689344946727
0.3450793080851104
0.45260580410093465
0.7978794955431787
0.8096085883881767
0.8196107467021005
0.8196107467021005
0.8178326407236713
0.8196107467021005
0.8134219063228484
0.7352223233275204
0.8175077223963982
0.7717610513954198
0.7965630251678837
0.8196107467021005
0.7881682047392813
0.7856374394835938
0.7968642703053846
0.7871763291273541
0.7856374394835938
0.7728361436156544
0.7844785331556052
0.7136473669208039
0.7894178871110381
0.7971784874412781
0.6142681029135771
0.8196107467021005
0.585098571701211
0.8196107467021005
0.7856374394835938
0.789311915580329
0.6242482585962373
0.5438941605292965
0.6978637784809412
0.8149237246141858
0.7520488834542536
0.6968172346430395
0.6094439153585101
0.8147893919814
0.7997571930542781
0.36815382370840666
0.8228712881670281
0.7436948135365984
0.7934772053749648
0.7856374394835938
0.8126006656830934
0.7128249230721763
0.7467738403935021
0.7162495095481209
0.6896820128266128
0.8196107467021005
0.8189097386001998
0.8171661631670204
0.8197476201420596
0.8048895765621857
0.47534949840120755
0.8196107467021005
0.8175077223963982
0.8196107467021005
0.7182581496309949
0.4595483867784724
0.8143276002141677
0.8172570358573134
0.8142676177638803
0.8083946170716892
0.8197476201420596
0.8100166679008808
0.636274833069267
0.6161482869631726
0.7985805036450795
0.8155486082881963
0.72601689220714
0.8159010204031781
0.8173196775090845
0.7856374394835938
0.7856374394835938
0.6769054228347551
0.8497977106829793
0.8182087304982991
0.7149631190727073
0.7856374394835938
0.784223953075376
0.36992832536226233
0.7856374394835938
0.8040098199672672
0.7149631190727073
0.7856374394835938
0.7534534696073161
0.7856374394835938
0.7856374394835938
0.5630354666932537
0.5905906934284391
0.5229100914558018
0.7836783253753916
0.7856374394835938
0.7969226302045042
0.7856374394835938
0.6403069984789029
0.6348467553378743
0.7856374394835938
0.7149631190727073
0.5744737200250295
0.8030781887795463
0.8112856002129359
0.8112856002129359
0.7856374394835938
0.7337278106508875
0.7337278106508875
0.7856374394835938
0.38126039497049397
0.7544916621839701
0.7856374394835938
0.5710771854501843
0.7319249559713197
0.7446463336452791
0.7118334044902894
0.5847309481982365
0.7062184107581139
0.7149631190727073
0.772838951544649
0.7856374394835938
0.7856374394835938
0.7503733855359552
0.7856374394835938
0.7856374394835938
0.7613543371522096
0.7816514254975797
0.7970283153834714
0.8036423723575936
0.8036423723575936
0.8006350073821435
0.8036423723575936
0.8036423723575936
0.629239009762741
0.8018051343092263
0.8036423723575936
0.8032749247479203
0.7720077569729773
0.5951463073374771
0.5616328843006425
0.36458987142576765
0.7915166012383696
0.7375897683059821
0.7151333640674392
0.8032749247479203
0.7856374394835938
0.8021725819188995
0.8032749247479203
0.8071651233486975
0.5856695351434736
0.5724814052561071
0.40358251872838424
0.789311915580329
0.7592095777585753
0.6089497971938814
0.7898817196528459
0.7856374394835938
0.7856374394835938
0.7478811868452935
0.6621472886863894
0.6807746173318803
0.7354568086188222
0.6508294185879159
0.7951745221192684
0.8040098199672672
0.6561037356428211
0.7197412709017658
