0.2774357630277443
0.6139369048196756
0.6700620649132953
0.49235483873659697
0.31788248078889153
0.3936733250428029
0.39027083132396756
0.3932002346641638
0.5179661265171767
0.5428716514488363
0.5552292865748898
0.6806980724374608
0.6061821545150522
0.13364490653403283
0.2891749738564735
0.30838773051772433
0.37876632284036355
0.5431045484325424
0.5598606091167161
0.6225407897683649
0.579642731197208
0.5713201889416495
0.45015662535912265
0.47137164438179474
0.5720766199849674
0.2967093981162702
0.314077574211692
0.3016323686820994
0.49205255834400236
0.33081906534825295
0.2830456387304857
0.3646963124810568
0.369480439712946
0.43400495803189704
0.334921181039556
0.4045248609087728
0.3316600972955141
0.5101458971375171
0.42465435458585005
0.470137053945158
0.30290573680270644
0.45339103748793036
0.3078683723334938
0.6221029596384579
0.6004544255768561
0.40610158651138206
0.6122750203063926
0.5307016808715115
0.678935142650759
0.5831135702066841
0.5832213758269604
0.387928791667688
0.4415273569089819
0.5685363374553194
0.3261470511207428
0.27415644556630864
0.43216943855308093
0.24048589645269136
0.2799344202056509
0.4808882605856696
0.3419221772192698
0.4870685327048437
0.36699230747874084
0.3329043318321079
0.22602976748012288
0.37325288417348645
0.30025217551463096
0.3214880341176071
0.2391082563121248
0.5624411735171632
0.6459127462395373
0.6187859801015304
0.35727015444878274
0.5629833553283083
0.5095437379391108
0.4075999852275731
0.5160208598792376
0.5662838630976335
0.20180368846215352
0.47739940409203696
0.37355916868242134
0.31785145023414607
0.316007609494801
0.35469447542276744
0.34465438752852123
0.34190813741172027
0.23936945708418716
0.29116065623147014
0.5221587933995858
0.2889961105715034
0.4705048591264736
0.32768806695948494
0.41883348638893286
0.3558533248683009
0.4921118490272031
0.3076054658507124
0.44468807471168037
0.36070032853232975
0.5113317061041858
0.4141177760174612
0.5877858055766759
0.6867662191170811
0.5238792069950851
0.45206979707995876
0.3690742750925145
0.5348778793420418
0.6321616448028253
0.2760053928095263
0.34020154865730207
0.3669908651882702
0.44368715750992815
0.3383701562537965
0.5041083005949687
0.40815914540839593
0.45615081084308023
0.2637454084967567
0.26954172650590935
0.416559139457956
0.24782408657536334
0.3614953512447091
0.36659330050647015
0.4115883198970219
0.3326177471350191
0.22629900960061278
0.45860896377653504
0.3202583607225037
0.3189168871701695
0.5423818281954148
0.21513668199257857
0.5118852154158988
0.3537818354657073
0.3335790610902265
0.5887309998951973
0.7616850725121188
0.4629858940231329
0.5836761173593763
0.3242923612873449
0.45850149597067874
0.45415304416773183
0.43496286664478734
0.3767116127694998
0.30715402487053906
0.33880890895310256
0.3627617812221291
0.32580548015364225
0.3142866146668648
0.5015252646211824
0.4873590674235768
0.301645722539207
0.26183539778857295
0.3931421726772166
0.45479903082812645
0.35313506166386005
0.3041011108135795
0.5070633439757453
0.511080046032932
0.3198949002857568
0.71395871169048
0.5511052883698023
0.5767988188940945
0.6087699817482801
0.4132545630460774
0.30291940979231474
0.3881567109359543
0.5163003482026154
0.5850273017155866
0.6620258282893456
0.3728140932990069
0.4022387914300099
0.3514764872008439
0.3549753369630484
0.5149536598091145
0.5815216316964978
0.6382188174030299
0.36771777336652883
0.3491676773010594
0.3415147927804299
0.40667243100142947
0.5665623707740791
0.6501122557043666
0.6721744653870229
0.5584097521162693
0.3403151153350259
0.6197603291339536
0.7071734153177336
0.5057422268969594
0.31619886466450764
0.27664444700174806
0.4987684806734176
0.3857592819669437
0.51330330532374
0.28543317792820505
0.29783940433601164
0.35400603825080545
0.4373559141240473
0.350223345523698
0.5494408264507441
0.43073439216872217
0.33425244564767526
0.46132102100904987
0.5932274536519822
0.6873218160804406
0.3904720078962419
0.41704731948126395
0.3590916140674696
0.43159290378545834
0.5141378793674188
0.5494714438206825
0.34763766800837487
0.26119431533029636
0.3293994138914818
0.3182064539816388
0.37850828582369267
0.5934309233098761
0.2795363897225987
0.33548511303015155
0.5628972793086424
0.29250620671568045
0.5980457900039903
0.5387258736506496
0.7009102293266438
0.36741645752648266
0.68821933128272
0.5576609559953121
0.4136669468344578
0.6895230258967427
0.5886672048917061
0.4592995782603488
0.6209851480757339
0.32414885419295125
0.3246457774803742
0.31492685945403326
0.39362421183170865
0.3033568019123462
0.43264512837368585
0.26578000015383885
0.250613551225822
0.48007048962879556
0.33553462700061426
0.5194986729403699
0.6582845554297673
0.29479350532568166
0.31524836833384
0.6667390512140555
0.42863461731361613
0.5439076685484734
0.6805206423363301
0.5240154803552017
0.5960742631222116
0.5690986324746653
0.5469197081874867
0.321951545220238
0.3441962032644291
0.4710103611915721
0.3571879070082945
0.30466060570838027
0.5189387352390895
0.5506756619698994
0.40173631453568065
0.4031893180181699
0.38851609270127624
0.34400197998359816
0.3861760775461448
0.40783914917422665
0.5292290176993635
0.5594035513375173
0.44232646242691487
0.6062540669936802
0.4857323795713461
0.5348997369248178
0.5641295476147214
0.5999754777677926
0.3889640520874222
0.3326285396975643
0.42854289218937697
0.4574899608421897
0.47130174792760005
0.297747792522915
0.45778967643589064
0.5553614418296199
0.34235371999286995
0.34014451580100663
0.221508602338074
0.3043932238323447
0.21808359000553545
0.3081528866262933
0.42564734831962836
0.25671677108807267
0.5385274856037964
0.4964364548650917
0.30383047490227333
0.6404286318888466
0.5286772397425292
0.5038545030534883
0.39197842339268724
0.45940115594954667
0.4850777343392059
0.7155039414296358
0.40362561571327094
0.38193539323130243
0.3389930383263979
0.6876180079220039
0.31252955999722853
0.35692926995184626
0.45833967794369884
0.4302122801502438
0.27220103818385655
0.2882156367632454
0.39870252511650167
0.33080454621106115
0.3084757960632535
0.31538560111133773
0.43940783595032257
0.24441568873403224
0.7003271087117331
0.5608405687471684
0.5422837728107722
0.540842556731584
0.5485118352815358
0.5894072519621291
0.3311681404653828
0.32528167391097723
0.4933765697987092
0.49723424925105575
0.5804441394509192
0.43110350401512565
0.6004637692316753
0.4973678016472168
0.6817136000141945
0.2888658211443932
0.5675756612148991
0.4067817677114492
0.500711309242378
0.5804197627687492
0.38687367763758446
0.5111097692334522
0.6551070135007023
0.2696758616896827
0.6063991400054641
0.2859612573899401
0.5219417832765437
0.5086282795353188
0.5163934088170122
0.28078760775500633
0.3807970178277336
0.3083612609606687
0.32226040870753875
0.5046781168357991
0.2694088928841509
0.37843849280286707
0.549317565900809
0.5121320980165783
0.6142350573376393
0.4085680974743021
0.6225402798506362
0.3572586047551812
0.3526794407985762
0.5645022125267122
0.3402226629052859
0.5275087190248218
0.4007104974249941
0.5560413191168818
0.4736550637935308
0.33667903488369527
0.4097196754160508
0.668305727904776
0.46680618428854503
0.36126406421427765
0.3812746780127987
0.5807909127304276
0.7192196498842205
0.2547327825412278
0.5342657275486319
0.24749173502872535
0.5723427489452289
0.5799380859266905
0.36927447578546074
0.25065982722607916
0.29812337041178055
0.3714978647718313
0.35341601263958267
0.44176164196603
0.43676901670854024
0.4298239287788805
0.5436112870843173
0.5814672546399698
0.5906050977547774
0.576999746185471
0.549498703805017
0.41993671824647216
0.42929265190085014
0.44843322973738453
0.6019901120946346
0.3491989661693468
0.3016221343690513
0.45928742018684326
0.690711079885957
0.5959958364729316
0.42939199799650474
0.5454546878417086
0.556538338966574
0.6122369589349865
0.4513451929143453
0.5550060559163483
0.4977310637854822
0.16568855377765998
0.3850616022427103
0.39210192207096534
0.31934492736320164
0.42533605732151025
0.5149080079102293
0.5529268592557193
0.40956730018200616
0.5259452624984537
0.3506855833208425
0.3986082821737924
0.28321177857453234
0.32309841812932616
0.3568936114095124
0.3040738544209434
0.3184712669438658
0.4115686766121812
0.3197274283355501
0.4167013873024545
0.3753230682592643
0.4163657665333457
0.6450286931398341
0.5515388751597885
0.3538429002666134
0.3228786897366144
0.3585099462473377
0.6259411219436237
0.3034045457936084
0.5876685437134177
0.30605648889328224
0.5320592879522389
0.5400825803603585
0.4655833233786096
0.4257390210230769
0.559826660214076
0.5336906607501477
0.40971136481222425
0.6535851777146848
0.41123210795023474
0.41269599180823185
0.5082259811702436
0.45077450606759856
0.4954433683489519
0.6040813875951193
0.5177639200322939
0.5589339598885631
0.40503530139664
0.5989032141145001
0.3832322636801846
0.5505043650180803
0.4909406199656583
0.27637937161366705
0.6670049537600917
0.3045340772044639
0.5547226137427862
0.5212617686238851
0.29014480600091636
0.5701707370437807
0.47563168562288544
0.39956211091172333
0.4583885296002914
0.6421683272946425
0.3123367793928232
0.34661003533563645
0.31913369389407586
0.21694419736190163
0.3160545551382795
0.30329363742057763
0.32390629631551837
0.4113920764478561
0.2761097260684502
0.38952177296996504
0.6800757809483261
0.4422755568863353
0.602918600295629
0.5278848349418936
0.44695528895561715
0.35459432089619175
0.2922318561734521
0.5159297471763259
0.6039040356788565
0.48042465240211596
0.6807990592996213
0.5044788806083815
0.4868449759509888
0.593416973931061
0.5791316769402703
0.32761010067456225
0.5783299372722092
0.5399232014782029
0.38732089406893644
0.4497735948499855
0.3785902886667113
0.5956911089728641
0.2945338353795812
0.30440823486271024
0.3586138773143856
0.2608695642032652
0.3458018960921385
0.505633653004641
0.3570888940007873
0.2769986053504863
0.38885224836845994
0.4040224200182099
0.5289406174081376
0.39178328158918335
0.6116646484828349
0.6372471631472023
0.46188811924454276
0.34852168371216935
0.36750274971145563
0.31514060771008817
0.4486103262421625
0.5892210870350509
0.5950791324218044
0.338471694091984
0.3564685091541947
0.6338084198516942
0.29209183110301395
0.32355601009265916
0.28987630501191375
0.2861723288498952
0.5189810998272515
0.4814290439588407
0.4918895457290725
0.3933319398041019
0.34846745620165476
0.32589660827114225
0.5472514232866722
0.5631245367266464
0.4199493925466829
0.48853381432914744
0.34417880637072834
0.604124961999964
0.48399441056978504
0.44136294323799674
0.4551309168261289
0.2939429352872507
0.5927656465000001
0.49005794520685003
0.5288261275716565
0.6491241230344211
0.43581093423596207
0.5190353137116992
0.5698988597608097
0.3330865626883473
0.3932645106953859
0.3360440539407626
0.44646979562478933
0.39296725767018226
0.3699058021146
0.3532952320422099
0.5515066956798428
0.3042360117308735
0.35444583212018616
0.5973329074833252
0.5865295636136311
0.4776825083523905
0.3249213815018968
0.4201907215003649
0.6131780787258889
0.37428130364175677
0.47299609659630926
0.614084021195836
0.5990793761715554
0.6131369083612875
0.6277908953663679
0.5893902930728345
0.629605497351892
0.46710107638427556
0.6583791973135656
0.6864407641348405
0.4814745552541001
0.3063192355755142
0.5518620364677433
0.6988808880509683
0.6027268714138626
0.5934662785417253
0.6415759658622602
0.5844200298731039
0.37988723652585216
0.5587648509214699
0.39803083855637295
0.5569914184900715
0.16440781711065128
0.414064849111463
0.37668833011406705
0.3096554486029271
0.4856700871179017
0.4342805494603099
0.6819153419951192
0.4093931977424639
0.5329271575977735
0.5969329245919782
0.4208295329073779
0.4938735633769263
0.6506692229019305
0.35552287400403365
0.3710642563968818
0.47223426997106394
0.21243927562595566
0.6582383701402084
0.542902790239714
0.39240997206982164
0.39879037845075443
0.48622448016614533
0.27025395336387903
0.5805694991876754
0.5083719959797398
0.26102096564376415
0.3294798804506579
0.3003720386999025
0.2920190087847756
0.31166130274936754
0.49694685085666934
0.7253968329516074
0.330573170802994
0.4614754731497084
0.4018344072096096
0.29477517233123074
0.31162998330683955
0.294711387875553
0.3593177281919864
0.6206799098224337
0.47751325343968254
0.4783825146337501
0.38489110471729854
0.5358979404598295
0.7054619105279591
0.42734417686644866
0.48586604072285267
0.37175426176127097
0.4183186526325193
0.5313195027747415
0.417351427849268
0.36760742091074156
0.5632910866715567
0.32703956263151424
0.5240430695844774
0.6464094156844508
0.39902407611600965
0.5093370072230421
0.3465078529752894
0.3226992176992751
0.3334467959193509
0.5175147783828572
0.5764022533305588
0.509716847316319
0.41709453748737757
0.4262203083837275
0.3122534546106863
0.3269580310184677
0.3780797287728517
0.2683146872966109
0.25363735707930085
0.4442516238463533
0.599291460144764
0.42381197456694797
0.2054289540515221
0.3659293357413177
0.4912416889801197
0.5317977877517366
0.6610939272056239
0.4979167831187122
0.39227092236643146
0.5501181563701395
0.5290414647352617
0.294400129611665
0.4047761664308632
0.40088497401433715
0.33511665302448324
0.522141327761541
0.7740032087912665
0.5150954712160918
0.6139883498921094
0.4407165001090824
0.4163113593895498
0.348200831937729
0.4229717766078815
0.5413880243216055
0.6060936856360486
0.6727123025222406
0.43875715045951547
0.6256505494672218
0.43868971516052774
0.3585506247398024
0.2695699037011134
0.33417242795932056
0.33015418785137696
0.22748083369826347
0.5701631245558996
0.3342903588224766
0.19990903771357935
0.2880490364742243
0.5348290721314111
0.540777415029899
0.39930486495026557
0.4682271731150933
0.7030946740984895
0.3168605025569802
0.5888581041677317
0.4840855188424438
0.37612000221415853
0.6075178932348522
0.573711772192771
0.618056481602084
0.4229051056685515
0.6759881792120922
0.4784681306539418
0.5209142020164553
0.5873927326514007
0.29111060168138475
0.44811568466553675
0.6097920383974148
0.6876863676137365
0.5476887276496297
0.48321683551800987
0.6664147711509543
0.4891956998247493
0.4781741126564198
0.6023176509214558
0.3179172625693471
0.31003808949677364
0.6072378189767965
0.6794333452378717
0.4327161002592397
0.36704737980992586
0.7008353632978774
0.2819379426375378
0.6065631156602325
0.3893827508698881
0.4298092838758364
0.3227945477190904
0.33518147545683824
0.45887904065178076
0.299818301035936
0.3143846767815186
0.5265770302122827
0.35870807919844955
0.36196469852403723
0.6784888035674639
0.6253553885368103
0.6035728167152793
0.5713801054606027
0.5235888921288727
0.35147523251866786
0.6104252891327193
0.30301720043066366
0.2958333817419266
0.3776112081615309
0.5756547354080578
0.5443267324523111
0.36252834710547804
0.3681209151137353
0.33618097096871963
0.5888920479684117
0.37825626321799044
0.5953648172682307
0.26537485453413995
0.5071849294143175
0.37803937008405974
0.2612176622392153
0.32941275205493686
0.6545345786374064
0.4854351668332901
0.6412106848560809
0.3139898622660614
0.4664796097006066
0.543755472018913
0.45137192085297906
0.2723193169815751
0.377175634452258
0.5791516746398331
0.2826310042368611
0.4065063736082973
0.3896670897526366
0.5142374280746644
0.435420371946784
0.32614531867457885
0.32299366386606765
0.37617531592257214
0.3220846400203573
0.6347082669758689
0.44984656415241936
0.6067121516682573
0.46899173250815634
0.3969851242657692
0.3017250479163928
0.439693112957608
0.29984252370798337
0.5224467732017214
0.4439217040127673
0.44346698666140066
0.6856819747430785
0.34337135858776563
0.3332927409285473
0.4346848058715203
0.3866923511833839
0.5558685692273848
0.26816816625859946
0.44774567408497745
0.3318893393619254
0.3536316185150018
0.5491809379375288
0.5190418137685805
0.40361610464308306
0.49466337679212957
0.6267361903966316
0.4236314916119166
0.5563189046341889
0.6945996896336714
0.5254550597386554
0.3272176303423098
0.3106694888106187
0.6992740001500721
0.7199028822870602
0.48978502278947
0.7086032095451944
0.5508510062422117
0.6156399897800431
0.29790288854109226
0.31406060991267265
0.41490597240943095
0.5273584115004228
0.32618177996508296
0.5740268170607753
0.32803036737701746
0.3724282662473504
0.28719355222619974
0.2782572905162382
0.16446299518589272
0.3376109039850491
0.29196345716595246
0.4081331350957849
0.5409678290270117
0.6123916668837895
0.6599053694254826
0.35961283509979386
0.6142505720062494
0.5976707159051381
0.4502029536729533
0.4247114414192351
0.5516221068505215
0.5484577861741311
0.3208174526092615
0.4314405105592109
0.43498910732287577
0.5893428623293051
0.42100949446679325
0.4350031992130956
0.4937404765496257
0.5508577390576089
0.23893244303963562
0.6289912147725537
0.5624585178190497
0.5703413658453267
0.5752385736810129
0.5371263549972773
0.6210574842312981
0.27927402909105536
0.43388009833225405
0.309460404560029
0.2835636697067783
0.3026592118117526
0.32067575725375647
0.18867340056022183
0.3181633745504758
0.42222041000575644
0.4740130355315381
0.5674369400486726
0.3772545761648132
0.6542210616292493
0.6052791899155291
0.6452016222747179
0.5783380225768279
0.6068828345982928
0.38948331332416913
0.34835573147996735
0.6142602928565991
0.5539389718850292
0.6228154043538351
0.49351927132961715
0.5212682406067781
0.40912519392633945
0.6592488184669327
0.6196272123240114
0.37076223858790924
0.404280919378571
0.47354878906907005
0.49160378360320656
0.5756414313249283
0.6683951388030177
0.6678505518120178
0.33457365554050156
0.45774556243365533
0.26635206337854334
0.38867650206237303
0.3707618002089887
0.43200678194602227
0.30287709726092193
0.3826764997068578
0.3595369412123625
0.36297504488195
0.3066807220223079
0.4922601406969761
0.38045271579315565
0.4403520224279056
0.4903127815563439
0.41982965148499735
0.44740475017464404
0.33935931516338214
0.382508377007541
0.49107729624508667
0.4247228040361925
0.42051398359979103
0.5592083873591495
0.4829529130954602
0.5387266795555259
0.39191779483417283
0.300256082983951
0.3785710127300507
0.6996741859240534
0.5485531390529299
0.6242212188222124
0.44317333274430104
0.580083075312457
0.33055703334728676
0.3064591961563403
0.3647205681535802
0.394438400280651
0.286634172007079
0.3464403323476651
0.4629812086121866
0.7053263548227204
0.37946974444722203
0.46573785648515653
0.6375397316231064
0.22207095323308032
0.27436984061678116
0.26783866122534117
0.48723015362957134
0.26419849183123706
0.5024715172919839
0.3596029887512005
0.33144366476537956
0.41810081619175415
0.5606195803419025
0.6953925579106219
0.3638159291290895
0.32984382901708026
0.3183940123170008
0.46264015640197087
0.3118474774090749
0.31443770279432415
0.3652190274766044
0.4509657695964631
0.477835228518234
0.5442113253031382
0.6375367128346947
0.3922435743371998
0.5169940989703633
0.5192276215751905
0.339810193551953
0.3588777062382924
0.5263968455038183
0.45386058765756326
0.35570169949908836
0.6174647164813573
0.3436321756637157
0.4776662614388538
0.43651849693395006
0.2870855540717857
0.4881656670290016
0.35328399950533845
0.31563370739263447
0.3820139795290578
0.5094056765647033
0.3521597875086677
0.6324470834482518
0.5807682828712509
0.47348369412927144
0.4650098391573851
0.6657479419844958
0.5629335893496841
0.34511204496566583
0.528226160561199
0.4077608942729304
0.33389990644702716
0.5725202290626097
0.3166866832324612
0.43305151163528616
0.505692837610826
0.47097265312160724
0.3294101783339329
0.5155181511634984
0.38019706873075315
0.532512048046889
0.6379301440393041
0.4790978625019749
0.5663336089376481
0.6240469394185332
0.4367374083544884
0.6692924477193936
0.48888762447568657
0.6031949677132951
0.3518809209910313
0.46929749756429184
0.3467784414384392
0.31215853882287126
0.40787636832200613
0.4795572495669458
0.31345243335474576
0.4333178385833152
0.48255053634990375
0.39558728954433114
0.3302759030438911
0.39091403249640266
0.3361750215134956
0.34211732064414074
0.4340669314438156
0.35643544908250135
0.3409694253716391
0.36186187278747206
0.3441842999951328
0.3516056884451664
0.5218351280518063
0.35928879104265193
0.6607892590424796
0.6037558177189446
0.5648837635670901
0.40138508632609515
0.41803335554479565
0.31580223099253213
0.3249102260637895
0.5058846847078121
0.6083326551687269
0.3929859421757069
0.379863497600668
0.29792058495926577
0.6427220720819387
0.7534269764379328
0.6161475258289241
0.31894136104953064
0.5674392559283056
0.6026555343793126
0.49877956209103
0.6451177013712859
0.5243792298919964
0.44446901864591665
0.3266801787404427
0.355195148553198
0.47591843314083626
0.4339926710653359
0.44062087665433547
0.4394793877971484
0.3900755688809995
0.45384839146251166
0.5287833779930192
0.3658345576717753
0.330675755969066
0.5208272642010234
0.40621297701643705
0.32877424973763325
0.29330581302724157
0.3228536433691391
0.31656183802118104
0.6420989064983332
0.5024631853890185
0.6295464052261759
0.3634014131986316
0.6368339024750442
0.5762011049527745
0.474927937479514
0.35204463901722777
0.3420105020852432
0.6660827272959557
0.3962488498086577
0.3790225960711404
0.6351990714100588
0.37888562764943096
0.5548560824534547
0.5648148675917982
0.2798734004645386
0.3088068432516284
0.2484280968159978
0.36404533877261314
0.5048920317905194
0.4011864131531345
0.4325669550487487
0.29436063276129404
0.2896997276939431
0.35671839539882555
0.22952855985163545
0.42009618273564386
0.3962033325271064
0.4342397881839181
0.36147233824632835
0.32455750080136775
0.5827059458195463
0.5000701321418297
0.32354506656809534
0.5554080773434938
0.30199724951721835
0.5327843700631765
0.6344280819323126
0.4273902942672805
0.6725962657709593
0.33454762679299904
0.5544071677792919
0.5431009152199063
0.43962104198864693
0.517922628103992
0.25698325617906775
0.3845993579194696
0.480516024334298
0.5535059420797019
0.6111438342232044
0.45784250207972305
0.3787174004874421
0.3832316350055066
0.5935232648649585
0.5237882906447089
0.3922861165290888
0.5244284209389356
0.5108550740563775
0.5775009388268587
0.562463670293507
0.5272681669936156
0.4666104360475118
0.5117998899035439
0.2452765645677102
0.37348455853295787
0.2786626157552155
0.23628864155697699
0.5571506805725602
0.31741592432952337
0.2966630538835406
0.5991333644065115
0.342789634335732
0.6210494149002991
0.3660671745457653
0.4270249562660583
0.5556328900792099
0.35850419846719817
0.4106917183535721
0.6055379838981634
0.3481369143177994
0.31504054049167557
0.371253268104059
0.5935376712544769
0.524015467996637
0.4390465647988732
0.29613864872136003
0.4882833320826559
0.6632134147310697
0.35057974081509835
0.40976380577211713
0.6402914747385238
0.4238382476974897
0.5424357871303847
0.46404797716775315
0.5610632296129316
0.3851361373761589
0.22941779317635494
0.6347345265375338
0.4516133661437336
0.567987496447801
0.4860940228301556
0.48346224066441834
0.3428889106384091
0.6072277820898381
0.3687871510961552
0.5138275949784995
0.4177890239704287
0.3492548122046801
0.5474847096142734
0.35607085153815576
0.2814484254636254
0.4381509225877637
0.35994683311843567
0.5408049938861812
0.5654609612198834
0.6647846155846098
0.6009881975633524
0.49782896887357836
0.3733387336476666
0.4587810860296767
0.32122717032924897
0.6182355022654952
0.5237009733254855
0.4563698565912112
0.30987172199921026
0.5571022477901407
0.700922369508138
0.6805447751474137
0.6825312909001962
0.578568344298634
0.23383885720860217
0.6664125439389053
0.4448285643238249
0.6275552163086521
0.3127001917457064
0.42131900080399987
0.6519370217459892
0.5727429665310861
0.5965555502773643
0.3439137282434267
0.2899284635760726
0.5484090913632563
0.5753707900498041
0.5281460290445694
0.3915917940406026
0.5070315350556702
0.6766510831207507
0.3492689728737648
0.6635185002220279
0.5345798567826542
0.3353340520748443
0.640230185497455
0.5512196739085818
0.569221750248166
0.5264616566861928
0.45420241802509204
0.6024489388633892
0.6062460547361758
0.630943829704891
0.515490609336631
0.4108581840388977
0.43988262328209116
0.41182176742838145
0.35813708749078527
0.23221532360396682
0.6409156417393932
0.5320225266144699
0.5105820405733142
0.3137951109189891
0.49611947671359874
0.47039002897018806
0.41890938070581885
0.5983230452401771
0.3953838882563233
0.6266061701377437
0.6046697815371072
0.5847194998779588
0.3021607708630458
0.5277990088589756
0.522319188225065
0.43184194698222733
0.690400258132497
0.3898195848800661
0.5063674656540911
0.5161214239746456
0.7698231626954863
0.5382270288561476
0.42490104169266774
0.5380698771419599
0.4941758827350313
0.5701669530478836
0.34509524754924703
0.583996407853069
0.3409111922536461
0.5690561784066117
0.3685128604945451
0.2932515807955353
0.6443028829972348
0.2965880609587066
0.2303082864084371
0.5242720029020247
0.532029909989572
0.40367425283007435
0.5382886618234313
0.4499940108715134
0.5850059082565271
0.5781025580449566
0.3936432070634006
0.37583394631779976
0.6167322558584317
0.4513432990495426
0.5327840049982422
0.5594712829611833
0.5645178322527586
0.5935535740390989
0.6137344378782733
0.5875401929973322
0.3506760632472382
0.5990792614840682
0.4068648772638972
0.47301470248140154
0.3868832723841163
0.3455501069779271
0.3346243883361825
0.6155558297894838
0.4907816703981115
0.5217523628159111
0.6219174995182073
0.40091681310256655
0.5484181541460872
0.34984786272565527
0.30856687462083776
0.3702290189338445
0.6710141743313608
0.4341242822469708
0.5271836130161149
0.396399863698532
0.4523090214179357
0.5571474126123653
0.6279918143367904
0.4349424661756634
0.37609792150593985
0.4334932481447825
0.44824832706363293
0.346662813294471
0.3607896290339159
0.567066689805352
0.4440170918814387
0.2517955742336683
0.4736774137017657
0.5962530915162019
0.4024568606619619
0.48246459599316976
0.418470035259805
0.6618454969897195
0.7665399537282488
0.38054340075259574
0.6407272142409974
0.37160351673423947
0.5989615010011713
0.2622011511615684
0.3290425121127222
0.5312987142776515
0.3694524938959163
0.39721722815713684
0.3388346012844698
0.21965767704373235
0.6330209272508794
0.6283527157989532
0.39910164046667185
0.5933507117182788
0.551162878630334
0.5727668902832042
0.5094318795052919
0.5570588073254603
0.39165972606948407
0.5828968933682729
0.3278016774893158
0.3496923580879795
0.32709049228843073
0.6313593204636051
0.5488398300272868
0.23970737008381096
0.5368219664984065
0.6461086014093175
0.6673482988988593
0.310438677174648
0.4391977423717242
0.5576810180580494
0.2919014283923561
0.7448495870443063
0.6950517340613477
0.5934407151142604
0.5882650441976051
0.6196613260319483
0.6747676981286083
0.6505968035274422
0.616384844989185
0.5220697295050253
0.48597588971396577
0.4516588885812521
0.3956403916873937
0.5704408062643059
0.5444265018910341
0.6900483289310871
0.4991072752230339
0.4246659679126914
0.5215256491490219
0.3156838443921054
0.5106549190904242
0.44508550884694825
0.3234201225062881
0.4175000206110488
0.6569759170979153
0.678593351935276
0.6399771081846212
0.3681058582585202
0.5542005317573434
0.4582879436078373
0.5156909345949097
0.5217256516886517
0.2852528185825211
0.3166554633781466
0.279193414291263
0.4252042245163036
0.46022829549452565
0.6144620956247208
0.44568614623506064
0.5081506324594618
0.6755007191250009
0.34978642774237334
0.4919127438636166
0.6869506151711845
0.47896874572821724
0.6356577047883236
0.5944628682098115
0.3778410549859232
0.4556804538899934
0.6066552142730838
0.6154519060804455
0.4614022042217705
0.3344528409472893
0.468163435854044
0.42893816567905213
0.26787437306638223
0.4886592812736197
0.46450061811922344
0.642288010438354
0.4881715075214643
0.5668736997307657
0.665726385822314
0.556827214158516
0.6035789685557945
0.5641977038701801
0.3819852536087467
0.4469705568963609
0.628827243960967
0.3395863899966176
0.3654964913423363
0.5382584525871299
0.2896339073721
0.574723887915917
0.42945875482468304
0.485800746580958
0.4525152040129092
0.4929792976558454
0.3320639067460687
0.5202530353149899
0.6653546182819011
0.6752801797328115
0.4432947891772054
0.32006834985144667
0.6014624053714379
0.5192953811608607
0.5262106497902344
0.6015012739209338
0.6001334042097192
0.4478221935457389
0.2911115441563179
0.28654981060876505
0.6003265619233591
0.6095913428286103
0.5092250158561668
0.5802751653402755
0.4814734236393111
0.3620840243842207
0.43415049541232426
0.4198069385091725
0.5219089602442035
0.31120783657287965
0.42822897801036297
0.530502654042446
0.4005294470901687
0.5142496873640393
0.3921827019668283
0.48960286236714784
0.6146090247717878
0.3724168987780422
0.6056569869374938
0.5079405920408202
0.4184272358592536
0.32958988552535873
0.38338764176243223
0.440747568512853
0.6491765167323637
0.5314441963589842
0.44459805065533237
0.4804618796467346
0.6616822535360503
0.5674624280484395
0.49821571860722336
0.49402982842887405
0.420356062951974
0.2035989798083817
0.6687719656723417
0.6384282719606759
0.5897423679823011
0.44373842649472756
0.3572085841181742
0.3368687141413405
0.3520102557817625
0.633949720366814
0.5691571621861549
0.6693466683831579
0.6016029791310984
0.5306881679710388
0.6125490241636418
0.36395943227946803
0.39554998548247566
0.4244628651158886
0.4781802863271048
0.48527692989647514
0.2343636200949183
0.3028451978965396
0.5107844135150816
0.6539478166644502
0.47633509531636775
0.5695649650720458
0.4418689152768879
0.4781973523013909
0.29061228462022287
0.3717746541219612
0.3328048195171622
0.648504098804076
0.5544213118771484
0.45649164379197193
0.5135041814971517
0.47706191889656663
0.6226182958855976
0.5652882271494614
0.43209505012548943
0.40001551736408614
0.5505024447097447
0.5848619788887687
0.34321691804046706
0.562442480772794
0.4778523438912748
0.6519219607482905
0.5457990003307606
0.6085126768599387
0.3193731909817906
0.6567291169559133
0.22119593602333196
0.401119506953599
0.4585424990997921
0.3904726739976247
0.6746093901022943
0.37374242264882623
0.5197683742091819
0.4307542795495762
0.432506376625075
0.5270766163671415
0.6436622332903736
0.6203284792067892
0.5337139985150078
0.2365005325991698
0.35396149881267497
0.369105407183817
0.5446990047692909
0.43464807254558385
0.543856729989309
0.582769569645656
0.5442590994662244
0.6329191607682151
0.45250928675796587
0.5534146064536525
0.3913017223404646
0.6171884689759858
0.3645006409688472
0.5182639319490303
0.5092967532136738
0.3041865480197577
0.45507987888346735
0.4216279233809858
0.3257294545322164
0.6893463465431668
0.5506471803647766
0.26295255156906117
0.5943298472384511
0.5716836488848732
0.6463634475128919
0.6640396915434085
0.614926415191004
0.44848473085890184
0.4597556316167182
0.43001227973722855
0.4855361667647275
0.6577979614301422
0.3155909094418674
0.4349105580430484
0.44118951885008306
0.3687372285217444
0.5974535820456475
0.5339630301286773
0.6534122402820068
0.32070828117871164
0.246129313134541
0.2763606100121471
0.4941974623532576
0.5627851883565971
0.41742686899710985
0.4955571281854181
0.23984799118897412
0.5626775666189562
0.5498175341400551
0.6699143818703616
0.3477560351555828
0.6541956214208392
0.36263597331016967
0.5032637347216551
0.28092331491700806
0.5760531799361589
0.5893401783767074
0.2638806214314239
0.5687750474673529
0.3557041422401534
0.34537340648417414
0.6100707016687154
0.5717245690740902
0.4668999143490788
0.5444413495441026
0.33791072759505675
0.5271799828067482
0.6202349233127739
0.6007822519779422
0.2719897583398575
0.4854718666752443
0.7097162870718908
0.5648007703943767
0.528383471189905
0.5387745823260944
0.39866809923149
0.44991060254704807
0.3897233256893779
0.5092037159329711
0.6163573886289133
0.5737812620227829
0.48911852005912143
0.40441258329669155
0.5695191261327078
0.6398111867218433
0.36003419529037606
0.6286249009287111
0.6529451018374229
0.604009420226287
0.31821625909741263
0.5602929837885574
0.650109217659687
0.3037471161243732
0.5276649484517167
0.517908736052316
0.34404540202388917
0.5837285531047399
0.5409712998724419
0.6822762404822396
0.47530537518079813
0.42620893822537126
0.5071502440545698
0.5096420248099601
0.43840472620837645
0.4900328482034142
0.32889364635507545
0.295048958052363
0.26529162185000077
0.5059488691054446
0.48369198875687475
0.45362980206745035
0.3541862126115775
0.6897046611917032
0.31344002283743816
0.3584192664283791
0.5119739900800433
0.36000207592697103
0.3376111590715493
0.45361752533781063
0.6767858611290899
0.546365594783078
0.38973624263895623
0.29676231374223905
0.4019220917930252
0.5713863375932672
0.3011835622186825
0.3996261321362217
0.44779594533422623
0.6474155971364404
0.6895113364142827
0.4981359882475828
0.3171261995987101
0.5071508337292421
0.3350541019021926
0.4505574437434644
0.3900583721196813
0.5423699560045114
0.485798036273935
0.4834205943534734
0.3557218659884453
0.6417563143442753
0.4955018674320245
0.6624136452876813
0.34625719615778167
0.37311713104698596
0.24491954264487922
0.24178795715637352
0.5528748902118026
0.38818393405104834
0.3306958262898657
0.3421680221254422
0.5022815274630013
0.49538963125323654
0.3802126851910071
0.5373731698110908
0.7236733679436669
0.35048762219240465
0.5758456825361143
0.37797191097966176
0.5674727926893199
0.5704123245974579
0.39186105167443736
0.436053161891759
0.3454381656391259
0.5545875951169577
0.652652361647562
0.5354032882945409
0.48337509549646307
0.6258822223885219
0.4240190656666533
0.5267818891613849
0.2226088268185498
0.3426391085166995
0.3455274502018756
0.27028306489023146
0.3387481814205228
0.36112879427392686
0.7149668670075442
0.3136891597258383
0.4096117022514161
0.6767707816182607
0.4785722470066909
0.34034012197859964
0.40472994398018614
0.4150041400169448
0.3346198404552993
0.32483939540518203
0.618748090267961
0.38197962635041355
0.6614631956023597
0.2900837836279517
0.4008224333032077
0.3668672452777803
0.2660841058862919
0.55671167398495
0.4860470726955267
0.3947574899442195
0.42425371901974207
0.3379946447356492
0.5436208658653386
0.3263630424950101
0.31026347489360856
0.47183726460685044
0.5963845172310266
0.5900615101142564
0.5477638609524125
0.59034994260394
0.5340275155114522
0.35485843745854107
0.62466897745908
0.5485176975039984
0.4392130839096556
0.4229091503371308
0.5550924768757962
0.3138136078195105
0.6194681451840528
0.6441017974460386
0.3778135058767844
0.4689873809978355
0.5132816530554265
0.4611221205445316
0.5798863279323203
0.5410781669577337
0.5211505975894092
0.7140625110796273
0.3751474353349468
0.42770768657620456
0.43361872527694745
0.39248904326457146
0.5230588207381527
0.366449669690093
0.7308886540116637
0.6176797742394449
0.41825111178479796
0.5697894464985604
0.5301218748435899
0.5396020783958825
0.5897232896320722
0.4885919452882175
0.436560402877264
0.39784375811920997
0.3496765839973711
0.33536611484414863
0.33130568381648623
0.5453745815648493
0.46817712970833675
0.5376462234741249
0.5625045467642278
0.603756340997786
0.4968314018023059
0.5020597770116196
0.3427529184412921
0.49501931176443953
0.3690903301322821
0.6398551441680279
0.47629376676244617
0.42034491390062084
0.5805527109194136
0.38515898132524307
0.6124190410616551
0.5358345706927298
0.3723609503866468
0.3071685388829183
0.4589062037679855
0.21782832414136558
0.34553177595657
0.34881276075252565
0.3292587187070273
0.4437526366045324
0.5447510547240317
0.5384450868030185
0.29990924468054003
0.6159458822235727
0.3807374037338074
0.3205786870384149
0.6434780476981398
0.4949225383392683
0.5154389912381554
0.383804208305745
0.5787954893334475
0.5323424868144013
0.6252272730313755
0.4556094158430768
0.5087496480848835
0.4278065816763157
0.41470841675388265
0.42317563741613284
0.47728235845372713
0.49223823952339335
0.34720913205879966
0.4097243102848191
0.43735355592777686
0.3030912781447108
0.3681512727770456
0.6024521393287015
0.47020181673451034
0.6677538950789611
0.46852083056482563
0.3194017711182266
0.4782144546535281
0.38633510484798284
0.33819087479268406
0.6042151703979994
0.3896052419858427
0.316725338342838
0.25502097364159354
0.32929124238106666
0.3961687240903343
0.29841725436154615
0.6608599329461932
0.34138881549058026
0.4893646686524506
0.5263373911867429
0.37072586409428504
0.4180159852800276
0.5310293829296497
0.6486392339501583
0.32067596117212394
0.3239464670116155
0.2827989599393692
0.39453747730460764
0.32530088105462335
0.41503701399656195
0.6800731348281913
0.6077504279897038
0.39569645284303795
0.4175238030955024
0.3200610765176915
0.6807014018769041
0.4891056360443261
0.3739399138226594
0.6795421279999628
0.6114673478333886
0.3927387903458735
0.531667646764348
0.564456969953943
0.6580529481912778
0.5428900330623603
0.6127085369487233
0.5690181383703576
0.643992788376066
0.455386483584549
0.5236068883375143
0.5586663625829651
0.5334341239229352
0.7078094152160783
0.49198360581971895
0.4562603583198065
0.5119533079271796
0.4213184628358065
0.5165789791109758
0.46232367772816313
0.49034863602176487
0.6271615516547636
0.5687855909249655
0.49446966053074076
0.3445124399592104
0.35260589997309877
0.509139972652187
0.37767816295580936
0.6224350791954152
0.4391566561512934
0.7294438343891215
0.4244002128605633
0.6064995527191309
0.37419498267261053
0.4028916712248365
0.39036788854154914
0.32903974379743517
0.3111354002113189
0.37615319710914363
0.5372711927523933
0.4840187835141052
0.29946661442444716
0.4823050041866674
0.2675029840591484
0.38846368722755853
0.502656803426907
0.33395882630289264
0.4422516843692327
0.5169171843666354
0.4818986810827337
0.3902001926714276
0.49174588478112335
0.36522907420784506
0.37980657944734014
0.43122289689352483
0.5334582192167976
0.47435061635312237
0.323100387187444
0.3696266755561783
0.5318186441774768
0.30570144183328923
0.4240923314271434
0.5140965052780166
0.5084080387192048
0.4035746219013157
0.3089786268784971
0.38286800495813905
0.3783772713777306
0.21401731141022742
0.4318487462909012
0.30400186701474047
0.3437239583652367
0.5081388750242768
0.5677424485444746
0.585953955162397
0.5147838967602366
0.4752440985752985
0.33149224592323717
0.42909457978413346
0.5625778245473356
0.38927822266230594
0.35858699009216854
0.3578810930163595
0.40047899910935764
0.3404463597624843
0.5138731024196987
0.4204099441206269
0.3336906222604272
0.6748271114395971
0.43807980210428205
0.6272896713364262
0.5153081345456952
0.4010695841149277
0.2904787854390726
0.5501011109058289
0.6044512040989968
0.43776336346040773
0.6852386062350335
0.530795610256475
0.5831504241403839
0.3827141139271452
0.3601723662142949
0.43270722065945266
0.4581745748749037
0.5343237960703816
0.3057225296792073
0.2881560118694217
0.3292427682083618
0.3124006304103245
0.5345250916602794
0.5902894703919991
0.24740543745813387
0.4280247937675551
0.4430712974120046
0.6374654109908784
0.368486296317031
0.3533596939361999
0.3148460340704762
0.384391927905709
0.5398930778073794
