0.8226901089748427
0.8320167225445667
0.7865590551562353
0.7770801646584995
0.7717827581240825
0.789949624197626
0.804372854287847
0.7446506297041248
0.8336486710196762
0.8303064155580325
0.8125512172782144
0.8750557520148696
0.6641512801283824
0.8258192664931505
0.846652426417216
0.7250760060507555
0.7996594156738865
0.719566783470574
0.8025420045213493
0.7725852735682066
0.7987602746296565
0.801052025072712
0.7959111820633551
0.8781164549366616
0.8603216583841538
0.8219992694921694
0.6985002193858756
0.7970107588798786
0.8213932230186213
0.6385351541722732
0.7714548793405449
0.7757740334555295
0.7742732221804053
0.49244121511421013
0.5796851809647284
0.6175673494055232
0.5770794367660214
0.7410722232447058
0.6756978251140356
0.7512108276691677
0.808087530315209
0.7654073482978577
0.8015062119415751
0.8284372089174028
0.782055249766373
0.7500420216475735
0.7589215085453165
0.6888327580006535
0.7961293801809874
0.7635840865336683
0.8243311999460089
0.7677216799978218
0.8343114583152843
0.8874681861974862
0.8245823703660673
0.7593607483161557
0.7452763953408421
0.717212693909547
0.7013402997398599
0.7053200154871746
0.8644346355147339
0.729067157896643
0.8256552540193656
0.7313263581557148
0.7619755323808337
0.8341334870269052
0.7682771221395029
0.6780780916600326
0.6727455929599216
0.6765422770630416
0.6827581347906958
0.5770458175115136
0.716329261019318
0.5970171050990433
0.745606919168894
0.7217568054195815
0.8187561685419706
0.8026133009098079
0.6673253354738286
0.7816056405761678
0.8497455532431128
0.8890279319821265
0.8151445015218816
0.8290369162528077
0.8419057624640377
0.764162121335457
0.750607631127431
0.7506238937970383
0.7614357916595804
0.7685337794206132
0.7887821867119458
0.8078705380252066
0.796643241052618
0.8302266275436633
0.767004998428177
0.8202154719641519
0.7201119475118929
0.7646679767898158
0.7557523555865392
0.736723231228625
0.7649858907730713
0.7503844994752317
0.7520682468271825
0.8287263455290896
0.7399950557243953
0.7210503359398243
0.8045650007203237
0.7723064127567001
0.6780732301184402
0.7119884990178856
0.5742169140263076
0.7557065589790491
0.7279505925519159
0.5799696083156455
0.5606017370800646
0.575634795716897
0.6267053014898819
0.7119907160301154
0.8129206789326657
0.7469541492601967
0.7374586269203808
0.7783295440058811
0.8294193117827574
0.8408784904410289
0.7397349435881138
0.7459030120250105
0.7723600814872662
0.7472690237052164
0.8093847295008594
0.7928463198158421
0.8119908125843471
0.8686847516382764
0.7761924001359684
0.7673951301290224
0.7720449085515767
0.7998653038787259
0.7634453620815265
0.7730245527228163
0.8426742471368642
0.8375185932839407
0.7937272119631755
0.7814309248092387
0.8168320058519892
0.8024772817557653
0.7017690018713344
0.6733258376566644
0.7736750948049671
0.5151216576892833
0.7668783335777967
0.7398732253492366
0.5805887145747746
0.7265086458096698
0.576862409975168
0.7186262165498823
0.6506751633256042
0.7061977669367168
0.8058647357625643
0.8188847286191465
0.791394877927924
0.8345166208176704
0.8000455618440117
0.7836402352169805
0.750234580359956
0.7582383212889523
0.77041673566699
0.8113973380996586
0.7096179942827109
0.7866740049711503
0.8617975798927625
0.8576589498179551
0.8313681263191897
0.8325064796240763
0.8028893704284121
0.8016346985937175
0.7267939021588234
0.7745684405456236
0.7152269117264152
0.7440520120203331
0.822190638311691
0.8238223423174362
0.8293727823779465
0.8712481327113158
0.8516400338196286
0.7288624606679087
0.7279354668761593
0.7215408157703135
0.7178615482976114
0.774704576729401
0.7427494187750541
0.7709677252904567
0.8367549593915199
0.7954615789158724
0.754825306684383
0.8061637368266638
0.7842202331075774
0.6949653963454355
0.6685589146048084
0.7883620615440569
0.6903603319050253
0.6119133778975702
0.5826474506910375
0.5969394433045895
0.6209567693847134
0.7144538409127734
0.752124222760854
0.8143427095040324
0.7988975783993744
0.7600969697469114
0.7455894461067244
0.8370557568425673
0.8379954814447151
0.8316498227547122
0.7816799454007524
0.7912967247109799
0.7490713024504306
0.7433465977937516
0.7457710973810018
0.7708271090658327
0.8340690738676685
0.7785209575052431
0.7917404604124577
0.8273932184634927
0.7478066703651001
0.7970795907416478
0.7765582831327694
0.8163126815358251
0.7185524632027842
0.6721153240825126
0.5654508719256589
0.7407574407335364
0.6143494678225486
0.6571653995766437
0.751051762258253
0.6927482503379643
0.7400686517665855
0.7994957772928611
0.7891704607980071
0.6893840600224895
0.8300491093657965
0.8384429650403302
0.8041779817649208
0.8261380463730393
0.7902946474884053
0.781022083526742
0.8131260485707196
0.7739072091910302
0.8296564783531923
0.7614340708613205
0.7362705463249002
0.7336790712176399
0.7686421208044704
0.7243556745121544
0.7761334142828542
0.7845386377957709
0.8629464946085238
0.874066608636146
0.8017409169760126
0.7358814758728586
0.7512804151171292
0.7266670115087716
0.76808853802123
0.7793451810886148
0.7773909582429073
0.8031894214450018
0.8274242499801919
0.752449787538719
0.6953657801363804
0.7840231668105949
0.7360355608422151
0.6190024641052952
0.7864022889289369
0.5814315067147584
0.7480599180913674
0.5980260520384948
0.6892956811272555
0.7448029018299124
0.7280270639479473
0.7571844751378849
0.7635676138773212
0.7999491927665532
0.7826842246834163
0.7982111363820295
0.745230159463017
0.842171653390848
0.8193933806043416
0.7524286936317292
0.8338632106273471
0.7320459234023272
0.7636337993178178
0.8121043677242062
0.7441045777064894
0.8405448129447645
0.8685318505274846
0.7881051122859527
0.7491365474125508
0.7621838450255877
0.7645477449188058
0.7806088541942252
0.7375700312753224
0.8271758001277978
0.8034970806515696
0.8098152773474883
0.6974327827855685
0.7178897350401802
0.7974529925417089
0.7481920334315635
0.5774049901459741
0.7106532510489779
0.3451197023347875
0.6806204803234168
0.570419616462476
0.6367578784783565
0.6269945726607343
0.6907641870773027
0.7092007388046793
0.7824396547430509
0.7300916587463167
0.7810755691604356
0.7652694069819762
0.8402488042117259
0.838460956502016
0.7507604372202805
0.7949504922682411
0.7677733348413933
0.7745684405456236
0.8002672169580316
0.7411410685111687
0.8422362121768339
0.8302438057299288
0.8125075769903571
0.7798581356135412
0.7452763953408421
0.7644448085498255
0.7705760204152035
0.839265901320025
0.7731467248893388
0.8227861589860315
0.8491865207584333
0.7006504017178741
0.8054739478572239
0.7841624080250733
0.696420169768917
0.7244342582326527
0.4249642183600708
0.7327329345537928
0.7417501253302681
0.7763131764301339
0.630998660810024
0.6625138410668555
0.636324051573534
0.7599143570654799
0.8051743592152474
0.7437706919828492
0.7117929932522015
0.7780045524348789
0.7582548982092732
0.82939821977982
0.7652693178914352
0.7498881852624806
0.6428463320648978
0.5927079499563243
0.7834194930177715
0.7765310567188923
0.7813979257207653
0.7142904010779912
0.8031780286743258
0.7797755323187563
0.8060104195287159
0.7210864173315308
0.7859739807747869
0.7915003673557197
0.737774330363258
0.8346702445021318
0.7502510875721442
0.8763449501363573
0.8308255688640768
0.7789487591425903
0.7241056495232026
0.7865454508161701
0.7684464475824323
0.7735878867553833
0.8249461567315696
0.7748882252265106
0.8238921312009958
0.7731616278160183
0.7490443166714778
0.8181700166253693
0.7460239323424794
0.6006274095648982
0.6487006293207174
0.5990823487198115
0.5185353856991118
0.759748104895064
0.5606000996162945
0.6356532238006429
0.6976846654704761
0.7561526289653479
0.7968064505289099
0.8067799955260173
0.7968486102823413
0.728768812130347
0.8111712135533982
0.7343124634042539
0.8243056061316267
0.7672186592938582
0.7528884689887909
0.7574535878501854
0.7664274702104034
0.7692142118916316
0.7529389673100962
0.8239464391922375
0.8740398508511743
0.8513170032369044
0.7223993478078863
0.738507224552223
0.7605059813778738
0.7663417047693466
0.7702055550090562
0.7789984661497209
0.7948312758018106
0.8268043238042553
0.7859448569710483
0.724351797043441
0.7358950147214405
0.804105234405349
0.7160694800441711
0.6762465011277865
0.7496618156747045
0.4816115432974385
0.7723942227263515
0.564647038909602
0.675908577786395
0.7036966538232613
0.7226052975646617
0.80487242356826
0.707503933218919
0.735876358197548
0.7473073317066663
0.7272537577437344
0.8244531929286337
0.8036277154197177
0.7610458186999106
0.6730830692824452
0.745190010303706
0.7577013402698022
0.8263274385245682
0.7886873829200332
0.7932361954959033
0.8700301583208966
0.8598132552327398
0.7640793681100859
0.735888638187856
0.7533496355037476
0.7667095264069694
0.6991179263678293
0.7430401075486452
0.8373320786644745
0.8353146087406629
0.8055427488207866
0.679475173832403
0.7998804067163483
0.774293173594194
0.6758938754142821
0.6471480863754318
0.5186914199347432
0.5110553396118698
0.7492561324418765
0.5317739141974553
0.757657332108174
0.6094459647159804
0.5854535548179668
0.6343364090161036
0.7962904512889686
0.7880933879181283
0.7820275627928086
0.8384566898752617
0.749382211309199
0.819826300158073
0.7609748037951349
0.7565852628072018
0.7648984844187424
0.8509816715399566
0.6737254347287017
0.7788381133116448
0.8303614925117018
0.7575359933519509
0.7506674949077619
0.7516259769326562
0.7942047689198573
0.7699533644397968
0.7808111177860587
0.750996058122464
0.8016541256106567
0.8272848292354638
0.7978815084549022
0.7958813167109821
0.7637720831851276
0.7535773547717666
0.8261593286349307
0.76450656742779
0.8403513802710937
0.8528086037694668
0.8319139263830492
0.75262195970635
0.742439821467041
0.7814423719119737
0.7126019873363012
0.8022660276780368
0.7499157054109198
0.8040300368910067
0.8434988010459966
0.7768621969557961
0.7459103492731116
0.7367846966307152
0.7483838925505353
0.7300715263373699
0.7399544970574512
0.6754380252202331
0.5329520650286788
0.6991900395623607
0.7714114378144228
0.6164561646463474
0.7276292356492323
0.7680277806732834
0.8120582849451877
0.8035135081941669
0.7328721421397125
0.7848532347282341
0.7565168385623045
0.8245668743139638
0.7874270585694592
0.7400543457411359
0.7769592971975945
0.7822266014246827
0.78753071244905
0.7808653590816248
0.7508691990343642
0.8109459468157261
0.8366050973036372
0.8412432186739544
0.7526922542909417
0.7590868740153486
0.7509210892260118
0.8045725178145922
0.7914522247632345
0.8161881930965594
0.8413974926747021
0.7430894663695075
0.8439985853717467
0.8152722782496363
0.7545765480085983
0.8092403468300876
0.7000816298869518
0.7714413170024802
0.8254025920364798
0.7852203252644705
0.8486654473784258
0.802953731273647
0.774319830718467
0.7753411831047571
0.7906580595227843
0.7665011720223062
0.724580180516754
0.7730522927757849
0.7574915841057358
0.736892611101355
0.5831029799146877
0.5238150628238561
0.6241450712026212
0.7383650635523951
0.7634494911298071
0.8105745361707422
0.7283532892265238
0.6691556607487353
0.7758881720354064
0.778166667923629
0.8212433010586362
0.786497424077152
0.7435725655664339
0.7202986719549018
0.7994710939186989
0.7811697372561952
0.7481939494776065
0.835420214425426
0.8446303425799263
0.7671491944785828
0.8232945052437569
0.7964828164567044
0.7475853304751845
0.7489595390536193
0.7075496696350569
0.7804508147781608
0.767841489110134
0.7883684079005561
0.8028536667759708
0.8148843311544894
0.7807365164253898
0.738438987326855
0.7791452555109144
0.693237279873916
0.7905582888332087
0.5486252851945459
0.5991390636014884
0.7432787744195953
0.5011798589577051
0.6187759849049064
0.6602337263294529
0.760669488254408
0.7119134248058283
0.7810273686106673
0.7918640080419951
0.7110786227764062
0.8543880296349134
0.8832209147238049
0.8263199686704311
0.7891309005177563
0.7880195681431013
0.7707111483314881
0.8323164919970643
0.8016763345989331
0.7231874823441913
0.7645400296196402
0.7641507643791118
0.7591431868469728
0.8295539206790017
0.8103296989656329
0.832484685951927
0.7428925534732094
0.8006594364619372
0.7868892275083403
0.7438149833002606
0.7642939575892257
0.7596362502745493
0.7455038397886424
0.8088629684914638
0.8291343160047133
0.7780032615375068
0.7080875314055409
0.824971221640698
0.7973067921749339
0.7449109172251697
0.6654914562604488
0.5858160586989318
0.7495899245208222
0.5437121758067055
0.5923186523186544
0.7272805345624491
0.6551795796416839
0.7059766775959209
0.7897332287825486
0.8193640071375706
0.6719221228872496
0.796455184025746
0.8461550625966039
0.8497286819172959
0.8469332165509268
0.8395644059780335
0.8369176015987573
0.7475030369201779
0.662830536902514
0.7852438140943059
0.7806898783505885
0.7685591593244329
0.818049463448265
0.8385317446613507
0.8457509462607808
0.8843356609694334
0.8513346582324341
0.8253580281291458
0.8272848292354638
0.6988389502347099
0.7943642043693692
0.7648901964436763
0.7797529615764447
0.7591884557589101
0.7675005441457077
0.8432727332103185
0.8414160381720877
0.8667116434631036
0.808261023294645
0.8118791071053286
0.7924439369725111
0.7744473686588357
0.7886742363002193
0.8173145292424299
0.6362294555067924
0.8309643829470166
0.8400358987045885
0.8217017324577464
0.8374907905182986
0.7839764654901835
0.7491537483327073
0.7592214380635677
0.7674080758997033
0.7668217291608553
0.7744184281439362
0.7955564814369354
0.8123650677262714
0.7666080878935425
0.8090584106577545
0.7222886922233737
0.719639141863395
0.7839257997453586
0.7775376626505554
0.8199138717565052
0.7907681334369678
0.7198795547178932
0.7575827106677309
0.7616649517934805
0.7297761605393078
0.8376232272068905
0.7387657647177825
0.7995739337766875
0.8316935561046138
0.8305247229929629
0.7824675531360321
0.7451383132571361
0.7667546684005034
0.7682972504511644
0.7937332275326875
0.7400240175314258
0.7806330901847418
0.8312797644914153
0.7636875608391998
0.8072177772877573
0.7677733348413933
0.6616040462535737
0.8112366326893462
0.7600755772012352
0.8218462548283596
0.7790359785497789
0.7512151964580898
0.7603913951730843
0.7857415534516415
0.7809511607406908
0.7095103740846386
0.7653810086801159
0.8064613748492688
0.8016630688637295
0.839357054846766
0.8170431023693904
0.8136903903001861
0.755780298325465
0.6654307195450138
0.7968999488523697
0.7087786682279723
0.7505600401569787
0.815925583850112
0.8041385626491642
0.8537286921203144
0.8422966811680352
0.8657604606200009
0.7684983508845759
0.7300669341756723
0.7726093680408265
0.6149499975978953
0.7634912684459323
0.8455251510941412
0.7748187908601123
0.8265505181171968
0.8015671859948763
0.788275831121849
0.7780948252646214
0.7003439839168517
0.7950109949696531
0.7419016165698775
0.7705498569800142
0.8026436720423376
0.7696170659337891
0.8349954872828507
0.7589536505644723
0.7718454165987585
0.7722456112460816
0.7497825609488247
0.778589712743364
0.8538711916720908
0.8777173425348654
0.7888675059441971
0.7498107125090171
0.7574124257229923
0.73190764935854
0.6263612055192412
0.7716923903756192
0.7362396565475923
0.8096107555336437
0.8265104611618799
0.7624162891951858
0.7483460544013008
0.766165721341151
0.7919514300235007
0.7935167169069716
0.8261148650533695
0.8015619804920009
0.7499126923896402
0.7473021651455628
0.7407239708776231
0.775196878866532
0.5001815173701238
0.7720310181099712
0.7603561592134132
0.7795647950468314
0.8011161805337089
0.818905820609961
0.7418671389464053
0.7713340010947952
0.7263335221978607
0.7080236442411859
0.7759192303429636
0.7475964071188846
0.8208003662154888
0.8243258247172345
0.7712910924504272
0.710019892211669
0.7146910912680466
0.7653598257799951
0.7842975109234803
0.7739979387175937
0.8297584474591015
0.7783108475035649
0.7491113383555601
0.7693946020840455
0.6994555015291195
0.7640358607886617
0.7930092155053853
0.8064394683171909
0.8230551130122015
0.8864645686966048
0.8484300861328719
0.7517096438013178
0.7401370828213574
0.7566428651276736
0.7688605082625015
0.7808161053458107
0.8308373990574945
0.7754579728834525
0.8313665383816499
0.8056851216358096
0.7396098171363458
0.7328770944729278
0.7745376554017696
0.7702749901490301
0.734317472865512
0.761109919173443
0.7632264983328105
0.7947912159426551
0.7327080949972091
0.7672590242838168
0.7663007304059469
0.7667193553430071
0.7589591955587984
0.7995741835946208
0.8421711147991097
0.8799123635342219
0.8100690154058229
0.8356005968459577
0.827471472024297
0.7417240289843738
0.780293139687134
0.7686140697017193
0.8156931007616318
0.756147467606549
0.8265151871925682
0.7922015341804266
0.8598023365625003
0.867318349066023
0.7925240891708004
0.7358626534141915
0.753396511944648
0.7316206842012722
0.7640585526984556
0.845588850710995
0.774991799279479
0.8279430590363042
0.8398928442581269
0.8039638915324256
0.7416187777042161
0.7759342882351787
0.7487134819168234
0.7396338297248932
0.8275563813469953
0.8185094098677159
0.7742317331426172
0.7540106624387203
0.7403646074677666
0.7326267709584654
0.7975375227879824
0.6927819070318307
0.7671337287758613
0.8590058617529034
0.8242790755821184
0.8175772228674973
0.7435736141559062
0.807308257449843
0.7537658162422034
0.7598285422159691
0.8172585759129238
0.7724177848724425
0.8157039766483477
0.8280655103559315
0.8150780054258376
0.757245839253964
0.7003439839168517
0.7801254408720893
0.811183207643616
0.8152805446088155
0.816851770991252
0.7682603012944168
0.8185329803319674
0.7198304881379072
0.7322171249314495
0.7944653928459133
0.7463230865226671
0.7677181810304414
0.846952504191364
0.8757038171825687
0.8079764796080788
0.79369481907346
0.7549189837003495
0.7110480039925597
0.7634419359318096
0.8085164153232287
0.8128643784940739
0.8055917852751597
0.8320575555346474
0.7463243066232249
0.8117022311902323
0.766165721341151
0.7759342882351787
0.8113238648835279
0.7839515907692367
0.8244782536747937
0.8143888710350489
0.7501768546668667
0.7981793565032469
0.7250576789588036
0.7718454165987585
0.7443522366453056
0.7611716562584983
0.7790995463288678
0.8572343328595786
0.7796105530168389
0.8226392207396978
0.8454911170396383
0.8341781554225262
0.8120682693979943
0.760398592957107
0.7972536839638235
0.7247272859133211
0.7871778287841087
0.8476624135987585
0.83401556243429
0.7505790683589377
0.8541324528219458
0.8425781196179752
0.7637291241306842
0.7643644629946436
0.7549662153536792
0.7728349874559859
0.7591063979922691
0.7094888500450242
0.769932838851458
0.828202558340505
0.7744595149750321
0.7302342245927064
0.6864177339882823
0.7003439839168517
0.7990858575949127
0.7518586575455553
0.8352444682463326
0.7892108928650261
0.7788667891618605
0.7582117109060562
0.766697710945641
0.7659463214507273
0.7284966571162994
0.8021860320111142
0.8109161778245095
0.7957424526003516
0.8398495828776548
0.7519138974100469
0.7359302982231091
0.6986386403405398
0.7703862139741436
0.8339488850135913
0.7571694607429807
0.8200278023271853
0.8354210935531076
0.6336118867751123
0.7876101919168451
0.7678234465700544
0.7556837718227141
0.8042900251346832
0.7789248876161579
0.838491905576649
0.7647361540599171
0.7350712739198267
0.7704151999249562
0.7112819269088655
0.7607445553190191
0.776021597770232
0.7745558158135317
0.8243378076568151
0.8246068162246103
0.8121859585244039
0.7756845352319915
0.7554099368143197
0.710712468017954
0.5027864358411563
0.8157332219623977
0.7623221214419574
0.8077712167374688
0.8010090262469973
0.7527426104588009
0.7900049984185233
0.7715472117023039
0.7309271658653025
0.7531232866404892
0.8114971344416955
0.8179618441006354
0.7489841199566727
0.742409070813214
0.720033162048284
0.7644257431768167
0.8051325137832314
0.7804309920831543
0.8035013123165637
0.8331784381537395
0.8204859770472289
0.8003294674450823
0.8057733645835755
0.8081347220842027
0.7776082271121286
0.7791862720863925
0.6973899338134559
0.77368750993337
0.794453464086155
0.8184596510145558
0.8396251269060042
0.8324664317214865
0.8097246185925628
0.8338407108104842
0.7400239419460776
0.7285430934575668
0.6938027307695533
0.7752095843718163
0.7821660446876851
0.7953918448189065
0.8328964321581386
0.758497749005818
0.7952140138880932
0.7304631637194956
0.73603276290681
0.7100376765594243
0.8066964663972214
0.7432022019864958
0.8064580941230978
0.7720691272853735
0.7487221273674549
0.7426741861391426
0.7643276431688061
0.8131932635565032
0.7514333880945597
0.7830558298883612
0.7972723397648473
0.8541502780359639
0.7805092124994352
0.7396019340098825
0.7267974533824134
0.76383608629973
0.7569534812047078
0.7502776349688091
0.7945982199997574
0.8330714035344987
0.7816074104876131
0.7524498269461839
0.7702749901490301
0.8077285680274546
0.8361708212940584
0.7964459698322598
0.8290084065608082
0.7451222083431661
0.7362705463249002
0.7682637763297387
0.7714546396018492
0.8148334739606028
0.7097196764127246
0.8012174373608548
0.8716293407707635
0.798962163810962
0.7451622196345489
0.7213310016333212
0.7030794926532622
0.7218754323151303
0.7905206860744785
0.7363644918279085
0.8016461776555619
0.8034087184574407
0.7592489611942677
0.7918485245644655
0.7812599774664565
0.8092073868384394
0.7745037911855269
0.8255541763301512
0.8006400493683793
0.7465194662271522
0.7500797050560405
0.7027617559279372
0.7660455850122743
0.7696763678405038
0.7777553522865106
0.8388622860063599
0.8839205403072841
0.8473094536399143
0.8250286836598926
0.8433137118108899
0.7826044812378022
0.7650096234080653
0.8197186506722477
0.7938041703845582
0.8232762960476792
0.8048783094490901
0.8446961305080284
0.780245075207625
0.794770063475627
0.7911097542530554
0.7664156480577772
0.7409167511980437
0.7724854128694004
0.8164270374309426
0.749928030146648
0.8238817977043048
0.8276372673473459
0.7904112857660843
0.7833758100146497
0.7703145096869894
0.8083933502447792
0.7820738335738333
0.7887110744945208
0.8333669101030597
0.7845506134191317
0.7328108524702713
0.7320556059131051
0.7174294063406491
0.768000506459949
0.8012416291398086
0.7395697424649748
0.8207787165657475
0.7856016973805553
0.7911604795725731
0.7692628410492611
0.7254907452307848
0.7606606564320073
0.7691940692077719
0.7646723154075312
0.7441698003932293
0.7804579529858399
0.793407369413509
0.83259089810329
0.742145338210425
0.8065529206479317
0.7727145414194537
0.7917955501655498
0.7759161485748982
0.8071132105405823
0.7668475230026496
0.7568434676796926
0.745682922545205
0.7791136914360092
0.7674511791853886
0.7529402186931371
0.8315896508780497
0.7332567537892498
0.8441314217250528
0.8303793259213244
0.7701068419417788
0.738321540528437
0.7535435235281284
0.7686421208044704
0.7312413144698455
0.7529798529153482
0.775965555327718
0.8414575572779306
0.8598980675129885
0.8002470153778322
0.7285064419953201
0.8009355067759322
0.7719897673999802
0.790164423760833
0.8106601568770166
0.7499038136059788
0.7522893835863803
0.7726780101085622
0.7951583397879901
0.7630409850029014
0.8361699964295479
0.7686553317038276
0.8308329224329616
0.8813654056912155
0.839989433067698
0.8341216940703338
