0.2909325327957768
0.27073021135656805
0.42733848096567123
0.33617754100060004
0.45934269591822285
0.4329593831260805
0.39479199150143884
0.3770660303892251
0.2855636757230172
0.27268461549839595
0.12444892625545183
0.2863916854795588
0.3787681650658525
0.3530446450367765
0.3562526384660405
0.3990457524772475
0.3110432128933861
0.28940216181979933
0.36440637516774965
0.3212834255393811
0.2639201091973536
0.16880766667543765
0.4438326924063607
0.5243425115865779
0.35970435102973985
0.4968634392776575
0.45625784841230954
0.33248715830236547
0.37601787666896624
0.341053211538232
0.28238722423269164
0.32553464798809517
0.3731230821994183
0.5534422129852045
0.4243563094166607
0.37591326194345437
0.487599000091232
0.41477440206149224
0.31796116920447437
0.4421531750230821
0.45038313981241834
0.44959051022348306
0.5616461839116251
0.36075943678003985
0.4691038724608092
0.3573848571037296
0.43854548212369737
0.3740380180456691
0.3668344402441751
0.4671910398858523
0.26052894354466016
0.48131089952394895
0.3874762757969419
0.2898745378101009
0.420598807078445
0.3311209634024825
0.312098199588291
0.346856135114117
0.39182407557035737
0.48404711662069
0.3840105873571569
0.5158149330476359
0.3661130139388753
0.37039920969769186
0.35859646948357515
0.47600089068261164
0.4499108855020018
0.351613681787581
0.3988618503630726
0.17231900365008004
0.41839736056629173
0.3280520176617764
0.3557069500886299
0.46274502325550904
0.515969479819145
0.3692812177732694
0.5245156713016803
0.47499324142674476
0.3739026239669805
0.25850615588401477
0.41933750258579067
0.430259566127609
0.36114262730907953
0.3134591582524358
0.5421926600199957
0.24000015953837384
0.3397897004747498
0.37687681439892073
0.24062279299399292
0.45138933954076227
0.38977979864675755
0.34306395324425343
0.5217708673238313
0.47279450202958373
0.411138276022334
0.455405203732366
0.41186714694074117
0.4804848396452445
0.3571373452737079
0.3798474997545522
0.3992636795864598
0.4800966391830938
0.4042010421745625
0.40161459088384505
0.40319696643581837
0.29309789913059825
0.4283562491800702
0.27040201911997813
0.3868656584633216
0.37267866839117064
0.351302332924624
0.38255999400672
0.44606064962064546
0.42245238832496346
0.42006199204341116
0.39845299382237437
0.33963688327903035
0.3555076583607814
0.3432405420551569
0.3805613308066979
0.5024433603936995
0.3850936892133779
0.38230895060081843
0.36278493249177535
0.4981696188009528
0.4107309305330525
0.36814213300652404
0.4622412491047276
0.25243810640946673
0.37991600385334773
0.40554819663719466
0.4279562147723644
0.5171214686294828
0.4439278153855327
0.4540161460062796
0.30196520854033637
0.3048219565617688
0.38397202187577506
0.36165718210492614
0.5283002376852359
0.46291104939523486
0.3310540207036549
0.2934696491567114
0.2671753693964455
0.4452544830240071
0.3941449971639922
0.40139528912579764
0.3852630369024063
0.3831975400743169
0.4974124179950675
0.39514719224972017
0.3153486468671203
0.3901096138849368
0.5159482050551069
0.39085801155062
0.34763513550347386
0.4546149428225818
0.3736728998799076
0.4672008817334378
0.4718403866447186
0.38240753864548943
0.4845638763948335
0.5226859424453894
0.3561856440477547
0.272623145793588
0.4218795136828258
0.2789618582386302
0.5137164103201575
0.5167459419133166
0.3766886881912017
0.37232523533580747
0.41977386467618055
0.492903768075857
0.4207827240888231
0.3701511346353633
0.2775142893547648
0.353074264569144
0.5030122297449694
0.464769873299895
0.4628746506230605
0.3797124189341886
0.4089551681929888
0.2884643804119959
0.4834377633079221
0.40512931749057507
0.3283841692273108
0.45673715465769404
0.5152824516996121
0.49173188081947944
0.4083821588718737
0.40794191411327235
0.4730132093849286
0.38558229434942914
0.3461894077572025
0.4034693455629201
0.33515488586055936
0.4119801683679751
0.516467089288827
0.4558859930837212
0.4557246927437724
0.37945403774236014
0.4885508143434534
0.30417274769611496
0.30910356247581044
0.4436011402658198
0.48947011612982827
0.3975457928530141
0.32490727957496157
0.2183288665657559
0.5077079494542709
0.3832234965876763
0.41990155642655735
0.2925191746232842
0.4610622304380442
0.43041710196125166
0.4002269628397399
0.5059046004307032
0.5267696349066621
0.5547459696615262
0.5036074573053633
0.33159856535111554
0.38692735259997413
0.2737096525112114
0.3471354988484044
0.3695829899495516
0.4815499780069018
0.2736560752413187
0.5534706522422165
0.34507130378928125
0.37461813772679314
0.44259648150511227
0.5835778852711908
0.48157567397862794
0.55967573801823
0.5536944141840265
0.5859313961109265
0.41988803105533784
0.44655971541874245
0.5026372748419657
0.4396309296777205
0.38644637888272443
0.5367399943637955
0.5791458381653846
0.5737903468900876
0.39576960635435254
0.54978547283033
0.590831273867175
0.49332888074938913
0.5577046990396873
0.38087944776917276
0.3573851577136092
0.5726915163370788
0.5342664219499618
0.41484317394090153
0.397763284170208
0.5472269805825103
0.4237247925705784
0.4076519902994469
0.29080565625178834
0.34073993344190756
0.3564803808056796
0.3516736227203331
0.385011161025524
0.4933082842969355
0.42453921291259566
0.24088344417914642
0.13335122441589922
0.44355125911144005
0.35090032128718707
0.3272858751214113
0.34330201125571863
0.45850000890776443
0.4425958674963583
0.5120451700818583
0.34738451481462024
0.49148710732295897
0.5890280425949339
0.429658592408377
0.47527417571234026
0.40596995344729925
0.332151486601968
0.3339960230139868
0.38112751386767696
0.4418939849376771
0.5157655003515172
0.34133806153336144
0.4228034925073025
0.44983133856457547
0.5273483338768795
0.1733639017577425
0.534201345667717
0.42218432459461736
0.37932505543021383
0.4055686224883211
0.45464050972432396
0.3298477452557583
0.3174366607105897
0.6251450896515871
0.6084674745333988
0.5104515573751612
0.47699532270790757
0.36279789266670015
0.5371792900141924
0.5928736730218934
0.5974239123451538
0.5646004102710549
0.48594725010013495
0.2747445724559279
0.35548365136049775
0.5258383336179836
0.5994988288792782
0.5761405965740151
0.48637424261028916
0.3865929759533109
0.4225364944893753
0.42983851207631224
0.5678394653347191
0.5427102878357422
0.37392026989911137
0.5584679802447947
0.38401789471646874
0.5282056339867514
0.5771693951371091
0.5097967308905169
0.511148810752115
0.4270210032924521
0.5035668570416428
0.34130303094965647
0.5886218507441143
0.5076161506835938
0.40849937375322504
0.5861825267482886
0.6075110379695956
0.4554522560474731
0.50590579760736
0.557243575651324
0.5977136129674584
0.46632105675192514
0.5292293581429963
0.4624696035757683
0.4499147895427835
0.5930808254481318
0.5617394172136883
0.5113101592367405
0.5270809083316574
0.4519440228622525
0.5767451719233843
0.41427321110742354
0.5405296040299135
0.5889381638859322
0.5098611083956743
0.5073221973515567
0.6104013457629719
0.48133951392490004
0.4522444858863532
0.5580048332689989
0.5788382747584339
0.5317026129979846
0.49558809925466124
0.5722346025789752
0.4778279375340213
0.43316635926106883
0.32230146604273147
0.45883184751932937
0.4752828831275621
0.4829225454049335
0.45433843311746436
0.5038089253430246
0.2884161926842618
0.4408978396401211
0.20816719226908031
0.5838018650518116
0.587626508293158
0.42133298160209925
0.4742786320800301
0.593316587487115
0.496428712859754
0.35926431589532526
0.5374777714504969
0.3908969124971686
0.5593701961246831
0.47919430923697154
0.6271928556278
0.4404782766658613
0.5479588279688175
0.3540217632492098
0.49222268910040107
0.4116546140219645
0.2763245845452655
0.38310038719489725
0.33210228733054564
0.3402320380580561
0.32951494635599715
0.6242741089015654
0.46968728036795165
0.32609056064356956
0.5504232772881669
0.36766039659952776
0.34006902790128757
0.2686536480988314
0.4697874843148748
0.4891346727786937
0.29668864281679674
0.4532569025166402
0.3714664564186519
0.3615002168616553
0.4579384507540766
0.3763217746845482
0.38788425212349814
0.39176562153272604
0.40211094959593224
0.4673690054911518
0.5596347425910847
0.47460411024129523
0.5256208546418527
0.3861840574694634
0.546467784456872
0.4531240051236369
0.46031853545186296
0.5719850280187512
0.5929290824047178
0.480890748724968
0.31089434396488114
0.370590741897593
0.4966345084742673
0.35773191821905065
0.43136910177605203
0.43693914115201127
0.538021866792745
0.5201231078186727
0.505913302885109
0.5417570954535299
0.389222500712284
0.22772650473240638
0.49918845017445995
0.447303592514498
0.43376575444417015
0.443988168881544
0.4286766529008249
0.38640613200671353
0.4344158208345801
0.6154472941139172
0.4207964562478891
0.40280122338302315
0.1989357375687398
0.4106712231829095
0.5279761266383294
0.5587148815288769
0.406872405408363
0.5615965804767687
0.5031793694744666
0.45120026058733465
0.547305887563087
0.4970763198174892
0.6132846602892857
0.5781583808154389
0.3017275306146134
0.5306070888619568
0.4359541054125853
0.4823058879207799
0.34226583116928727
0.48953892471602883
0.6254101909056128
0.6280180333506107
0.6231601553639884
0.46843806237656094
0.5366034950568311
0.5391905851529374
0.4436919018077616
0.4784254331010218
0.6021674690479764
0.47965948409315184
0.33176615235721807
0.5600882782204263
0.5978456380159622
0.501463309281012
0.5318727885494406
0.4460198677120828
0.5099701056169653
0.46489674413052606
0.24072448024987403
0.49925982365917626
0.5884412597020331
0.49123763955380717
0.4422073661645812
0.5003775254346448
0.40999023650653144
0.5247413317033562
0.49733869643982914
0.6009471799284369
0.5663781298670494
0.3856736766190433
0.5099803232634474
0.5273714869998352
0.5060473148831478
0.48459478297467695
0.5065433844454178
0.6629265191383799
0.5057152807248445
0.6215843296932667
0.5976225948855285
0.5922045130527155
0.5966381721769638
0.5510553131025817
0.5190458370167287
0.5544129309757744
0.47255194712591264
0.440836494086295
0.5503607433237566
0.5605577290516706
0.5309496215114148
0.5741812352866428
0.48318501755151844
0.3782263605792297
0.5879589983728717
0.4761193155587665
0.45815808862062934
0.5247192862365916
0.46684627602215706
0.4100719719818098
0.5315308180205565
0.2559310083308821
0.5302618899217314
0.5627442640291406
0.3788573645951516
0.44616143211917497
0.46692746487754344
0.5282990738633191
0.5441732631949473
0.5475837456565117
0.6058233805688953
0.3972156075302237
0.5990024621643704
0.518440582957819
0.4829998042981375
0.5515766884200545
0.4872663635410967
0.4051411845955719
0.6176164609556055
0.5560178518985102
0.42355614787757934
0.5001953940102635
0.488420898389054
0.5404536120805896
0.353008922401403
0.5403928174493005
0.5952821124347697
0.42882557167218605
0.5001758358265623
0.4699410921328465
0.5470777631655621
0.5480827755421815
0.5762063339285232
0.6730774546522501
0.6018675621402033
0.6084352547925778
0.28827370010038683
0.6057789334097269
0.3752112010701439
0.5300816315096076
0.6619364788142447
0.6383461769945713
0.48118910737146015
0.6646537565252854
0.5469555383231166
0.5742025305671706
0.6196304273146062
0.555466928451545
0.6514698623687658
0.6072980716345306
0.5691268778265313
0.567948580778533
0.4768327055540143
0.5022674781401296
0.5416345837654388
0.464881339012137
0.5519265285619794
0.5426419460370792
0.5976343335367017
0.5224595153849217
0.31168565783393687
0.5118033398591662
0.5394711525530513
0.5744482120435123
0.6234816360591379
0.5473337770641468
0.5713417537727332
0.4950252982283779
0.558205406774726
0.5162093671659423
0.5760377957951551
0.5183576642035375
0.5189220580794749
0.6638582355574333
0.5843038623198726
0.6157285449770523
0.4053367445954789
0.6514215548532597
0.5096698197515505
0.6114263704584658
0.5804974328397345
0.6235133503040078
0.6296584196418658
0.44057841876225806
0.633428654656086
0.5344356602613372
0.6808419311611889
0.5943637481045175
0.5948757277476439
0.5059427215032827
0.5746191213351538
0.5631828338962439
0.46943626529637533
0.4625854875872842
0.5338306247267788
0.5929976906704888
0.4753175561096203
0.5722507212325402
0.4757173684016865
0.5846005725919275
0.5782588119008533
0.5371907818694064
0.30134902050676204
0.4622987494393552
0.6632320627393156
0.5894616656760622
0.6224639257041887
0.38604668469859627
0.532972346470767
0.5813735953539748
0.6385877135565784
0.4895697970549655
0.6241725425156383
0.5607691646182534
0.5890225659816616
0.43451779117247247
0.46510422110189287
0.44662638370467456
0.5672843777343192
0.5653763086690596
0.5747421360257553
0.526487137190526
0.5855380326450567
0.5314928568068643
0.6367295148793282
0.5279832059445195
0.5550102401886522
0.6061010300532796
0.6151298090446898
0.4385627075606485
0.5031058012152011
0.4347296220241111
0.4443789046021553
0.5186177483199842
0.5498390722949451
0.4932078119061208
0.5724151035656712
0.4506986547535567
0.5887638057100264
0.5542644350810936
0.6305176064642581
0.5658325701586853
0.6264241359658046
0.6179668138000636
0.5952720362279714
0.30452964767795415
0.5083805365273518
0.4769694601654784
0.6329862534775362
0.5899449970592515
0.5700161610227424
0.5011022703056862
0.5083046187904631
0.6049015315505529
0.6034562073168126
0.6855218740385705
0.5864268625964231
0.5973331227339067
0.5340673607256257
0.5419830399413881
0.48063928207990086
0.5987078168218936
0.6338535266710852
0.547107786012768
0.5397510115247672
0.5267355827769247
0.44976514460178507
0.4618286680708328
0.5029545704938487
0.535229281025768
0.3913897999720964
0.6101819277822074
0.6605363542308783
0.3297812101736717
0.5330126121310426
0.485405236985029
0.4196637816885168
0.4946900313425307
0.4911249520635682
0.4335155219775278
0.5056395067278023
0.46913951243409036
0.47265430047108026
0.6005404153298529
0.5455169309339704
0.4928943490270051
0.5980142010278059
0.5813797963243413
0.617752525669046
0.6392691402853438
0.6459152155711086
0.5353163112986068
0.6088810728001819
0.3782070603996273
0.6297424209757849
0.623321282670919
0.5746794481751717
0.5558499001942075
0.5297889866813662
0.5173744437781419
0.6529220580326051
0.5511374942470706
0.5757864309360418
0.4614082716566118
0.5469518106452793
0.5765464493645781
0.6284746328690926
0.5991935092720063
0.5534799758929106
0.567130582684352
0.5917506905541018
0.5383206186874014
0.5790814516323848
0.5768346678121969
0.5194557412334536
0.5119783114207237
0.4461759827369912
0.48948137851152984
0.5032718607775153
0.39115786553798526
0.4497667631370106
0.4528615205378439
0.2935013168809144
0.5447314157239034
0.1967086648861223
0.27554491068707543
0.5786066083373802
0.4720818171576974
0.5094711459802767
0.5084638902489916
0.4529480430603542
0.41723149782852154
0.5394605633112893
0.607693352311308
0.6166487117638373
0.5323561662010361
0.5453273216401677
0.5278674234414495
0.5539342636128589
0.4334516134695581
0.5177814509264492
0.3007910057315914
0.611526976774882
0.5398661068302073
0.60005636721994
0.3292022483461581
0.5484242757876093
0.5995205993278369
0.46339578944121596
0.49528624843310176
0.553978824719856
0.5474390437123104
0.40760829744077315
0.5888245020734548
0.5280349066484873
0.5906578743063435
0.6208584297689884
0.5223300525313451
0.554281039597839
0.5312624642705629
0.6348119083016139
0.5479288583233572
0.4564422433275837
0.5399965930910426
0.643133708903408
0.6316841977637203
0.4779375544093157
0.5128386338428349
0.5595099839039919
0.499111033253937
0.549741061676982
0.5894454756766028
0.6161362440120159
0.5824339485983785
0.6124862370006238
0.5250583623084907
0.5492870897654504
0.6186711876554934
0.5622134561187491
0.5056139977345019
0.5189589175999622
0.49150192398354575
0.627551157347353
0.5690005345159243
0.5287968656620222
0.6250589449020998
0.6256844140938753
0.5693746350828941
0.6058358489679627
0.5406936039079588
0.5675969952911439
0.5927024781783509
0.6103225044384027
0.5934386368075822
0.49126719339187475
0.5679984884566139
0.607738550307182
0.6143108670461471
0.6200911583450792
0.528639533868947
0.5308704936307117
0.580643514113767
0.5866904039439461
0.5912649521184106
0.5313173676438255
0.5212714325537423
0.5028439068011711
0.5507311261281228
0.5062014477206699
0.6021933118141505
0.5736534784432556
0.551635019695687
0.5075485827639455
0.5171092536130378
0.5586755330484882
0.5092268113267313
0.5663399964597873
0.5835762494437945
0.619406424817224
0.4788201147653289
0.5615301019680571
0.4584670701198937
0.5272419955529609
0.5710057450729522
0.3863091802067434
0.5518697803991445
0.6010704341094827
0.555040333352781
0.2513915339693906
0.6449665211669504
0.5951108910694876
0.6005740581503162
0.5432143859297083
0.48019298109052605
0.5576392989651642
0.4993684614561507
0.5873102009374326
0.5946104568170918
0.531316169386132
0.5583753809998142
0.6454740996176104
0.6414579045911415
0.551574849275128
0.5618817966099112
0.5350164440741405
0.4785597061756311
0.6004482592784157
0.6034314715616692
0.5541682917993939
0.6173942464721391
0.6506070467454731
0.6313030666113818
0.47890768436812287
0.4898874716993637
0.5449969684361846
0.5535835195888396
0.583713909956883
0.6323633269330656
0.4722878049032763
0.5611250726268644
0.5458176220566407
0.614581004326556
0.49062775705722705
0.5632534804986536
0.6294026555108797
0.6354893034663996
0.5961237558569854
0.5293534774450034
0.46212327464000036
0.6609146780820785
0.564284068282679
0.5542250393718949
0.5878993745754247
0.5084677005191525
0.6502757739440773
0.46890032473923804
0.5824237702503995
0.5575575014871107
0.5758480536041896
0.5557854819477427
0.543061898354785
0.3704470308460617
0.5935175136737275
0.6005318557767076
0.5817472449517272
0.5379172237141887
0.6115790290996439
0.6143268168873884
0.6127804489059812
0.593919922726168
0.6228849804995918
0.5199831722597643
0.5798276814583648
0.6490064421781117
0.7020071587576681
0.5837392075541531
0.6644904748102687
0.5795390132326722
0.548994901985094
0.6015521318691648
0.6427244774691845
0.6087536558682822
0.3568785584650598
0.3449514060995963
0.5252701285177906
0.6500937341042383
0.5679300559500117
0.628438544038406
0.6370691440483993
0.5784212056856358
0.599977011975518
0.5043463451205802
0.5493896161714233
0.41014185657887836
0.48681105357376353
0.6103152254738843
0.5797902849508251
0.5701914393420275
0.5282567912501589
0.5344809418886295
0.4357679677658172
0.489097574857411
0.4548107831718912
0.41050498717004424
0.5247752919418066
0.4981418192477161
0.568626342482062
0.5755884530934208
0.6332329596517383
0.6403329132362523
0.5670363700481967
0.4781253675593933
0.6067949552661427
0.5497763632316321
0.6429754538805242
0.6331965071903156
0.5822303754551786
0.5738554651698007
0.5464188831088149
0.6344296271978199
0.4863487282330112
0.6138872633041433
0.6030701464276149
0.4275526498253816
0.638268894505912
0.5957434432482684
0.5444780986512413
0.5774002676796212
0.6238596024574309
0.6143521747052406
0.5530161731015608
0.6535717763165337
0.6215305929548678
0.4758281378001936
0.44964063024035544
0.6457986813045276
0.5487304126392201
0.49158644888823877
0.5047460373942111
0.4896992505128322
0.5239154875743625
0.5323992197379076
0.6162880591297134
0.5601523664978846
0.5531762144161957
0.4752197303690337
0.6082674111680842
0.5433921912703709
0.6113969828819016
0.4798864801109206
0.5990324519866832
0.6358984569421803
0.656771557601579
0.6236174605625311
0.6372399947480036
0.6368990204616146
0.44626234720607544
0.431799018070512
0.43068078376351837
0.6201115263144711
0.5734987547406946
0.6075007653191988
0.6107303625507686
0.5065875906892399
0.5676434255279514
0.5610478620521374
0.6507503551548127
0.49148357230873024
0.5305136893958163
0.58816059429031
0.6166058750853879
0.5369962516934231
0.6203075508597133
0.6647350949508661
0.48474623491893304
0.5758400902632331
0.651611566385008
0.6106685808018342
0.6034556599241166
0.5910509767173985
0.5377146270203742
0.43890851154722177
0.5568437047680156
0.5870899579798879
0.5990979735684202
0.5509301417578203
0.5699045886132964
0.5391578463182786
0.5266078582934838
0.5723798056598932
0.33637254184602533
0.672149749595928
0.5433085562915894
0.5581462364104571
0.5727671518767621
0.5429376176724685
0.4628016920358015
0.5528669601056122
0.48710429581595427
0.47571877091546333
0.668871851107252
0.499851601819379
0.5691319668329096
0.6273232692708514
0.6293040010314266
0.6042204983949404
0.19120825442136405
0.6389990268083495
0.3257961739685593
0.5215057466442938
0.5589626531388671
0.5956387620170556
0.5634364521211797
0.6024471443425596
0.6550184143262184
0.5437945562957203
0.5727713297438605
0.5702403599969285
0.619480886321227
0.5851171639625575
0.5515434545146896
0.5910149071532318
0.57440222230219
0.5671052281303488
0.5251902281088544
0.48963494434213933
0.4945045646240761
0.45152919669608077
0.5631972658894251
0.32245751955378954
0.5893762490944916
0.5431687352445415
0.40565492143785264
0.6274632687562482
0.5945224798515302
0.5243176686603735
0.4497014034097488
0.5278856269499179
0.554656596017693
0.579104003505633
0.4470600294638609
0.48019690572390916
0.5647077339452131
0.5837822661773041
0.2441820183249047
0.5936607803634747
0.42115353222636764
0.5377819037049211
0.6379767231273413
0.5250063915880926
0.6192703997685358
0.3146557968414798
0.550638081157267
0.4040516634667521
0.569830144072471
0.6072153472727855
0.45099151660972786
0.46802719904122947
0.3902674194929029
0.5950262106901206
0.49631158925473007
0.5982556593906609
0.6098477400528108
0.6756404486776233
0.5291353785823021
0.43054495371160106
0.6164796782960884
0.5421022029034611
0.5022808167720579
0.6456739054762219
0.5772819852313308
0.6345425996322508
0.6906966261933026
0.3848164940421568
0.607829701257526
0.6607919808841217
0.4763750684320744
0.6479838680240262
0.5493488638705825
0.642829461724713
0.5536500007845353
0.6450477860901478
0.39908575738224733
0.5223813578846597
0.5217449257103206
0.58033278969563
0.6753156980946077
0.6745067387277931
0.6720392881318444
0.5939877271258116
0.6272618798853791
0.5938469146092037
0.6480769606671535
0.4996253583447459
0.6272086799266875
0.4990549712697823
0.6356217369209883
0.679874309409552
0.5109823430766428
0.22360501634639887
0.5336528942387726
0.44634776012906996
0.5846183292064544
0.6120498977595895
0.5665313654018889
0.6581799717061539
0.6340367410469703
0.6412113657598694
0.45876562645813507
0.5008818318478391
0.5948287714867441
0.5205100464579795
0.5894159634027185
0.6352462553350602
0.6590139111375024
0.49821065148139737
0.5507501262112026
0.7079396781542959
0.6311360953413062
0.277627118509405
0.5324246628528263
0.6307462701926047
0.5835942091025712
0.5609923712416908
0.5358017176885237
0.6224812517195704
0.5028849815259682
0.5328854794814011
0.6593285808252526
0.5450314536620615
0.5252824302283441
0.580499932474337
0.630954691212181
0.5364114316023412
0.5093881374182091
0.5296835755879553
0.6487645385434798
0.49317796835194955
0.5078530381793626
0.5139604770269457
0.5682212310483592
0.635579586310885
0.5715502674049733
0.5658686820347433
0.6131508598571248
0.5677096937605376
0.5932246185493614
0.5016782712880121
0.5667582465437985
0.5202334788064433
0.49712213470619615
0.6505618237892812
0.6246431409825207
0.6088889076587882
0.5553665648068781
0.5380683602713475
0.4533566205614512
0.505386454761413
0.629054509352428
0.5409169942651969
0.3777558635023337
0.5611864902581697
0.39270559455912896
0.4909946666942258
0.5569015458901797
0.5732766650522882
0.5919005175384501
0.6156416899959593
0.504329281495577
0.5279383757412408
0.6053636786410141
0.5182742935563028
0.6257359495579201
0.5927466050439859
0.35277518675984737
0.5626719495476985
0.5973890717708147
0.5261024363150378
0.6927207061369423
0.49619844500944443
0.6409445792742922
0.6357974671742527
0.48487855302265764
0.6519258723471242
0.6430622649148916
0.6955722286258975
0.4703828883932375
0.6014043211171061
0.6534912665925375
0.5129020066707427
0.5378306805154268
0.6757080061112315
0.6840241975864646
0.67554342953501
0.6291602177305063
0.5481450865530472
0.7016039384055576
0.5694602386388673
0.6075082397712704
0.4362061449450657
0.5678807549720544
0.5435505848337661
0.6725841562648401
0.5405143612598028
0.5760753591051622
0.6682881102128236
0.6926371181986396
0.6770546605783562
0.6250726266056439
0.5896891671019873
0.397295405075855
0.55847112523781
0.4458365678485554
0.6621568373327795
0.6352053420630374
0.5741913563744613
0.6230600029670464
0.6253796901068414
0.5291883064914897
0.568514434780916
0.5219834541348626
0.5913922635686462
0.577152965941439
0.5266217481651139
0.6864475741538619
0.5349738371969729
0.6234034669748926
0.566268941571563
0.5684213141706013
0.5397406983907497
0.5754711975371424
0.6215451073446508
0.6109072053883495
0.6590649826406002
0.6531147830091988
0.6429105566405282
0.6686253472275936
0.5981387746715233
0.6139201672530288
0.6419264404978169
0.4839863834604858
0.678377318623406
0.626523523772463
0.4825169110678776
0.4978809997242813
0.5409095366497025
0.6650549269751208
0.5920207074109828
0.6850715520751148
0.6835216989461016
0.4188342866326228
0.6768604873722495
0.6326130446079961
0.5487632720831026
0.6719841137535703
0.631963828999435
0.5464081966212301
0.6126082487603942
0.51067748944001
0.531864625178806
0.569565192970457
0.5536991172398729
0.34894922863056893
0.690569101609023
0.681734247103103
0.3565056427346083
0.5791970567154435
0.6753922886680533
0.5148441166689893
0.6074425825593416
0.49629503555546206
0.6752926701255564
0.6228112347708321
0.6704367119377045
0.6567238679580808
0.5919759735774642
0.4934152927626688
0.5181485887901954
0.42372254390275144
0.5784871682699338
0.48831975321963417
0.629292424354395
0.6036106946415409
0.368053936165407
0.6377834911131113
0.6423058771642495
0.6418524638868895
0.5412286703159573
0.4679919893871068
0.27336056516119345
0.3634285730323512
0.5508916676233302
0.49123403064948673
0.656776465728587
0.5353947727012592
0.6300661465055655
0.6197777965941487
0.6120387560404986
0.6403681060065105
0.579914640926321
0.6557654949233463
0.5425644080883938
0.5749630078859269
0.6013737116495586
0.6225105364160793
0.6298798604542702
0.4346296100868199
0.6508596375258953
0.6705407882375638
0.5836447566659289
0.49905342664859687
0.6547937580115757
0.6039451572057356
0.6154110358003927
0.6448086113892247
0.6755928869681227
0.49598390564916356
0.6641022287356497
0.30743262916403225
0.6542773411916599
0.5906068687673499
0.643231285385283
0.5063178361439664
0.5361444329908405
0.6547844499952556
0.6427154013817017
0.47907382708416074
0.6316860746327299
0.5617734400339838
0.7144224820071545
0.5601344635466259
0.6869807979991122
0.6977055758411889
0.599285906141918
0.5099380642017255
0.6033822591859713
0.5508150664492296
0.6584799368608691
0.49049943096590126
0.687798088221932
0.654392839379829
0.5177639810250864
0.6607653558792884
0.5822081857248742
0.5061330279347472
0.6656697350314559
0.6347408836876817
0.5166420284121603
0.6392989878518127
0.5522572699807479
0.5495812569459606
0.34804328832059417
0.5978128399358998
0.6122013944344945
0.6767408126470275
0.3925412475119113
0.5872816681439009
0.5405617284534923
0.6502984148172559
0.5790894702209695
0.7127338804219875
0.6692289855953684
0.6068183002357042
0.6831046006460904
0.646384385932469
0.5984366745564148
0.6090734459685638
0.5838787379882795
0.5721993896798415
0.2810141031323983
0.6023690341953462
0.6576467709937305
0.6383224942292681
0.5705140920560451
0.6258333318102717
0.5870666450043551
0.6395633965498706
0.6502741405028867
0.534731376118817
0.5980674748772333
0.6402700847682918
0.506945878646563
0.6862425846569784
0.6152226236129917
0.5848956270187572
0.6269329336546003
0.46914819548556275
0.6489090114045243
0.6655132126715576
0.5473854373049339
0.6042398542711477
0.6587912920750146
0.6620991080433491
0.6103650817423867
0.5979972023608332
0.6084149226889015
0.5871986129347784
0.6390462435668871
0.5906052646608293
0.2860854037416749
0.505031606385611
0.6108184600999952
0.5044119045426574
0.6256013593327198
0.49684547095225157
0.6445943897029861
0.5860912530673783
0.6236876068106556
0.651998224568466
0.605533661877456
0.5781643259522897
0.6006408345587085
0.6341823088024925
0.6112917360214158
0.6697249631996515
0.5695810076402463
0.509714082662673
0.5844884291453376
0.6218687436260519
0.6362389669133659
0.47006257307672555
0.6318898326010177
0.49832952093874766
0.4970245368619664
0.6390075796683856
0.5760473828209222
0.42881668151608454
0.6283534139483588
0.4941610121488309
0.5247149801900715
0.5591058407166268
0.5919999213469394
0.5696004394428509
0.4542554985579026
0.656321008558075
0.5923716957181133
0.6627877166738727
0.5667738112547877
0.6089070287899453
0.6445355510579494
0.6415090894921821
0.6694708147757499
0.6818279756774865
0.5562614453713387
0.43779189600665414
0.6337760021906446
0.6024956797722448
0.617233804399947
0.4024254477518696
0.6158386562173059
0.6259608862188363
0.5563325574909135
0.5596454147648899
0.518800970452301
0.5660279315046374
0.5216751877096798
0.5545232580058758
0.6470827393650288
0.5436469188844018
0.4853777548455067
0.46939459095628544
0.5408845179451847
0.601388427637584
0.6113510989084269
0.641923236024586
0.6099855463227947
0.6272109702247932
0.6248168306596383
0.6264507314039386
0.4958673604137844
0.6528970873896247
0.7025660098429332
0.5724509596683672
0.6025347430589205
0.5994975753416789
0.6516967352073998
0.6092802136650234
0.5865297233767137
0.5411147206761796
0.5908526489797632
0.6325351002043301
0.5996162275404976
0.6303794950194049
0.5573452499511916
0.6338018733462039
0.5185897559493678
0.5635717587685245
0.5391415070224977
0.6362729502609697
0.6102732031014019
0.6276311635396268
0.646884125153647
0.7025056520163075
0.650714009232089
0.5059265518335352
0.6304816077192276
0.5997646338630652
0.6396402109884044
0.6367537301391031
0.5227728689320051
0.6202632006618284
0.6352877006311679
0.6200782069713382
0.4967712134318172
0.6497827066011276
0.6929364433955593
0.6558953201175067
0.5598509456435339
0.6175976742582023
0.5651973572328874
0.48329744317887063
0.3729442255445257
0.6063876432203967
0.47765115414733667
0.6852572140768484
0.5694609854212604
0.609326528276699
0.6355967084164513
0.5907113288328816
0.540286350000395
0.6145197506687918
0.6597701816340285
0.5027848208591188
0.6390571191514733
0.6412772725499235
0.5791200361917958
0.5557546106093331
0.5438772747087929
0.5619436467016378
0.6062153174384046
0.6088095157389166
0.5787696656798623
0.5785516346747156
0.6649074375190048
0.5290599100973149
0.6566402731303033
0.5101189949347515
0.5492838033016492
0.6083064619571179
0.5760593642567293
0.6384678263264213
0.6574834331653037
0.6259007288938347
0.5548718974395904
0.4290841755492748
0.6767506637843639
0.6417636561892819
0.6003321372021344
0.49012700443180485
0.5585708661203818
0.6136475540691776
0.6618283722173243
0.604605257414332
0.6051831665381485
0.6392884228366059
0.7040982220055747
0.538768928913816
0.6275015722926635
0.6456370153815331
0.4131721577331661
0.4627118135145258
0.490912251979138
0.6109253043411854
0.6147240587050316
0.5138489657188298
0.4513388988497432
0.5242489990148396
0.6737927829167021
0.5622994185971372
0.5990052082893462
0.6440433053077474
0.5623157388067657
0.6042614743779794
0.4960381084810473
0.5943597481379707
0.48469880868507587
0.604682138063216
0.5694754031690679
0.6654412089800417
0.6334337611108963
0.6770187386720806
0.5125112825072342
0.5278697423882917
0.4146074578849038
0.5395474755154851
0.5603320947702018
0.6605586447393769
0.4323457629947514
0.6159554897533794
0.5787108894936553
0.6134810546505559
0.5998314157043027
0.5884152750676267
0.5390105290533556
0.5833699232092002
0.6068647172112879
0.634575042613356
0.6480116832413448
0.6461343955718128
0.5065015396412614
0.6835494806613857
0.5899862445389875
0.5635935586058645
0.6410707627652694
0.48935566757557614
0.4713209937259164
0.7133824142747685
0.6818487244336862
0.6150781389553908
0.656158137591587
0.6490951684952893
0.4707200260050148
0.5680387136086656
0.5775401517864729
0.5840121064161108
0.6366315657805826
0.639031129221425
0.644151500586757
0.5697785293552354
0.49523830047111717
0.529817826699378
0.5977096337526605
0.5145577014777387
0.6207198173021761
0.5736033920486189
0.5796859307415256
0.6281033658082773
0.6097126987238224
0.6068671262434685
0.7199287904708318
0.5861746961933703
0.6390396347526381
0.5822142801182966
0.6133939532388645
0.5532009939716344
0.6757399799666892
0.6398286014223847
0.6020342704320444
0.5706792810669845
0.6440739522760675
0.4746044187433119
0.5494024991789984
0.6621881122776856
0.6448433377884174
0.5837507133262942
0.6268702859245492
0.6360527183345603
0.5728679624447918
0.6767589764294933
0.5136993864212958
0.6672627275022619
0.6847745842385717
0.6177405271837779
0.6316847104069061
0.6271867394528926
0.6226891271463925
0.5982682093096812
0.6280557320026151
0.5674229611000176
0.6574479684679077
0.6453820405496293
0.6461931956942187
0.5986008699892652
0.5620754506795396
0.46611904847211394
0.6148841554477333
0.48748306165878647
0.5557256351565857
0.6252819195774668
0.5141229124762361
0.6427459031891015
0.6939923772946487
0.6620488394413365
0.6627809804189994
0.4446194328460327
0.6199023022948704
0.46899253458150725
0.6272752792342609
0.5765296908499896
0.6978532146391326
0.6428948772900493
0.6553915783198966
0.5745163323569085
0.6096846318763037
0.6484562888412456
0.6578661537200984
0.6450501336866172
0.6053735597342849
0.5531106688149674
0.5628201634679764
0.5116485617841284
0.554752009529464
0.5640758855250732
0.7072346332198426
0.6324832855740804
0.47021031867716895
0.4974716704204457
0.47284437281775893
0.44324597340655264
0.6151634636813934
0.6734789856675022
0.590792742035697
0.5112806881647768
0.45794857923235754
0.6373165140729526
0.6355639592158007
0.5199060884165154
0.5867383144925323
0.5965528947474258
0.5087576761920894
0.6820202564459218
0.6844053996622677
0.6411721136157046
0.5303814196955249
0.6155538772113711
0.6955451042675566
0.5054095750456732
0.578620366824811
0.675749608507304
0.6421795924887419
0.6357422443172053
0.5750701297390055
0.6552253281246546
0.5230055652667233
0.6663965505873597
0.4577433864285754
0.5987327127750663
0.5878142820324981
0.500901094211441
0.5809670890637312
0.5674805180709459
0.7102198679133536
0.6512345734144069
0.4673509899581007
0.5249046820172061
0.5472336598625255
0.6635036585281463
0.6545343777795266
0.6263035760323867
0.6683896908709422
0.35193305699166744
0.6867543969530857
0.5526220812591095
0.6791534558824182
0.6576942423926715
0.44755071810667074
0.5851487215350827
0.6728504019638804
0.6480664641526355
0.7036118142415355
0.636716510759991
0.35300039875252287
0.667257223708394
0.6758667426656622
0.6837740226719758
0.6829919811455379
0.6819859345249318
0.6154186390539134
0.7245283903533383
0.7092804190836959
0.5032891944578805
0.6501718584157166
0.6242654531222801
0.5695392694085758
0.5789303346313487
0.6412204582626777
0.6767201479676953
0.6975900989511112
0.7304275970075875
0.6262112423486681
0.5307940427305896
0.6030520196436249
0.6398876348559531
0.6709667439666288
0.6272724459646599
0.7143174034193666
0.610236405819337
0.6540218495228994
0.6686084192985988
0.6859348403997371
0.6397410178762045
0.6514100922782685
0.6057910927199328
0.6093869880070908
0.6149399829409686
0.6427154758663666
0.5446827147952789
0.6589518154483665
0.6825376964584631
0.5929005314575729
0.6559109997331005
0.5928204234601749
0.6171723194659464
0.5040787335368873
0.5613252996050546
0.5732209711178993
0.5949659048637791
0.4585165256361764
0.5544543164179755
0.6642816452024332
0.7098075384429484
0.5117563177491418
0.6165703126773334
0.6988904719325704
0.6220084338647982
0.620512105072491
0.7174002080544087
0.6899338506036886
0.651906883466609
0.4690415802296812
0.5212321630702073
0.4299370258662057
0.7424736917299845
0.7148028872438735
0.7070242793471531
0.7045849100314306
0.6517099870302984
0.5359313255449274
0.6988940372811956
0.537642345883928
0.5472396243905236
0.6195521107715807
0.6182015323595585
0.6893074930400768
0.6707994566367346
0.7198351056870382
0.5961256649962172
0.34337094608024915
0.5944087429263596
0.6744618526221374
0.5777114751059403
0.6697554732586761
0.6979480774248331
0.641806493315359
0.6216152355015315
0.7398759453116281
0.6171488077231243
0.566187694698303
0.6288929810208114
0.5945111209360894
0.5933109271961402
0.5227278428082301
0.40608091069670915
0.6315533640046005
0.6807529844951179
0.31620801172178115
0.29665693327994896
0.6628706533737038
0.6018830102803286
0.6893532100812838
0.5648379254285792
0.670583867037786
0.6491256506937979
0.5460927131941054
0.6640275759465216
0.5951793816737448
0.6241856948966411
0.6952819694775659
0.701606585811925
0.4903043487047796
0.5913269227791864
0.610345152069139
0.6585640832674113
0.23343395451987284
0.6866659543891903
0.6569678847029156
0.6930103135256134
0.6779725664133187
0.6022422726761402
0.6593298931905737
0.686926827847243
0.702825268028604
0.6828183432112587
0.6746822650384778
0.6441392884428616
0.6151427656958612
0.7295854348985218
0.6941613015594803
0.6919967192361597
0.7070233394921935
0.442726226759034
0.6175070498235986
0.6966607403729889
0.7020524819171954
0.6601412801688109
0.6745120001742567
0.5947185541665894
0.559489469103807
0.6948265871258107
0.6871600405413661
0.6594047097361407
0.6154262277624752
0.5199237650818428
0.29455830247447884
0.5806164705930829
0.6916603594105979
0.646357625692273
0.6331747044568545
0.6114061730851446
0.6313587035816842
0.7165295267515858
0.5598489291046959
0.6763217287796632
0.6533182562465106
0.6288696095786062
0.6684877645815096
0.49031200814340814
0.6619705547910655
0.5758821179422887
0.5087145717765983
0.5966226249345784
0.5713229582739413
0.588696666135537
0.6052897950062982
0.6728262662834134
0.7023304774769309
0.6135504684437862
0.7111120749562346
0.5650023846854595
0.6025614075288503
0.5756062493990746
0.6833020634863448
0.5676700347987084
0.5045078228586081
0.6499660756915833
0.6559245562426103
0.5240654968915945
0.5549823664650727
0.551405419863618
0.6263487213701717
0.5988181528349442
0.6178097984491718
0.6252401123580418
0.5661979791957665
0.6401008803232753
0.720919582958471
0.7095449371841641
0.6543321678637559
0.6651017650200637
0.6994497307243293
0.5852165240445033
0.6052801363595284
0.6345791559693067
0.6207408246136857
0.6430591369138122
0.6816176451243449
0.6979211813561164
0.6513654199374208
0.6285706384446017
0.6210719480267393
0.6817436613193962
0.6443906499938555
0.6392603086241713
0.5910428186497692
0.7146017064473011
0.5831381598972891
0.6394731244476318
0.677226336800754
0.677869669871626
0.6108321756272991
0.6730335368626527
0.6697554182506962
0.6086895482814991
0.6242562871519951
0.6401368933237629
0.6689518926834634
0.70197017147318
0.3337029707496768
0.6283411784640506
0.5021016166857097
0.6870095767468477
0.6803811353486896
0.5257353912537956
0.5498343086081595
0.41778289403243973
0.6136410407469702
0.6568040538616536
0.6089712741194854
0.5449003518468922
0.5880038188388464
0.373673067402011
0.5103926575626244
0.6181870198043551
0.44774881545166356
0.6527373380868023
0.6405164135696834
0.640338822440133
0.6798957765241586
0.6992256381231027
0.6621223407858998
0.5885911457838435
0.6053006799761139
0.6689291051124852
0.6353546509417515
0.5737777571043038
0.629641664458997
0.5006865546203569
0.6685391643845654
0.5855227567205429
0.6793388354683608
0.6955563202387026
0.6727586074149781
0.6980553304846652
0.7094400380350987
0.6442067474845729
0.6666607813918894
0.6838939849387706
0.6727103405390644
0.6449254560098784
0.645830653348087
0.6688748422828901
0.6530298099255722
0.7210171263132349
0.7164719579903323
0.7036734452179474
0.6442981442489888
0.6590678767139623
0.6522692433551931
0.6575581015427793
0.6673668554528873
0.6864092822096669
0.6904003422473401
0.6841740565243464
0.6317209741172757
0.6837880181766717
0.6940390678936634
0.6675111050333453
0.5030338705051541
0.5808547326997995
0.6347149785799115
0.6251506938113743
0.6749955550088481
0.5900514984807337
0.6781952033452994
0.631110756790336
0.6620964782470776
0.560555875559769
0.6551521771021684
0.5816980099235761
0.6445415342586917
0.5574598189571742
0.5394489697654256
0.5158236994357364
0.6005554686859392
0.5822145175774585
0.6361978738416016
0.6222587644464278
0.6317767638240441
0.6590775119348686
0.6937377956074586
0.6629806347933905
0.690550392657551
0.6723573432382899
0.6656478005718506
0.6372406947843882
0.6870375270800225
0.5846916966368684
0.5831241792078439
0.6640051467847695
0.6249801545148481
0.5016665776824373
0.60959104608269
0.7217969844393543
0.731170791126983
0.6810932584832314
0.6825192695326588
0.7127379633607664
0.6997982932118358
0.7385297814405695
0.5669640370442752
0.5766235846804834
0.6474612237446512
0.6751091671147859
0.5973807433911307
0.6117104441163669
0.6170319124471083
0.5872440281884397
0.7436481863349107
0.674087933597868
0.5929317662827674
0.7192403851353099
0.5267793942367108
0.7094203081240306
0.6610359484396379
0.5881526926693258
0.6768364162148894
0.6420435560207229
0.6410447045527718
0.5877196482147994
0.5672699714281116
0.6545516248970908
0.660548704590505
0.5385631922416508
0.6923344628604494
0.6481958776681008
0.538355795628549
0.5987803309527272
0.5638874482303706
0.7028750118451059
0.4756204101414071
0.6115309070417115
0.5269531696475575
0.7248061905906182
0.6433282948565539
0.6591473940482098
0.5884976774332562
0.653848334628833
0.6635236213494534
0.6735906756659812
0.5575506756766113
0.5197391074079805
0.6736494347855726
0.581735384957548
0.5190265944398371
0.6154636649896844
0.6014360149039032
0.7183168339379165
0.6763984874225725
0.4661919570904873
0.6956355691676357
0.6331868765525306
0.6060628244487559
0.6631444255469344
0.5463636601566599
0.5522344980863362
0.5474183655077218
0.6271394053772548
0.6285553724281482
0.5584567824113641
0.6779866873358528
0.7011009072521374
0.5765526945696083
0.49999588830457775
0.5940890966490193
0.6677906528308754
0.6429169522879629
0.46091756160254144
0.665740216471295
0.5437002492402633
0.6889328514771859
0.7016300111053608
0.721536161323199
0.6196525091444852
0.48656948468687033
0.6866239810977575
0.6619839829069443
0.47541673215869096
0.6508570009192794
0.6219839824479044
0.6534145538641173
0.6252762151381214
0.6686481293026122
0.4767824122135418
0.548125076404674
0.5802910038586068
0.5070079221562857
0.5569224238027766
0.534819142781609
0.6763185035960134
0.5195904145120904
0.5119091189807136
0.6418733034398312
0.6845517522702613
0.3920086236833428
0.6402202539996182
0.36418313195107616
0.662702975789786
0.6424261120383457
0.5611007938572994
0.5969715935486187
0.6652597077724617
0.6585792033743484
0.6838001128593312
0.562297320251079
0.5268388131165519
0.6376510520202274
0.6598791802179456
0.50809742910961
0.5244212611969371
0.5344125815783154
0.6497623745936777
0.5650666080435469
0.554899978328218
0.5731591182351077
0.5496115701664644
0.615665119349173
0.6557129880516329
0.6711900171669342
0.6874335142242295
0.6161720561478314
0.6011642119484288
0.560113935330365
0.615551907026242
0.5276691775216678
0.5965391918350317
0.5699631360489739
0.5848260798367947
0.4801514003470828
0.5759954099496838
0.666333329472304
0.6140493743018652
0.6400657204224519
0.641014804844141
0.6931791322889523
0.6328757140662241
0.7000440908838688
0.6150317826509952
0.6555338666087942
0.6805540083780961
0.6046872504291578
0.45641922667127177
0.6756447243265248
0.41867192914520823
0.663776408603923
0.5931138396875802
0.6829067077717476
0.6850997701308187
0.6296537898091814
0.6545723560984693
0.6274547873652866
0.5985975554327022
0.5605599188767796
0.6007612380554325
0.6284787127019694
0.6914930915488177
0.5483427995517332
0.5528593864117656
0.6522991519788586
0.702939424875975
0.6764755692608214
0.66226900499137
0.5119170785670137
0.5993408708540818
0.6732461875805802
0.677310704338964
0.6342678788749162
0.5797233817750496
0.355923448085924
0.6439044345304318
0.69579527094906
0.6532264648246995
0.6867963640912303
0.3386965489776801
0.3971507596789546
0.5335408660455162
0.3315439217147069
0.3489601077422635
0.5463441199227743
0.5570475221986086
0.5642552351022774
0.48841582142179496
0.4706718956600413
0.6495042574971798
0.5340543098636135
0.6040631021170437
0.5162577158416699
0.5114189594225698
0.5771658269129852
0.6310189761208371
0.6616399450638163
0.40002914920481186
0.5506555409148306
0.6422311917176377
0.6379195179199162
0.6172721999313963
0.30157501198302206
0.5160267788196898
0.6218771971897677
0.6349706436242102
0.4711517309851221
0.6919991109137736
0.6126227007454069
0.6100378097074555
0.4630841033645208
0.6642007692470138
0.6624147538712749
0.5602575615615139
0.6774058655025885
0.5631277444498209
0.637495637791798
0.7124390052232736
0.642504595288567
0.6621679783351249
0.6327843807894846
0.6538690434901198
0.49123766296180804
0.6347262496285744
0.6590858763542582
0.6909075585572598
0.686556177386138
0.6379642193689865
0.6050574841528576
0.6777888006432768
0.6625873490095623
0.5245173902499153
0.6162559656093428
0.45657622299928763
0.6310080572152004
0.6846043033416767
0.4855606546816496
0.484835096001799
0.5634435528251802
0.573112130719814
0.5963536155240436
0.6205163468419381
0.6799576151491354
0.6192405419349681
0.6192204251784653
0.628020315974225
0.6848366752591258
0.6008253616298365
0.2704346436171585
0.44645749473634283
0.43162386798917124
0.620242006569019
0.6080060066098681
0.37836424797272356
0.4136791406239203
0.3545927370012422
0.6773601206092996
0.660532515400453
0.512917619306816
0.6601408440939381
0.630219673399902
0.6556251035807983
0.6481643739660449
0.7149429430747472
0.653755347084442
0.7094580074812911
0.49201308489507334
0.5813090726807808
0.6724158446684788
0.7106223214473346
0.6711248409557791
0.6210261351395531
0.6495519995717786
0.6694593907655505
0.5265656155325376
0.5465456958778077
0.6210535535233563
0.5812215629538906
0.45462011499109667
0.6399473336188755
0.5326309265925286
0.6509139493512163
0.6823854836890803
0.7044368195705633
0.21393203804225777
0.6231247624408754
0.701419230971402
0.5852951399599061
0.7109979576031615
0.6370013201172637
0.38794395546291555
0.6824606658421721
0.6641004383735436
0.5893549748541475
0.5879442160534523
0.594138437331266
0.66289201774169
0.5471316369309133
0.6811866458524949
0.565679400028398
0.6580874049683838
0.664960600045521
0.33335630456921783
0.6848462024594477
0.6974407869552592
0.6901017830990724
0.5202347262307484
0.539714234706543
0.6165861952690682
0.6361569287009192
0.6046670186844819
0.5442313591138828
0.6540425357992301
0.6543782020760708
0.6823441009935947
0.6646230458416489
0.6513213498917885
0.6726683771259361
0.6431147758268342
0.6161872597498913
0.6777915223976896
0.5965475498099053
0.6254788064276433
0.5592150317713568
0.5358600339755996
0.5201786029367063
0.5856505466233333
0.5008031734040905
0.6237288831578014
0.6141322936576895
0.6457688522435332
0.7359831165406863
0.6418642971381965
0.6325643753789634
0.5732613802466462
0.5955396663186541
0.6473529173471968
0.6072346391837408
0.436907397071687
0.6205960613283773
0.6479138176849544
0.6800391247701141
0.5363982077345643
0.5579392572467973
0.6329681208020526
0.6789588721531095
0.6499889372124273
0.6147798018283551
0.6661507753659646
0.6349681853065238
0.6729633697753671
0.6606898657710252
0.6769197553238224
0.5965135899562884
0.6281489787485353
0.632017848769551
0.6399842628718795
0.6569993800981853
0.6455597979265106
0.5748297024327581
0.6699606925558536
0.615601643511285
0.665551749504646
0.664607398366029
0.6559628422515884
0.6153143075394231
0.635163637192898
0.6714993313320932
0.6118976403952737
0.6679851337971706
0.6900924946514766
0.5203245235951988
0.6736505135611811
0.6257396726833407
0.571844575377686
0.590190913886885
0.629407346242149
0.6856659695243441
0.6259426671443318
0.36303549350528835
0.6314095208784127
0.5501180654826057
0.6211272229138733
0.6659857485004024
0.707124209046896
0.593089861664337
0.6047541167878363
0.5561177602649188
0.6335647332865648
0.6290289840090589
0.6428615643368046
0.5576123428949327
0.6302845991160019
0.6543757400564526
0.5137646092721468
0.6797225714721704
0.6388578958423534
0.690950758476624
0.7118343579796046
0.6503791249222765
0.6423271403448482
0.622132149887091
0.6430497964490391
0.6977464432661131
0.619165191455144
0.7091587089335749
0.5857486594097472
0.6290601622012619
0.5535672597332855
0.16295600062341656
0.5679232432522832
0.6582042012533195
0.632569873931992
0.6697079871978425
0.6523433213298722
0.6464318476157388
0.5924533972849529
0.6294677391705175
0.5184462648013004
0.6260323627649016
0.6415780233814325
0.659075684701364
0.6355672545951492
0.6372841523124592
0.6481164222164802
0.6928586785447932
0.6614474965889974
0.4621062692757206
0.6763995511281781
0.6899526954395273
0.7048578957083589
0.6033762686004848
0.6541022868716029
0.6571931684217083
0.6456825305692234
0.5569642160106237
0.4599931713151203
0.6244638387389002
0.6569734248721929
0.5914956365951762
0.6101584113404132
0.6544911720419085
0.5178931233810137
0.6578036776026424
0.5446726445386679
0.6218225862172453
0.6417829120762096
0.464838076746694
0.6540236583539997
0.6833361862399744
0.7020416141434067
0.5969183040188802
0.639103390692402
0.4253304556786852
0.6568404921460398
0.5382724405724729
0.6818457783862929
0.54125116075651
0.6081247876031661
0.6875051042859733
0.532398444422399
0.6597423654931437
0.703516985487655
0.7024095294564359
0.7083050644026885
0.6264902250706499
0.6652742865850888
0.4982207685130991
0.5703114475166812
0.6667979805161441
0.6812277070446555
0.6466319404900703
0.5690131231543727
0.6693341601883173
0.6824504896533028
0.6606289387813807
0.6732558635215259
0.6876666544074576
0.6288582035880887
0.4729729726883328
0.5887789996118318
0.5989127398610025
0.6156567327615154
0.600492310049676
0.5984153856337082
0.5892875136721414
0.6706547965283657
0.6774162399717113
0.4872247264885741
0.583426386260593
0.6949935473169384
0.733869825124603
0.6882587694172906
0.6863438120379959
0.6606713045039581
0.6354477801193175
0.6780152559518204
0.7024232107840036
0.6798265485338294
0.6762753745726973
0.5966301884336737
0.6619959557860318
0.5969325493093107
0.3882139119774339
0.7062580387729263
0.576369684839191
0.679683796694847
0.6159960898072764
0.47336267506112384
0.6252089368462245
0.6793561978263523
0.6594459195183221
0.6926633038168767
0.608159340161999
0.6318036095601337
0.6601435815866362
0.6487106372512802
0.6982317293130375
0.6619160207904156
0.608210787482375
0.554951124752647
0.6541246114090268
0.701474814314542
0.6309076240913394
0.5760403194501564
0.5488386015588573
0.5867108248435153
0.6475702171864697
0.6200953539472659
0.6848828007796282
0.6433135158726287
0.6160087141152123
0.6201600744372103
0.6216756942775684
0.6861101495502605
0.6042130631435972
0.7180429271749295
0.449489519763336
0.6452735103188898
0.631657349508345
0.6715518636382121
0.6694414092669726
0.6161755911833563
0.6766376887621273
0.6311799052570475
0.6624608282835431
0.5788763875056194
0.7135886592189299
0.6783134256424772
0.6264253456631796
0.5910746239513077
0.46457651824445845
0.6810668411304444
0.6559297084453974
0.6623398742224949
0.5949310378063793
0.6489585419423561
0.591433393086039
0.6478797690043554
0.4848429790202979
0.6901574655313328
0.6643987873643951
0.6769557972109352
0.6882964333646892
0.6345434166592935
0.6940372960295317
0.6988209238869998
0.6810123200399518
0.6709867560007546
0.61085018174152
0.6547418505279394
0.5749119124876672
0.6795457534742433
0.5551800096504974
0.7094431975206491
0.3951208922296854
0.6500846168128166
0.6754372960894282
0.6928508968281908
0.5551271934276718
0.6598630548560789
0.6257548321951868
0.7029013530663352
0.6867394319601609
0.6650823306147402
0.7050331323688009
0.6375538981473601
0.6360027850520007
0.5370305090459943
0.6177271473986742
0.6272959828567033
0.6909833456224438
0.6817272840050554
0.6393354761124574
0.6764930164854871
0.6332047153755767
0.35826218284027306
0.6550656195280848
0.6462150734744544
0.6535357266631889
0.6856598629442006
0.6588524067769151
0.5551775116268509
0.6939754936037985
0.6387777377677052
0.6654251517179347
0.7158945560022966
0.6863245348671778
0.47209104750228215
0.6499979602342476
0.6945337359473224
0.6933758137112633
0.6561220888080108
0.6617038618707184
0.729050157643852
0.6921713851562111
0.6703786387218186
0.6271312020362696
0.7002785407780672
0.6291567599506195
0.6586232658702535
0.6185392450807223
0.7019682932442239
0.6694774715426548
0.44902007364812735
0.5218023830432166
0.4863539681493085
0.67699269444308
0.5087548796683314
0.5657037176318552
0.42974487021961877
0.5015294788378933
0.6242209709790427
0.4899645188759906
0.6281575810803787
0.6387355974836444
0.40095876675615694
0.6209241353818789
0.577875629262399
0.5874841601256978
0.6265530316284442
0.6571418459703728
0.5303855974890911
0.6565329659845455
0.684228843885591
0.6153250993009689
0.6323365908655879
0.70707884037852
0.4912793622979647
0.5575088986525345
0.6252192519593011
0.6434000351327931
0.6601612952754562
0.6774205542155013
0.6270154073691132
0.5540445570271015
0.6823026498530492
0.6406740642493212
0.6520805874108287
0.667026549433518
0.6569033102289586
0.6457312478469822
0.6785131067549542
0.6520508550339403
0.6734439037815669
0.6633199627297516
0.6179511173650143
0.6851615289991483
0.5662396560390408
0.6641446335127139
0.678126281598648
0.4147188839742509
0.5151099557394186
0.627243951071177
0.6586996246294247
0.6287215723703796
0.6737330487976237
0.6299159040345574
0.5181428839743024
0.6804130008566034
0.7011691369511571
0.6598695017887541
0.6576645014110586
0.564065416804447
0.6055181817182193
0.662128591069554
0.671671979377891
0.6788135111996736
0.6416735317873298
0.6544340460947292
0.6999718283576919
0.7373511469516256
0.6482947295102651
0.6273837024182296
0.362658531751288
0.665723338637204
0.6765131076797156
0.5835410389046135
0.6771998952350322
0.682898763226331
0.5253348899731752
0.6570956347477964
0.6088073480638275
0.6309493449714919
0.6903974593884311
0.663764099281739
0.6362046911352327
0.6161245883615639
0.6378308373499233
0.6924742594710918
0.713148731534555
0.6941161766632953
0.6130435501374495
0.6962799184294345
0.5234529541244342
0.7241313220823795
0.6894294500765077
0.6943741366384809
0.6609787144462252
0.5789038816956341
0.686811092931614
0.5848530221632964
0.7109298400908108
0.4576734896835223
0.5392111248591978
0.7045838320067336
0.681441743572109
0.6501787084735717
0.6045512659244617
0.6628686281315369
0.6341599189494963
0.7243650328655903
0.6485371932083345
0.6820061116668839
0.6803307096480055
0.5909030646055982
0.5861612434080734
0.6354852879661026
0.6800186744717006
0.6848181600537561
0.5864650586408947
0.48910114764400936
0.7278576473728551
0.5856992668510655
0.6047719902101847
0.5808247333756584
0.5468046918638142
0.5643831604342515
0.6307850112920999
0.6427918061701338
0.6535681640289959
0.6583728451473297
0.6770059951865035
0.6640644223459884
0.7082210832760927
0.495905198495745
0.5201658845935109
0.6662569130702783
0.6760772099995045
0.6610729587454836
0.5841107413026102
0.6906217815036598
0.6557433398941959
0.6373318267068201
0.6910040407977205
0.6985177745465161
0.6890100771664455
0.5870788400055865
0.6739516868266626
0.6387489996403898
0.7052520631851248
0.6386598975784756
0.6375753407970478
0.659291264398884
0.6739319050783249
0.6888334066752713
0.6727283600364706
0.6652966789897212
0.5718523831669002
0.6794731978364588
0.6649998824296672
0.6159649142712028
0.5138195373569736
0.6681131259667495
0.6848476133910556
0.5891366339763755
0.6397705412257788
0.5341535790775701
0.5932022289246605
0.6361514366189575
0.6513218554677299
0.177425238674946
0.6477507161999272
0.6218392509056033
0.6285549247633117
0.5605139974875282
0.6825713930042875
0.464607611964046
0.6748191480350598
0.5832358366959538
0.5840436871062006
0.6468093004890223
0.6414335542537919
0.6895897453987813
0.5236599694942359
0.6480605289172273
0.4849546772172592
0.6387500242893481
0.5883051959940929
0.679496152169435
0.5530632272598427
0.691028816444996
0.6549806605207779
0.6512642575915341
0.6848112392771256
0.6983059890163446
0.6868317385010103
0.5619522398407946
0.6977139173135353
0.6196097490589542
0.6864959864947312
0.6244304066922972
0.6144423153267311
0.5670882394794475
0.5022668432283394
0.5286899056111285
0.4276385790058433
0.6491485746321674
0.699653123399364
0.6776967516580032
0.6776622928221169
0.3767117958318857
0.4876646033935132
0.6727426540727989
0.6013600020180138
0.7081851027165378
0.6642614532723969
0.5880207918533527
0.5700950533006311
0.5853029059880793
0.6052793044899271
0.671379549693344
0.5981977187311542
0.6974098219367312
0.5126493825640608
0.6748918544394581
0.585947189368967
0.6898873455208645
0.6585323071443392
0.6713440283169106
0.6793372572597146
0.7272917508814782
0.7267901904553935
0.4891159967630784
0.7101313589275294
0.48309866187235506
0.5120236642806028
0.6705720134634316
0.6665039368222497
0.670849708027682
0.6833359287092723
0.5707166484712309
0.614150821383182
0.6647217152780758
0.5972680234733416
0.5897710540414216
0.6914619231910747
0.6183888606269757
0.6409415652469076
0.5447939137825333
0.6478600631612672
0.6761915006686309
0.6516017791236882
0.6235026711622709
0.6016146829041464
0.6083209594873599
0.5533885935725358
0.7030723069834665
0.7063141690597606
0.648556786017717
0.526988216844863
0.25710674491700564
0.6722102031548772
0.6290047925951445
0.709341374398492
0.5981834958686992
0.6117866612354558
0.7147819543956321
0.6588830736316694
0.7051020442521698
0.7162991463941215
0.724417483364356
0.6886380915908599
0.6451607511848552
0.35259502968222634
0.4677436135484474
0.5582899115341121
0.6628407189447181
0.5798705636590328
0.46351581961421995
0.7157708515969681
0.6688516079547127
0.6070522331549215
0.5885995722302342
0.5937202934155511
0.5168533903894761
0.6608675388619489
0.5809534856421691
0.6095886568257239
0.5220089313192764
0.6299226503625576
0.663887861662996
0.7021917555302872
0.6701825296040066
0.6440266006429813
0.6830068258970029
0.7196040360993456
0.542406192381947
0.6368675524039891
0.6667267291548469
0.5742406312811297
0.5648637682435326
0.675161817220425
0.5807069144605326
0.6119651939028474
0.6659440254319713
0.6039234355682739
0.3753722351514417
0.5574268249286732
0.6983768718496733
0.5247234264652261
0.6397529980642759
0.6352854938076479
0.6288721082021771
0.5972316071305003
0.6615185674096982
0.536353724008662
0.6399660145617081
0.551145804249492
0.6349072857102673
0.6436899135110277
0.6513021993566056
0.5228817288026661
0.7348010021471343
0.6214204025267509
0.6675123116193898
0.6422812013211532
0.6360883849366022
0.40058929363739515
0.7147313229795208
0.6076731643220024
0.47036932382768026
0.4837330395847059
0.6886666094337643
0.5329525369478778
0.6783455041201337
0.6293640281734078
0.44773275858872064
0.6704184414977148
0.44785955361682545
0.6637364894958171
0.7177665446727117
0.66648708829074
0.6137328313704686
0.6951113069165789
0.6459701037457667
0.7174164694007018
0.6612606184389683
0.6377632763707368
0.5808752254744356
0.645082578813255
0.6498707469460728
0.4750263164076926
0.50606638471555
0.6351688456208908
0.589161311323792
0.4817586954619529
0.6014843387327137
0.40223468292744413
0.6194902421908475
0.5589406667097611
0.5929456454913066
0.6595757485939522
0.6006802815535766
0.6072000534430679
0.6625936175060728
0.6965483521307619
0.4928487838296868
0.6542975147122809
0.6494555690453612
0.6539952422197054
0.6597593825123939
0.613999250690757
0.6085888399447348
0.6728526872681689
0.6877893214403004
0.5540626119313555
0.5774943914758429
0.5960255000324214
0.6276045587115027
0.6092678877688581
0.5795678442241359
0.6009424479913649
0.5963616850265252
0.3954847058672191
0.6971451455141024
0.6623061505855188
0.69399684345583
0.47049835396917594
0.7069626955423942
0.40940312682845226
0.4531046961698159
0.712747096821101
0.6628869762885604
0.6578846065346986
0.5567471065342415
0.5847767611905639
0.6617119304152357
0.6997745013676367
0.5597516143297547
0.5097935388887368
0.4747400592992605
0.7046357832143936
0.47415096783469296
0.6849956985709366
0.707228249343042
0.6458717419972941
0.7045725794254777
0.6335665197386322
0.2975018341749168
0.5330318561572795
0.6582996397294429
0.6614379244943487
0.658475338326577
0.6391414609179273
0.6782322606568394
0.6532105041004422
0.6805660419498545
0.6769905485767604
0.6610849747970821
0.6871386715999218
0.5675640211811974
0.6437326026977904
0.66474349770441
0.6757162788064243
0.639504175614842
0.7000933117682843
0.6565103907148953
0.6769670553848478
0.683981745041643
0.6814126991782256
0.6863756529779385
0.6717234376208286
0.6114914143190405
0.6346364926974833
0.6730869576857959
0.6103434583681888
0.6513051496186781
0.6790030545784311
0.6859929630567949
0.7020242583558942
0.5884826186195586
0.5130317810379317
0.6647380226252829
0.6553727872524305
0.6168139741836951
0.6816676718274479
0.5273653822479293
0.6796945901102392
0.6291057632757177
0.6941551551344987
0.6017991131452493
0.6456965274119264
0.6780740045441159
0.6696866459820983
0.6107022019397123
0.5644440544297376
0.7185731947716725
0.7110834345339501
0.6753758123963562
0.68451730645158
0.5661175654876118
0.6213756737978975
0.6106013284344014
0.5018346494683205
0.5588884674125921
0.49028333373181004
0.6400299033252953
0.6380934367151141
0.6124352487412509
0.6146619110725557
0.6125565064627903
0.42925437070874234
0.5662696630997472
0.6296903636820346
0.6221088524181981
0.7053847231766056
0.6116926300208497
0.7176970496578869
0.7052876994594751
0.6132968269695648
0.6883241543761817
0.652114183522426
0.6744521830104588
0.6750347673210806
0.7147710377160247
0.6469257993322098
0.6040963054697912
0.6741912344976435
0.5500008930400252
0.6452144071781961
0.5308138484630979
0.6671314629336438
0.7228065649987973
0.6256171648791097
0.7492370096965391
0.6550654827575911
0.65535000546134
0.6582665744064652
0.6913767739192884
0.6168321204921211
0.6638838470307826
0.6750623267235356
0.6934868123741961
0.6734799109029365
0.6982193380614146
0.7218214466529689
0.6972106209872025
0.4904231630157415
0.6613042189083324
0.5355277370166989
0.6463634616050321
0.6994157940301434
0.5139357741618252
0.40769378157166253
0.6872241336521205
0.6489793230482905
0.6554448119357396
0.6682436855783994
0.6864191102784551
0.6367968139486364
0.7277015489746481
0.6144202856950118
0.6827325878298631
0.5098003636737105
0.6428111009690519
0.7218955412206955
0.5727981050411844
0.695216097748307
0.6354608750392734
0.6762840145560495
0.6185210827004763
0.5320186816813144
0.5505453467747635
0.5595469284319681
0.48134123628799697
0.6770412909688542
0.6921840058253433
0.7010004649843254
0.676545553149163
0.4249150704789897
0.6905790943181422
0.6911674117492788
0.725150051003401
0.6724945018163588
0.6857855454379032
0.6604336155390804
0.3374989060216731
0.6591897352341087
0.6023439306852942
0.3117566079856005
0.6666336506306465
0.5698291174955582
0.6953446106656227
0.6634125989243244
0.6686916126341305
0.6176399359978321
0.6366668882355992
0.6127725044077031
0.6682600526938728
0.6006355883324255
0.5422260922078528
0.6598576527444275
0.5319753922407181
0.6348239274499996
0.6088009945823615
0.5880307360810706
0.635993520317329
0.6966878051998913
0.6317739873898437
0.6826155336069442
0.5320160171718354
0.6409954550679856
0.6260656928853323
0.5527570740864671
0.5830718887480574
0.6069251897278978
0.5929790630381916
0.6455768946503672
0.702510569129706
0.5465035259819269
0.6943808857391324
0.674059005100132
0.6681832934844506
0.6427579435051359
0.4740428634030309
0.634722500087798
0.707867420101807
0.681272197522222
0.6713797561614625
0.6699146870113074
0.6981712508438122
0.6799911973605336
0.6941641987837958
0.7138229467148471
0.6980156991656747
0.6873219221018213
0.688343040878257
0.68551354618653
0.446590717537884
0.6436286294813263
0.6699314485118988
0.5528299736586652
0.6947910593370047
0.4405896953632606
0.6810263486467165
0.6775549829053343
0.5487367015811071
0.6430829199329646
0.7227479849893272
0.5910394613942447
0.6851351213632969
0.6476187496418803
0.561138145216654
0.6689638539758573
0.6705192209554283
0.7000178316447889
0.6247542731077252
0.6547415979820308
0.6903015980295776
0.6754082313840809
0.6834475339847113
0.6411317058804117
0.631148220432392
0.5488485592980485
0.4271543441719319
0.7000052522663259
0.5698300141398279
0.6478236569663605
0.6990320503908326
0.48738027281794877
0.5610750276325333
0.7126414377560728
0.5277253719821938
0.5267720233414432
0.3723508378938646
0.5448595407240645
0.7037281678036726
0.6989710354175733
0.5587606741629311
0.6690942814792343
0.6339296913703696
0.6280657094186679
0.6990884082965078
0.6411348831383579
0.6850247930084907
0.6709414370802266
0.6416759945986626
0.6992528683359014
0.6858881964798864
0.6735843468068121
0.6578277352009948
0.6686948566412342
0.6122727651456475
0.6968179052988807
0.6687436507131678
0.714981956343513
0.6677409587929969
0.6793217762252951
0.6390036697812255
0.6234972064430963
0.6753231060869842
0.5817883997300999
0.661631361762267
0.6837696707594365
0.690179620416879
0.7212486936074742
0.7129089341944029
0.6859201667162728
0.6992886999316115
0.671744898757391
0.6479686200522115
0.6992755084081452
0.7288059690359552
0.6884261740584754
0.7060252791464481
0.6325701112109006
0.6797797797221875
0.6629017042005239
0.6088725193452631
0.6158489868769725
0.5953487270060012
0.5622410485444463
0.5088541199616773
0.6497401624162442
0.676434984763805
0.5956175762878566
0.627259422549158
0.6360355532852836
0.6798734119757114
0.6328349572041811
0.6865854943587868
0.7233072087855228
0.6383776944836673
0.345032553551628
0.28259776719858093
0.6919257592287512
0.5035169564281313
0.6266627079542421
0.6399271720883813
0.5737338842749412
0.6307741312297116
0.6874420035303204
0.7277800582051825
0.7106035298357825
0.5975642064250298
0.6597317474469858
0.7355648364550182
0.7383257642044632
0.617998866109179
0.6910971178902456
0.6159777295660931
0.7260899661982698
0.6871868028610255
0.4489670753540902
0.6971346617466843
0.7119462803787557
0.6908671210928713
0.6707984906831079
0.6726641939823667
0.7267748345474758
0.6410510498653902
0.5869042387305136
0.725478599167527
0.6311335899295701
0.7196443052402719
0.7167100703075849
0.3092902211006728
0.614625551419363
0.6579533207382695
0.6245710194670907
0.7193885760475587
0.6346435818826659
0.6112907236412957
0.6383179596738671
0.728632065717887
0.6977475826259117
0.6350029811804895
0.7005345272180102
0.5826475459531184
0.6844866143819058
0.6900977314087211
0.6135338148083502
0.5872993221579033
0.7226097019195875
0.6475565940791896
0.6131502109217425
0.7187985661006882
0.6884279908307935
0.708260217085363
0.7217696153336881
0.6896722559619127
0.713651677149689
0.6688071404457839
0.5253461784509375
0.6980885908489686
0.6317184062631533
0.6763443068379441
0.6937071621321969
0.6649921344643513
0.7216216095683695
0.6712294912859437
0.6785336395793174
0.5836877987204477
0.6530228892036983
0.6096941544325373
0.5915211174216107
0.6015566402897609
0.6988466724819683
0.48392740172844306
0.6801391133180901
0.619966433756646
0.46791449987495126
0.6614514117754712
0.6462798010137001
0.6848321347376468
0.6357980745581719
0.6311438974861475
0.589335113969367
0.69531741395466
0.7074309579020843
0.3615738795798944
0.5977819771877979
0.6791281001995741
0.6892311787136995
0.6627629452066935
0.523786516712332
0.5185420638898802
0.5508698559006721
0.6159241756408396
0.6845976350227143
0.7000274958613188
0.6622183285306831
0.6750746199403497
0.6866402409474083
0.6526417312842447
0.7328901474988305
0.5829320196821669
0.575459641634237
0.6078587698283073
0.7340576944741231
0.6101459555704506
0.6611119569520924
0.6959925403508859
0.5541921501793041
0.6756773412220799
0.6244834682927509
0.6653978648468235
0.661062464481015
0.7105708831834412
0.6313184335648331
0.688345006297411
0.6902555447141975
0.6476770992276581
0.7014058338970948
0.6430617710196223
0.6979423295228824
0.7042433086815525
0.6302907720990892
0.7249550359739158
0.6694792015097036
0.7446946311056947
0.6996413161614851
0.6293200366289209
0.7145090870005801
0.7249925054663694
0.6561137898134709
0.7198489206640931
0.703757444233825
0.5670400576377097
0.7033667458689747
0.667223553375935
0.6245911702768779
0.6945239366071437
0.6878947003039059
0.7254064801594757
0.7245723792271852
0.6888055121821292
0.7117240179355122
0.7230303387671144
0.6836471276265916
0.6872626752222196
0.6773127468201747
0.6465074550274886
0.7125283965522509
0.6915241095776815
0.6884488745637387
0.7372028587320442
0.6312602063594701
0.7082755620311141
0.7000899294618851
0.4261636291408805
0.6923348342377079
0.6711322149258478
0.7105940186020432
0.713510846223684
0.5180379705566884
0.6171277561547529
0.6844199533476217
0.7119261764997628
0.673233022193931
0.7019655559084512
0.6531901441583992
0.6909780042537226
0.5099979054852238
0.67940235213586
0.6899327465738905
0.5490980408442152
0.3947642836972621
0.46250424597980483
0.5867159820914705
0.5176731688350334
0.544706344164828
0.40889221618185956
0.6965753556162584
0.720745574192504
0.7084435834827282
0.7274103050206798
0.7377797768290064
0.7160865974499986
0.713327355337311
0.706995331124737
0.6430128352367979
0.6638441854417482
0.7009070351952105
0.6725056796351521
0.4519808157910202
0.7039880486749371
0.6694717390989873
0.6546910050089444
0.7087140607489298
0.6870554636156919
0.7160149109176994
0.6775522620637008
0.696590698431839
0.6550986521390456
0.34959008738104386
0.6336225006994914
0.6934073836105837
0.6505898619835428
0.6365802799493894
0.597177823683371
0.6410383597817989
0.7196204190708643
0.6272473047129743
0.547981921401678
0.6330789894261819
0.6981091163982268
0.6845174784979029
0.6460050773048773
0.5333612766521594
0.6710226503035562
0.5024456029760324
0.6447903797600464
0.6092831749502302
0.6938684649335387
0.5821689029098861
0.5875181629399631
0.6536616864227667
0.6612513245216514
0.690039770605772
0.6815722448608937
0.5966958907657619
0.6878237461729291
0.7320288131733919
0.7272820572601465
0.6952245444512283
0.6909509815763932
0.7085600929598789
0.7381241746103258
0.7004086270376833
0.6145202179715887
0.6909633200531363
0.667131267964879
0.7119553032790659
0.6833951463879074
0.6877823893317704
0.6482150140960943
0.666127192160745
0.6549323664083774
0.6305493377198856
0.6471630596070534
0.6372033559200286
0.6669551385535232
0.6723702926235319
0.6767759773413021
0.6709586823761198
0.6772815590748879
0.6213299270511423
0.6706116583327257
0.6456862009583497
0.6079488934285358
0.6076533100170909
0.7036822379360504
0.6319587311465231
0.6152592940117582
0.6228932301470735
0.6265219062113863
0.6858023471772333
0.7092398290158664
0.6545181292610128
0.6716459353461139
0.7124213207897152
0.7001673280851822
0.7303871443580598
0.6805337848141002
0.6948742827824688
0.7070871503033314
0.6958708141397802
0.701665741267968
0.6880636292600059
0.6710133216092699
0.6742943328627908
0.6784569726989447
0.6927852871208304
0.6601077478445689
0.6712310766358226
0.6738222583125583
0.6607839634876926
0.6373564968006196
0.6502218262835985
0.6186148947913006
0.6543357009529082
0.5981893222676491
0.6561977599558315
0.651930526396661
0.5759221742609345
0.673619910353619
0.6324558166400658
0.6286166942171606
0.7061797112411107
0.6736801266366171
0.6630938146830843
0.6831742055836506
0.6598004253090093
0.7028465459102904
0.6607330151465107
0.5033245344140848
0.6152925805623003
0.5812795974195398
0.5826028323650984
0.6644501006412087
0.6043856856708983
0.6978000492712808
0.6737876955685848
0.7044310411903275
0.6170572587188214
0.6312199446951169
0.40461431332922393
0.4923877292178085
0.39456739401716734
0.5218024345644975
0.6605704783220933
0.6643170085225918
0.6413090680841265
0.6456565483295137
0.6260498041156827
0.5322759502851935
0.6495967675742317
0.5560748271709808
0.6752619529678613
0.6895492695297366
0.5214108565292828
0.5710003354781438
0.5881708551645936
0.7226006605800802
0.6474357858808664
0.454140543805471
0.45733723985186164
0.6723683553362548
0.681875081805959
0.5537357661919603
0.6268270186993261
0.5893637727442688
0.661196795632949
0.6479637847058518
0.6375420662610626
0.6869977338393365
0.5501066392703091
0.5239915906881332
0.6878166487357821
0.5823990404783312
0.6676123392573217
0.6832166414540376
0.6495523348919784
0.6622309640590274
0.6528141907047516
0.6974603336518931
0.7194451762223965
0.6856179752536221
0.6582926786612309
0.701912675146308
0.667974417203348
