0.4864923205973707
0.1926439347951305
0.39186114659454213
0.3836967954378689
0.1852678724381025
0.5983676479698549
0.6181953018089064
0.6579721598277996
0.37500903411810815
0.6033861466285572
0.29218886552222684
0.14411848831166577
0.5530995789674513
0.27851852435750873
0.46808404714992874
0.17866510267997662
0.37572429745856084
0.2514459338131506
0.5745300567564545
0.774362496911638
0.753685518228875
0.6287612023239939
0.756761061894188
0.6276856325216106
0.6163058583645462
0.6981034495940821
0.6682588912656315
0.6567956324062604
0.6728429675381549
0.6971162622166649
0.7070070486325578
0.7034660878118225
0.16801102338292004
0.7291010590668929
0.562006341892965
0.6861185240456499
0.2327824280476403
0.7946552235972456
0.6282216612115605
0.648709198726508
0.6652743921645087
0.6018561206842001
0.6813306734014388
0.5483852789084027
0.5636018660505554
0.6380998916741122
0.7437932224206861
0.49747886833548194
0.7447161364148793
0.4521285049711408
0.3910148669637259
0.6032722812969831
0.7217180131577711
0.14767975755357854
0.7975575697311563
0.7420682516584791
0.769095032246388
0.7697656255876241
0.5289293664903718
0.7601769677600768
0.637156204780338
0.6466777513979594
0.7950557101842893
0.45552490651528976
0.8484141851376856
0.6766612511882194
0.5330322522912498
0.24323331564618464
0.8549454259854359
0.2778493132791437
0.77588026022551
0.7886643335243759
0.4162884857279481
0.35430117200919975
0.7501566850278452
0.7246437032526779
0.7456446003138651
0.32522850696729166
0.8313340829369412
0.7102606077066352
0.5570422193031116
0.6443911887682056
0.8454445751634434
0.6933581272313479
0.7516640079975461
0.7175255093042235
0.8761221438929994
0.31364189958497507
0.3840336524102196
0.7094884589725724
0.7557784668820356
0.820852437853869
0.7849752279577131
0.7150393424531959
0.6254208981165544
0.7786197809116819
0.7473953277828751
0.7441104655651491
0.4067341311089405
0.7279194639286473
0.7298907232827723
0.5707813774583946
0.5497788911608275
0.7795839175890898
0.647870018792571
0.7539431646506665
0.7005825821739985
0.6207239504168239
0.6339200548366744
0.7341458398369448
0.6417340762167294
0.5410318195689193
0.7524623404622557
0.7117070412826041
0.453642442448347
0.7239652689624404
0.7103740999151416
0.6720200116325268
0.6534176471094904
0.6653365985589568
0.7415724992643058
0.4955379663201755
0.5111362215889708
0.6606983965623822
0.6807219540725872
0.3642652453435982
0.7353991055016444
0.8488301806000256
0.692619940781951
0.6214130630452632
0.7096198343763489
0.6665473268983872
0.8032642603338934
0.7622405958115425
0.765900023571269
0.5741103671230422
0.7798814786678926
0.6605378151058516
0.7096415277614586
0.6765968761170755
0.7431785471310935
0.7021159396296855
0.711041729489998
0.6686802320649575
0.724588812074112
0.44286921393738793
0.5645045484816009
0.8018986354222974
0.6381833280557302
0.6312082003860783
0.5722205088768393
0.6256827826954361
0.7917359782178701
0.6743206371929683
0.8830907550051934
0.7339956746371153
0.8254141045578693
0.8075932722480796
0.38599278398765535
0.8021362906724905
0.7090241352629002
0.7244448439187542
0.45909117880264977
0.7627250866790801
0.6027683746011501
0.5490900912714121
0.7654546757021456
0.49534690668190196
0.6242199563232375
0.7778471761394262
0.5873854701720155
0.7740643297862678
0.6191303303912552
0.8031031008306942
0.7979765546119605
0.6819784932203129
0.5596169287590101
0.7402835888857776
0.5222933534527323
0.6003747731514939
0.7204653219009494
0.8433950894220152
0.7274106033166128
0.6403285586571016
0.8763123905977814
0.8015614312538217
0.7782132062615453
0.5914154056146821
0.831574671687637
0.44565613382401237
0.797878875228464
0.7369782220296166
0.7591137618092572
0.805172911496576
0.7833775348684259
0.7868205239120896
0.7507156859541309
0.7939447113696012
0.7643526682260533
0.8248881126655284
0.7854034116197852
0.8083289690246531
0.762871041297599
0.8070207129690384
0.6075299234802237
0.8017377586873041
0.6555060540416485
0.33700144066273746
0.7471205504425167
0.6361003901486967
0.779157102136763
0.7535995406755868
0.80481493968355
0.5962648180446882
0.7855375524718207
0.797595388338216
0.8002477756063615
0.49573963253589154
0.8157972226512595
0.38603645024762323
0.8257562852542081
0.8170157219132919
0.8049705186705595
0.8163541951559378
0.6979808793724621
0.5645040815188611
0.7420138743966156
0.7481475587807951
0.48855705495506385
0.8337562842758072
0.7443518267600819
0.8128741930534317
0.6409652831649805
0.8023747803765011
0.7083651768151094
0.761475922031792
0.8017607251733154
0.768079128710451
0.6275137123441846
0.801464291121888
0.4237360038153933
0.6700261597703687
0.8312356364887034
0.7762648710790735
0.6675490741629916
0.43063962268931405
0.6780585604525986
0.3524583245500641
0.5957051446825691
0.7809406760500819
0.7837762416673414
0.7976790066433742
0.313332025653047
0.42685989348905506
0.7853630998332974
0.2955724460409722
0.7789253605926443
0.6631722294947676
0.8116176409076504
0.7954128760548302
0.8394245205957047
0.7428404579048251
0.8099866117184793
0.8188582060210396
0.7867990585974631
0.68339757910868
0.7877542364461089
0.48715322464711547
0.42165219681019017
0.7632140973408754
0.7760254166926679
0.7339792109753585
0.45864815414659144
0.5546443538357834
0.7786671214131193
0.7882154250414947
0.758028778724683
0.8070483435243214
0.7610035007074551
0.7059915811357943
0.5200520233903186
0.45962831121215
0.526446649010613
0.7377515209124299
0.2868762089342938
0.8206925291454251
0.8379231971891032
0.27668780975639606
0.8544974605010945
0.5347182817353321
0.8803228833515213
0.8487393724394555
0.5046758193429575
0.7959363430598455
0.7445394387085532
0.7349949808897296
0.35234432020101225
0.495930144527258
0.7112107342631225
0.60444352231522
0.436557280944602
0.8163817699582526
0.754181117873406
0.5187435183623336
0.7745441586134447
0.6751061848991529
0.8213165328287816
0.3778426233986021
0.3552410104096758
0.6941147600749963
0.5341881333187796
0.2912999837096463
0.28128568419409544
0.4184106379486209
0.4004874091535887
0.8266015832906333
0.6179649257623232
0.4321527842879002
0.7148792137970972
0.4612173100407442
0.5322353132664245
0.41211779350188915
0.7651370697068884
0.7422960583922137
0.30073689151162764
0.6387353507388233
0.7452607808551412
0.5414632326528375
0.7053650765827304
0.468566474799909
0.732431288699252
0.6489027242632547
0.573714910508039
0.6873092642471671
0.6869342257423959
0.8011227097950737
0.7451477487057607
0.5858693824859524
0.504707338628412
0.7269912192374047
0.5907652413155451
0.7421609429337153
0.5298277878524448
0.8364154948807766
0.7875357904131208
0.7953231364663453
0.7426459145102062
0.23190261073417556
0.4918172778649437
0.6463948345096572
0.7660256262078373
0.5589804711711149
0.8410998145829166
0.6301234591801792
0.7811981101334201
0.8628998208417131
0.8567647770386477
0.46482281719538365
0.6631413423015072
0.7665852648048044
0.5764662931959366
0.6401721865297969
0.7993251061021421
0.6898052989029773
0.6166647730834693
0.7638272584929261
0.5284569927370755
0.5572968809803924
0.5972113560733149
0.8219177061334857
0.6809916174151606
0.8205391088147835
0.7611338622877787
0.8259751548763995
0.4754628949852755
0.742874686996024
0.6138408286594543
0.686803816877581
0.7754404166457263
0.52175147628984
0.772345290373645
0.8153123870857669
0.7580117921281975
0.8603158471458303
0.7165171145093019
0.8405320390914371
0.7471212643219658
0.5184730423040236
0.6130437811387585
0.7180530961718162
0.861575752989324
0.3111933414645089
0.7978172415481929
0.6445002062408666
0.8339195409014473
0.6929967143817332
0.8373236225161452
0.8359697097572143
0.7851989813515704
0.7650599227278669
0.7970086014905138
0.3732707690892484
0.5944065041185947
0.38386685978474877
0.8492637965000038
0.5446445858763358
0.8500516668656091
0.5881919132284537
0.6233215964992185
0.8278788449633404
0.8032732316359065
0.5482307463618946
0.8096663283825908
0.6828754930145666
0.7902654391150802
0.7954461683350773
0.8518298444227438
0.8461507798605854
0.7619135088568147
0.6067684232221545
0.5743139041704677
0.7368175933992832
0.5346224755549843
0.5667205748078888
0.801593480785521
0.7648428582932025
0.42005615288862236
0.6015951033152993
0.5630436463919825
0.7460018919814628
0.6137603267647549
0.5943671332342542
0.5506321316740901
0.7926570823868925
0.4297578737540787
0.7340359012301698
0.8333546954172006
0.8393278436079042
0.7321241411201106
0.6341553520524341
0.7333789295257587
0.7543009717372529
0.5730917731482237
0.7490257167217004
0.5721997811402953
0.797943576721735
0.8386534531614507
0.8592687195158984
0.7074475446176216
0.6964368382603466
0.836569706589875
0.6590181708893393
0.6734689772982964
0.8128872153917548
0.5363019861079604
0.6696177715879333
0.6328151916337049
0.8434006607624661
0.4739480090569204
0.8050751708402599
0.7824002060378246
0.5491309147235848
0.7729935790656678
0.8208820733289477
0.7249270023445139
0.4966528082139325
0.746705826818268
0.750125638903069
0.6993302018001996
0.7493035751955819
0.7500507980041707
0.739168098220657
0.801318566070276
0.7484400845341099
0.7805792585659422
0.8350194541513309
0.7737085775818818
0.7608741762962999
0.8177730150876666
0.6081445857647906
0.7794199612020023
0.4062379922959913
0.7894841189840198
0.8096330546773781
0.8488434513153577
0.43329263541453494
0.7892589885559239
0.7840903137580654
0.44022621356920666
0.8059968392035151
0.7880735315616403
0.5507545698572991
0.5384108051346981
0.8252303362312112
0.7399357737130132
0.4965241761480905
0.8417142506748477
0.32117921413253714
0.7875631815082733
0.7530902608479767
0.6658314627921965
0.7421541606482783
0.8088401198082552
0.6268713483458874
0.5630724021950713
0.6811965851211467
0.626062446050451
0.7155892305100496
0.7600289033844579
0.7250047395143123
0.8057997518975583
0.7141611561024039
0.7748477283113935
0.8097647439366985
0.5072024839786388
0.7453269001230113
0.7432353298652592
0.8449636303738657
0.7917615846492043
0.6874335724105385
0.8196423407190384
0.8170392023131849
0.8327558741153588
0.7759573312637243
0.6159888800171442
0.8608103687548292
0.768444894686306
0.6542713294784587
0.7217612304998977
0.5878556446269806
0.8249448931878224
0.4975968234348823
0.8127982164950097
0.7453545837354825
0.6561599412280882
0.6678304518710312
0.8442993928187841
0.7827725453992579
0.8291209973943612
0.7869358174299009
0.8115168331516238
0.8242390038964611
0.7323163213540576
0.5635971858558985
0.6529809407015573
0.7202546406436852
0.8332583659081214
0.7050750970026729
0.8244017966482123
0.8566836178728425
0.7665347303466159
0.43032426569450755
0.8266150394176367
0.7868021641547023
0.6055266402621357
0.8249618001894623
0.7934584479183974
0.7688952380484675
0.8205044230959573
0.5802699648325984
0.6991604744242775
0.5045741519557921
0.8782207193531704
0.7972091290437285
0.7566051876537019
0.8068084602991427
0.8512006872941806
0.7476967201838821
0.7797325913772737
0.7047036260596384
0.6279738480926249
0.7876412345449908
0.7842097216561291
0.8037977140543582
0.6035213482718266
0.8037701428505365
0.46302480512204375
0.7218552740593083
0.7790659092681512
0.3724368858604833
0.7152278172379626
0.766842553706039
0.5503588506506615
0.6892770456252141
0.6756193751442059
0.7460273935794339
0.1407085956785551
0.7248916615162595
0.7859995075119138
0.6995899222825627
0.6321246819043106
0.854601921528666
0.5506048807409559
0.7612034920276923
0.739289735322255
0.8249768198329331
0.7972078725870788
0.7699756952318328
0.5321905349641171
0.7383954208717514
0.30643301335455625
0.790746472194563
0.5672227487375916
0.7303866508415564
0.8133686929615009
0.508072613873443
0.6964557990882028
0.7776963960076937
0.5502538569866308
0.822282885106739
0.7707630089106766
0.7007017746731949
0.7367645292476177
0.7281296444050295
0.6166222497357108
0.7695653263947411
0.7214490411064913
0.692460156028381
0.8512576706858681
0.5598025037181383
0.7065180490807482
0.7684499110873031
0.8235392077328944
0.8028295931055587
0.6080939072291875
0.8580511162946314
0.5675873726060442
0.595414360445343
0.5338872175806837
0.7284839795977355
0.7879575468231391
0.6687343496680834
0.4659870433081927
0.7291119930806801
0.7805837976942935
0.7597555836625755
0.7445816138891201
0.7866664777927838
0.8125189622363205
0.5778899950346723
0.743050717710692
0.7342284750241912
0.7420537214095826
0.791475702700859
0.7735643289706702
0.7220166385299684
0.5141916339262486
0.8359406574490091
0.7230183604855965
0.7977881328613488
0.8248516433092198
0.7682869921183944
0.28234655812492004
0.8244327303287361
0.6224407988520396
0.7718779711171807
0.7829070070942338
0.8196891265531909
0.5640532567552513
0.7570143908952719
0.7460874063666816
0.5419948270396182
0.8679665977287216
0.8063713573789062
0.7896451536778928
0.8508978212914797
0.7423048535268053
0.8066568558034293
0.6985896012161581
0.8277653346666725
0.7687711259468256
0.7266527131816342
0.49128696014572976
0.7160505056079518
0.6978997098554993
0.3913440844506274
0.8233885583086105
0.4562660378094448
0.8531979259801336
0.7143871247449236
0.8023489740592629
0.6739011086328418
0.7438087702064351
0.8093461250495803
0.8506246725637732
0.8267110593873838
0.8156086562412115
0.8251400961766681
0.7356675858926313
0.7060156573740772
0.717965415689787
0.8364744560173619
0.6932806418367866
0.729877436630598
0.7936141459912239
0.7452612702034671
0.5013517401339762
0.7252413885133593
0.7849598130632627
0.7593206931541203
0.7838399998562632
0.8300749007190947
0.8482964983300972
0.7502289358466576
0.8371407763137981
0.7918684209366005
0.8254204777547635
0.878455265542105
0.86137139701339
0.3237872893473856
0.6086536658450279
0.5057836434264157
0.7506527569515314
0.7880203196996919
0.7953451524528614
0.7478877855487205
0.7485556920841361
0.8427351283015762
0.4912662851881155
0.703783048308309
0.800977685425723
0.7471126824118847
0.6625523456831188
0.7347742355466577
0.8070353215145635
0.808188289288533
0.4586260974738533
0.726196070379737
0.6057339037863868
0.6758109843269122
0.7273972594929657
0.7664551696261743
0.859111550162888
0.55132591813624
0.752962958497942
0.7167649720865364
0.8051289478437482
0.7622375348781073
0.7825259916161724
0.828907490565052
0.7834896013783016
0.6887583013280674
0.830901391573176
0.8274346064480568
0.8407389753162259
0.862264471176851
0.5254223673504639
0.714171328492829
0.47808844590012817
0.5095621084337669
0.8453696095283153
0.75714314848255
0.7981901401029817
0.7079831420586474
0.4693934054388624
0.6859474701707522
0.43927003617509575
0.8429227465500974
0.8689058910159485
0.7771286330293142
0.7558627916539102
0.47431280670312775
0.6060200953156858
0.7464141455140987
0.8230765698505867
0.7426859000929379
0.8185256947908512
0.44535570657553647
0.3455930562908112
0.5262343114243395
0.7857830282836455
0.7044970320934781
0.7739134490419178
0.8071853808621241
0.3711059603918425
0.5668049603804559
0.7907121441783501
0.628524536768445
0.4507903761605563
0.6522904389596559
0.4780225933187129
0.8218364303253664
0.3121598390483311
0.7658522745904102
0.7683484694459456
0.7999409874704974
0.7872310811589592
0.4994239556857125
0.8250616655139321
0.7683575204081607
0.8013110032303982
0.8339972881702467
0.7327616840665935
0.8064538102567433
0.8409046751366518
0.7700610466496848
0.7013031863745285
0.5733662908870066
0.8209817594596506
0.7816084510924074
0.7774503347750117
0.7951170662799278
0.8454081690839261
0.7036137100523834
0.806977942140787
0.8344919182089717
0.41768428688873016
0.7990612717012133
0.7516994618973066
0.683434025160403
0.5213088110400408
0.7541986106828253
0.848806000422136
0.7156673223498871
0.7504557637886777
0.7517920745532828
0.8121865912066969
0.8069795199375739
0.7531944993671127
0.6206688312600402
0.7979610760106476
0.7542366629543124
0.6068748313321549
0.7584663404540496
0.3419180901059687
0.8260511982261504
0.8275549126323452
0.7983413472560936
0.7620024423535683
0.5445119712283379
0.7683585442680705
0.7266605062407513
0.6420778746275344
0.30751333039495116
0.7221393504035827
0.7915488706933886
0.6462132285309634
0.5120486931104736
0.6290186334043473
0.6688132273921265
0.7534736273542105
0.7545953362678566
0.831088690317814
0.6649448440665386
0.7728514313158397
0.788370453134542
0.7966752593614914
0.7810513451403435
0.7926938826914093
0.7071714922193462
0.7850644409918287
0.8063600053391311
0.6582497405335606
0.7309839415700837
0.535397265686477
0.7239472146236098
0.7156328554908817
0.6607901932991233
0.45160786840383926
0.06392585810376387
0.821588598971777
0.7844521553026476
0.8224527053113957
0.5686293564753224
0.7965633231476494
0.389857573506771
0.8118355099521877
0.840440563690423
0.3449228592423959
0.6673042126002926
0.6436804817302891
0.7903378249405596
0.7943515135087241
0.4483356754452992
0.6546069060730401
0.8458991871578949
0.7842237873898867
0.6395916558888447
0.5004142014785259
0.5683093462762094
0.8467424288257891
0.6174506365139586
0.8387785118256522
0.832135636165034
0.7815036114318881
0.7487565593575368
0.8107764644634148
0.45270453753698847
0.6182289147307727
0.6707225330419917
0.6937942502289818
0.6386377190912405
0.6984621577753211
0.6108069459556611
0.4528466823916198
0.4896217828966299
0.5999438464439133
0.7703380553063056
0.5490058347187471
0.5029385313318366
0.49842004128078676
0.828778335682316
0.533995766150602
0.824884479012739
0.784732380201833
0.5815926215824768
0.6935032476295951
0.7689478880547749
0.6099792044755601
0.7511981673958522
0.636608142000581
0.571906152053099
0.7919838997356937
0.5666459462062012
0.6014649784884909
0.6606727842753822
0.5860329524997305
0.7570225576526849
0.7761903000254042
0.7263898687699444
0.8324122455924813
0.4553588115507153
0.7867272932261767
0.7638201338135449
0.6939608286921977
0.74788799195337
0.4353634016057751
0.8221372633827808
0.7532427578552023
0.4160934885673148
0.5900011672961561
0.6744066941198673
0.8377636367490544
0.7346612671944674
0.46572813413154707
0.7884655323298578
0.8193729736053713
0.787552447316271
0.7976330887666567
0.7723470664453373
0.7896463596162878
0.7890744871979404
0.84139590959803
0.769112446644194
0.6313939925938813
0.6010278406563786
0.8273177617669151
0.7315044931869152
0.7209874480179664
0.5093843849438762
0.6240967543518163
0.6680354864089267
0.597563753285623
0.633362724922787
0.4970421341182828
0.7777724241105688
0.6716959627567529
0.8254397343267956
0.8219993834879865
0.8512434075318801
0.7288769741402491
0.3953156614146105
0.7605786716775522
0.782671273236001
0.5339170561164511
0.684150760769167
0.7478217595888309
0.8511478667531892
0.7157720683518211
0.5994730175106363
0.8023545458715511
0.6891028912744664
0.7475334717211097
0.7155775625553481
0.6552361699163808
0.8376598550801627
0.6095641466838333
0.3872754806903811
0.7918740710539848
0.8262422673985904
0.7709954058449212
0.7501748373150257
0.6358762368938661
0.7749670393507578
0.6725758846579395
0.7210085038736921
0.513502989272114
0.6321982062547198
0.7330680544287097
0.4540721935916469
0.7465006033953273
0.7357018508552496
0.6472142386073761
0.6386403127694306
0.7220058600374302
0.6163716688577654
0.5244788654631735
0.717413480675485
0.540100920036068
0.8097896615861123
0.5493417070297569
0.8000501945613272
0.5659446839186706
0.42486815317092896
0.8634941226742591
0.7739535369574281
0.8131545545924688
0.7958333035057089
0.7856732634837936
0.8615307364545938
0.64667711568457
0.6389239314281587
0.7888842072117497
0.7325457131262904
0.7692232145120528
0.7710576165218527
0.8308357566784643
0.6155675157562752
0.5381258462816367
0.6761357072243956
0.5118139762446517
0.766190000831397
0.8096520370573212
0.5751816561940035
0.5722016626145929
0.787848464186504
0.7958974586326042
0.8244337215656838
0.6517854102019776
0.7771721505131408
0.7152882639773972
0.46168335203475924
0.8141426729564043
0.8478215484975
0.7471643902305868
0.8148249286799555
0.8009404401281283
0.7848083513291948
0.6791795760917645
0.4719492633764515
0.5972673248840995
0.7323693035716248
0.3837184050835918
0.6518501928880849
0.7639089655907574
0.8492560654771176
0.7784941564734367
0.7340208575259962
0.7514327747969993
0.6560000126759548
0.7489846426114474
0.6022350078107883
0.7503309467699592
0.8183019996459723
0.7362311795502171
0.5883601060520399
0.6675325512657936
0.7464785993407772
0.7892181171538905
0.4823671147326781
0.7813368129285801
0.6363796491044396
0.6092619877617803
0.7385070183099102
0.8346873588108323
0.8014860050492072
0.7967391271013152
0.5726139431766389
0.7591591539753334
0.6764021215439066
0.716471335896654
0.5470383368618544
0.7319177687176344
0.5832365912724521
0.5946020555139875
0.6702501925163297
0.8080899355566062
0.7323101089617101
0.6013043762689794
0.614095985916097
0.8283224078804328
0.6823365584560003
0.8518347302551936
0.7843737499467137
0.7201785189092162
0.6929074014631124
0.7894120045810149
0.7986241826355145
0.826639308321074
0.7817062607872098
0.5969763242525278
0.7987261238116613
0.8310230764024102
0.7927542667510304
0.8361380938228765
0.7663254211350999
0.7455212408504418
0.741392707400485
0.5788186766032972
0.6381615998426173
0.720795003861832
0.5294450591432778
0.6833387678021182
0.6936231118949518
0.37605112460253176
0.5860601188843649
0.6647504642801817
0.5450020934775359
0.4143719792507591
0.8157246072553258
0.8588020034515967
0.7992640557745826
0.5919656796031721
0.8068970651442698
0.7322044199402457
0.7514716924530842
0.7701726347017377
0.6794397295650377
0.4574775374161395
0.655282438543815
0.6499832257428786
0.7981488863851698
0.7361737271073494
0.8256480156127262
0.8042980535700639
0.4017248328549467
0.8515225655567674
0.7622658424014997
0.7495209313696168
0.7359613382301337
0.743568029113305
0.6514731433316031
0.7381078035329471
0.8240852049720127
0.6529047306427089
0.6339777655591066
0.8425475240883668
0.4319549938461488
0.529184056673625
0.8401524013494688
0.7820115826454296
0.8655206178324875
0.8359146738428518
0.45960563615855277
0.3007581937072815
0.8602362079916732
0.8145786134840199
0.8079055587995541
0.8185322427200427
0.593250588122661
0.8051687698480637
0.5715639727411665
0.8498441940504888
0.8061549425363492
0.7956250189074138
0.8169024010914818
0.47473834386792985
0.69496851106218
0.8079893423412795
0.8628613566449013
0.7825048507454163
0.7819266594900662
0.7724637424938305
0.7399977480008392
0.7037585947507834
0.610151585753487
0.6130250077085282
0.7765797521139625
0.8460203390300903
0.7828525067177305
0.8561546602451641
0.826010240103981
0.8763957339677129
0.850259797211438
0.4003406919508173
0.6625671286065072
0.683488564989276
0.719014541063911
0.7425932063336659
0.5368003622718676
0.8552488404943998
0.44888504630101955
0.469356285372199
0.7735163370663086
0.8009903305484539
0.8053252859802867
0.794013771822476
0.7838474414004846
0.7822418562548253
0.7502487960547856
0.8174928687863067
0.6599888667080076
0.5776673467858356
0.7341467267692653
0.7981107804587622
0.6066229129419869
0.7575021053983068
0.7355624307225646
0.7439756765527065
0.6356916325684218
0.7389753832577546
0.7255838403824599
0.5002740907415931
0.5433427356197129
0.785645043747244
0.8133411798138855
0.7701614418572711
0.7877410796620165
0.6483432812270945
0.7940934873897583
0.3697241871361684
0.7396636035212435
0.8519334222340156
0.8521201019276318
0.8505203542263231
0.6674879453395927
0.8723793483702798
0.780254139106266
0.7522652418141855
0.6522858455622249
0.7130652648432624
0.34525851031420046
0.5023000391156406
0.8151815767532347
0.7456672563127823
0.7641016251957563
0.6036811313459408
0.5613609181426839
0.8147501348780709
0.8343193830383681
0.8285100833626028
0.7642194472755373
0.8480997967328788
0.8236321546053168
0.7706073958719227
0.5009829967634881
0.3661978592282432
0.4787829565908572
0.5281234477089588
0.7442907616347059
0.7520793802150265
0.765758397273758
0.771144531731474
0.8006495962717473
0.4480053981954989
0.47570722427014955
0.7148377690107237
0.7720013628975813
0.7225386845252457
0.7741784146819846
0.48656980162969243
0.534592417158854
0.8060032464620452
0.7464607694506296
0.7964712953900833
0.7236878343973264
0.7848633219799979
0.6581266328576195
0.19988158964188998
0.3770853774222118
0.08108453119146222
0.7591492133173681
0.7816145123613627
0.7293082357690334
0.6262899292822871
0.7937445284491821
0.8059625570443165
0.7588557804355558
0.5938587070039593
0.834573188160868
0.4987136336759552
0.6949511152685522
0.6089965248852657
0.6949353896735728
0.5760171114265911
0.7421075051331242
0.815389006192192
0.7614252774851465
0.6903739492943676
0.7622282916070592
0.6442988138494524
0.6435120339445813
0.7533281550153239
0.667004390436024
0.37015896303254403
0.8041033799823154
0.5154557699690863
0.40521698851389215
0.7913624040565417
0.7551625135919605
0.7467009818992915
0.7268960629856047
0.7824891081897236
0.44034915745100706
0.7628324418532874
0.49428559695421803
0.5862971846753335
0.6766455123336768
0.7894959587867973
0.7901549845819169
0.6560847733945137
0.7760337882632676
0.6807723111359836
0.7750487829430811
0.7903070394814417
0.5634528128627501
0.7078552538243116
0.6706219279564475
0.7437627682285143
0.6588414976418726
0.3300222650223859
0.7949131676955821
0.7852443528165735
0.6861947201938396
0.7013836026702317
0.5985545790623398
0.6185110470392456
0.791065261713049
0.8491303250787174
0.2741339500415806
0.8165203047681591
0.8132251844283946
0.4525813231443964
0.7856668369582668
0.7455755788902598
0.8216705590639785
0.48882915732272525
0.8229903049724857
0.7307356667020763
0.42730041789156287
0.7488630296530242
0.8362054791087499
0.6840050952881517
0.7644167916067688
0.7783427378021932
0.3238232372133965
0.8151052042987166
0.744824579592556
0.8081586553711579
0.6843256660086371
0.6818487893066962
0.785182993224607
0.787318528333236
0.8348477113191868
0.7017257208430959
0.8594541032621611
0.7563923699133938
0.7925820527058035
0.7337255874906791
0.7158536309508243
0.765750252102515
0.7189081876451029
0.7575126611230429
0.7903759858103089
0.8169694704358073
0.847466558508229
0.8350596349130284
0.7115798202894306
0.7644091405763809
0.78918503063133
0.7568057215173407
0.7173654991266478
0.8231223762268813
0.7174224632791768
0.7109473165061297
0.85319524886289
0.6031639737689098
0.7946346330696489
0.8186400451784154
0.7317650027091331
0.8478720486382844
0.7560598703414279
0.7607811981679444
0.8173736061069979
0.7441097129141564
0.7495597557646028
0.6181517718245221
0.7682290439406586
0.718985363938972
0.7417203147205521
0.67967529491917
0.8182133707905007
0.5252584206221175
0.8299159808336691
0.8327763647791621
0.7731358543417367
0.7387479723396199
0.5089846541746037
0.8452824904337892
0.7105034253654291
0.8160930507970932
0.5212910285746608
0.7417614325882402
0.6140956973586537
0.7957562263267096
0.5760782357230653
0.8173139656493617
0.6236370305030206
0.8341580054539197
0.7457294576450841
0.6366529839766103
0.8463456352911417
0.6076182851288443
0.7917405376774659
0.6061722691770126
0.8121555208936754
0.7506502358496943
0.7358120720511863
0.7149195061724534
0.8433430131966358
0.8417871629373188
0.7633415375669237
0.5595041369471254
0.45844639462030173
0.5583243933973584
0.7216811131894056
0.7142616721520318
0.7161410793677828
0.4484582588289404
0.8002424123312493
0.5644393834019108
0.4247093931590378
0.7566799053012006
0.6776542989093108
0.4316088624522068
0.5963671816948368
0.40846648497172033
0.6937748678938911
0.8066899126197198
0.7011462559082337
0.5992098961612387
0.6430122516046428
0.4437586955432266
0.485529563897932
0.48282341430687464
0.5779422452409932
0.5164824737657941
0.45359315356666774
0.7043747805241839
0.6104365967103963
0.7370542073367329
0.7130814443904344
0.6889679998259085
0.5868477782815841
0.6326075024859693
0.4219224218049502
0.7691758675999689
0.7731525127820623
0.7564518361487396
0.8390057595525627
0.7312263741326752
0.6495749207387006
0.6960462168716086
0.5404990450984287
0.5999214477841115
0.7862407574171759
0.766993039694218
0.7024533078966836
0.7771852659794157
0.7472929645797842
0.783868504344341
0.7123546360080231
0.8232247598428281
0.8194814409716422
0.7970847646334113
0.7543480903498069
0.8418301523649242
0.7046134399900953
0.8111132035664369
0.7377945450637645
0.79024569917557
0.6546913537310229
0.7476770411436579
0.7702120462087961
0.8133870282544404
0.6687624014200633
0.812295388194649
0.7959963368644877
0.6555786531708624
0.79442821091221
0.7531542231400229
0.7542837912984911
0.7743044351580655
0.8218907780573518
0.7776593187463307
0.7471624647654465
0.8246632041118231
0.7893329630469402
0.7355820421374493
0.8338870120226579
0.6690195534911983
0.7929471404092238
0.725576653879483
0.5611845271523772
0.8514823209304706
0.8238997951024462
0.7901664388842036
0.8407337876145274
0.8506268553161496
0.8173947973055291
0.8177149353850605
0.8578288778822336
0.7441284796945641
0.7785401412136664
0.7626692823022391
0.7349433111632666
0.7011960372325358
0.6742681607086477
0.5549097182238878
0.784169779204773
0.8118062876399286
0.8035926351188458
0.7589384678737153
0.7979157025500304
0.8335959841179809
0.7326211247890868
0.7694100317696999
0.7894835768571999
0.7506587714371176
0.7796107135002172
0.7503157415081719
0.6614127673813833
0.750153732547496
0.7985185997525538
0.8623059169458068
0.7920998921211787
0.752730227325749
0.665340129647976
0.7232429859075574
0.692328094107807
0.6777798785944494
0.6271445056169848
0.6721716262041252
0.7049559593440397
0.7568350160140601
0.7807874893254904
0.684111252787572
0.7454192315867713
0.6928531054329404
0.6756894752897596
0.7074692782718371
0.46745454814444964
0.5514958943349875
0.7052644305994751
0.5691522044155499
0.7241018602850411
0.592552137785593
0.5334299997363595
0.7745779289086526
0.6086381160337563
0.7207047078679517
0.6199085824634306
0.7279025604046799
0.5127844792540721
0.7882542044523091
0.8097262560098569
0.6577494435165471
0.7566456695297371
0.8383681930452712
0.8344854084931628
0.838281718851447
0.7876998665531658
0.8366521023770949
0.6414063514168888
