0.8306322129861766
0.8359568064452416
0.6314277818947422
0.8077665373454548
0.7321010487186621
0.7900963736800277
0.8036824164110155
0.7248502089892277
0.8413044299061113
0.8303064155580325
0.836063948129827
0.8706776949024163
0.8429599992413914
0.7381253760976267
0.817940868581382
0.758528807890723
0.7515298268721096
0.7762858386899434
0.7976268401523143
0.757505927292271
0.7803796966696673
0.7568353914120156
0.841392502190168
0.8332945935312195
0.771097427184523
0.8242654378736367
0.7646502000952761
0.7927305358797809
0.8372715996041434
0.7687528732894863
0.6937435027910506
0.6701078515032312
0.5643222133536886
0.4932773939562148
0.7322930130013736
0.6103445991778268
0.5696556550500764
0.7500513372691558
0.6811965161286687
0.8126849318483919
0.8019112929792026
0.8020646524247839
0.7195008240174039
0.8283956440394052
0.7681297985355868
0.7201004166369027
0.7575386155762166
0.6888327580006535
0.7116677819641205
0.6240567535408862
0.7597569785208256
0.7660535704865606
0.8281680011976883
0.8702131503933882
0.8169266114796322
0.7892971011668259
0.7444308960125842
0.7847114947414096
0.768326607467816
0.8144305528555033
0.763496849794995
0.8075395561550215
0.8377491874670123
0.7741592366307419
0.7188528158622214
0.8212579738579818
0.7632090357984801
0.6786906765398552
0.6591179635190129
0.7317317346944502
0.28826413623961594
0.5350125430976828
0.44059808711086956
0.5937816490074368
0.7379113004833558
0.6997540938414939
0.7544862964452712
0.7405762627318602
0.6673253354738286
0.8035803878699503
0.8512961713682163
0.8845511587553533
0.8094112626134382
0.7843770090627054
0.8248823020794209
0.7358731602814764
0.8113045707861398
0.7248642332176329
0.7978130940235598
0.8061943808507088
0.8142403270944026
0.7956410199027855
0.797003422209876
0.8289505876209706
0.8801812131339655
0.8247242772614187
0.7762396544964222
0.8386020654246242
0.7402734011305208
0.7763244312141189
0.8099570797119295
0.7503844994752317
0.822955121422694
0.82987399918034
0.7368838869349709
0.7106376426486624
0.8268097649258331
0.7712337645946963
0.6732343725571609
0.6803220447492204
0.5820491724042749
0.4956888036534973
0.6028584686020106
0.5795625758288728
0.609285214140182
0.5803358940149498
0.639947288991078
0.6785376392244638
0.8240265086937067
0.7723486141204464
0.7897546501592828
0.7783295440058811
0.8327617577982802
0.7532617988350198
0.7397044334975369
0.7475082956085777
0.7181824629335145
0.7859543784010157
0.8073632527779204
0.7915115124082639
0.8710112272252204
0.8668406530367637
0.8008717697077427
0.7513328285572264
0.7625425895236779
0.7643158277074769
0.7958966330388764
0.7364302256108947
0.7112671324290725
0.8375185932839407
0.7880718331256705
0.736591063383083
0.7997304829319977
0.8071626655209145
0.7510336100292357
0.5953343689588881
0.7183349299060531
0.5104844220721418
0.7490977370860682
0.5966897309002421
0.5775332693387767
0.6687917694435933
0.5522633343252152
0.7489902424422604
0.7075787993672832
0.7916674904069155
0.7550563361909124
0.7863271649195767
0.7474332130295107
0.8309199193654554
0.7968622983070318
0.7466761543888853
0.7523183242023205
0.7604885998801602
0.6925372290439925
0.6473891445425959
0.7223653564377784
0.8040858535301652
0.8617975798927625
0.8576589498179551
0.8390238852056249
0.8396942715549351
0.8028893704284121
0.799050036446621
0.7878181242497212
0.6616040462535737
0.797981132218101
0.7888518419628197
0.8256788232037222
0.7916359369271245
0.8301082552052301
0.7892763425028303
0.8490197097702763
0.805306445598885
0.7454236011526496
0.7938783007827133
0.7951166926240741
0.7377740895185861
0.7446921708638383
0.8082073813781627
0.8161648052945171
0.7649886340227053
0.727181246610191
0.8077344480558887
0.8004008701453874
0.7278246606355325
0.6646155197870327
0.5529496239194747
0.4981101970741667
0.6016022168847945
0.5931769076039148
0.5919658067120295
0.6072711586918003
0.6906326840409223
0.6496414551448979
0.7947189584372653
0.7582035678380404
0.7087973104107165
0.7601503943741967
0.821397419320745
0.7542454317405989
0.8495972989320778
0.8781284645878564
0.7786606035971974
0.7978517885503372
0.7417949930443157
0.7219571938041826
0.7268574796444729
0.6738344492356151
0.7491434561359519
0.8026775782228472
0.8380105954233233
0.7416951233184907
0.7120073485533776
0.8233019142883248
0.7098907042283656
0.7229589163427018
0.7590105303979177
0.6643004462524396
0.7437071513816846
0.7738841842451248
0.5696343902425958
0.7624064897128452
0.6583930754274284
0.8240118267375994
0.679829163926501
0.7365609090904429
0.7270684512292023
0.8756214838391966
0.8302229285063137
0.8209356528631361
0.8261380463730393
0.7902946474884053
0.781022083526742
0.6682834155458598
0.7770686920282899
0.8328457715620223
0.7705272991796851
0.7444790839449195
0.750063845485488
0.7062254233449103
0.8115830161792401
0.7490361692822995
0.7857269259124195
0.8508602030840465
0.8660341042375319
0.7936965402947537
0.7492632298765528
0.686547662378718
0.7337952336408365
0.7695401351267566
0.7763667205373872
0.7747008883494209
0.7824894315255563
0.8179092757409429
0.7559379724307501
0.716722785897649
0.8197245808770617
0.7914161758096422
0.7658532568687683
0.6707771469513905
0.580353210824807
0.502150884597409
0.6682395475985858
0.6135194771007988
0.7341089166929874
0.7548100737760258
0.8033994572723562
0.7634704577114485
0.8009623787800558
0.7770321284048957
0.8049561303575986
0.7493023023979772
0.8179197278033087
0.7633961157762389
0.7502152115668969
0.7552214364154749
0.618760880889225
0.7406954460640267
0.7456916746565738
0.7834528839631706
0.8433196913233211
0.8643696473460506
0.790672213917096
0.7284072175276767
0.7407804252627167
0.7825437406899052
0.762645539629369
0.8357229199013205
0.7729976419773179
0.8239505187853046
0.8098152773474883
0.6974327827855685
0.7964964393746534
0.7772479948017157
0.7564514566292218
0.7163796649008427
0.5041248361436348
0.53089929577167
0.6789023671495719
0.5649178641517092
0.6388828578573258
0.6207108662156607
0.7962687091786074
0.7988290779719388
0.7824396547430509
0.7795744215545584
0.8241126600365254
0.8267371048650414
0.8472626749563658
0.8229602803545866
0.7755850570837325
0.7482589327091125
0.7242643997437261
0.7745376554017696
0.7669097845891731
0.7674142521890402
0.7628665603187299
0.8257154564196645
0.8247388323669317
0.750064806215303
0.7649691626526921
0.7196932825960813
0.7704841959797268
0.7723016668890679
0.7621081990465801
0.7430257154434665
0.7877566345183661
0.7906530049246764
0.7893006667277518
0.7989436161192062
0.743235645538931
0.6749631601938263
0.5313405583779308
0.5138175232731561
0.7417501253302681
0.6099886898288277
0.6221346724541835
0.7356839188767202
0.689147833253732
0.8070484556671823
0.8042934911116494
0.7117229827513318
0.7774331838447456
0.7873896960926027
0.765283909093117
0.8074553366745438
0.7814205705857917
0.7655519403862031
0.7263350871107451
0.7680323869023631
0.7587719119666501
0.7470406208125793
0.7760498186108853
0.7215333187307464
0.8325011430880127
0.8328615396496741
0.7531317698797781
0.7648984844187424
0.6793990027197949
0.8020027820284832
0.7062697713433275
0.8423260033885669
0.7586379492336917
0.7903214509517765
0.836756962544367
0.7339747760908323
0.774316412784426
0.7713409614203844
0.7792765839581525
0.773383582553082
0.8225189113756654
0.7866227251966573
0.8411969822703957
0.7657394774632182
0.7699693542642017
0.8097558246194402
0.8242912732818357
0.7356001402055291
0.5467458258048479
0.7518789455065238
0.5119491124184179
0.7667238663435784
0.5517705433153407
0.6396937970897555
0.6054767056040266
0.7900635169914484
0.7825015498478923
0.8132815756365332
0.7668309575871041
0.7357690833903032
0.7387627506046627
0.7816321842768926
0.8330846905970389
0.7482688144995362
0.7529189790793676
0.7698753045706438
0.7237089096575217
0.8173409801317985
0.773686287971494
0.791332299463258
0.8812679414438348
0.8161294840165048
0.7931486618296181
0.7116637184167519
0.7029130481134325
0.7658632570266132
0.8224941165211451
0.7400033693926177
0.797949867736192
0.8290317132991828
0.7201881214964923
0.7569549982606456
0.8342419322306205
0.7111342090804825
0.6161138194449542
0.6699175136163796
0.5669986857171082
0.4967862678763549
0.7756063127848468
0.5715270829329542
0.754763245244107
0.6021823081946996
0.8187513392875991
0.7242481984605795
0.7504797468948021
0.7239351210010814
0.7914223737548108
0.7952193233726225
0.7869864995632264
0.8092983311192903
0.7524447352744627
0.8106937150270138
0.7515651801410683
0.7601123824100366
0.8332241913717604
0.8371388383990913
0.8121921602932811
0.8780745350021556
0.8472679034652508
0.762433061651253
0.7506674949077619
0.7098858512230097
0.795348609835403
0.7970452671884174
0.7430401075486452
0.800284101814475
0.8144132120067848
0.7876850850568898
0.7109662627410342
0.8167992385805356
0.796807607957674
0.7676374686159054
0.7157291481087457
0.7647460927178219
0.5153987358926099
0.762954803159528
0.5540681393133728
0.6636221683003213
0.702756466670248
0.8107222400471886
0.7678642445061431
0.7962904512889686
0.7920898813010365
0.8174345366814694
0.7736369454429237
0.7795280372242801
0.8316298872408728
0.7628029943089245
0.7338922251413958
0.7759342882351787
0.8447182444299822
0.8078529018850975
0.7748453555927128
0.7896013728976876
0.7766278784219086
0.7374760412001791
0.7548019267377702
0.7816852541660465
0.6948156876190843
0.7910289831367885
0.7508940560173869
0.7816980151194198
0.7917598776138278
0.7795058720491532
0.8015328528208169
0.7566762392610126
0.7453320121418505
0.8242217618680031
0.8290060850387211
0.7635171122042838
0.7944972900208487
0.8410754403243946
0.8150319365665064
0.7683622190837188
0.7604649989575943
0.7647833337727996
0.6586368510748782
0.750654165513818
0.8034233670707609
0.8196839594581266
0.7652643639258839
0.776397672188602
0.8279891396090836
0.7651943443332176
0.7168263240935877
0.6461301167843656
0.5669230520100783
0.7469552471702106
0.6137513466973529
0.5559102146068183
0.6307796619197256
0.650679403471343
0.7233248454653908
0.7970745845892787
0.8035135081941669
0.7069379262443894
0.777399876865173
0.7632945334876767
0.8233957745646883
0.8390293002216361
0.7528531573307492
0.747482612423871
0.5222200571529079
0.6063753861179781
0.7669989500621769
0.7508691990343642
0.8135203165636251
0.8313592811609203
0.8173744896615638
0.7464746022246981
0.7590868740153486
0.7784590269931829
0.7586294381860117
0.6639234977358397
0.8242373069100963
0.8413974926747021
0.8479436222031951
0.7740791863542498
0.8129799589874606
0.7167660403417271
0.754233992519172
0.7123244318541897
0.7321447794362277
0.8549324035969751
0.8004712317047165
0.8305443460275849
0.799375835794068
0.774319830718467
0.7753411831047571
0.7804252006813005
0.6852729081070266
0.7269718666069811
0.6449689160717472
0.7439566152464022
0.49957702999880965
0.5910786436809792
0.5144894199351608
0.6032350699782413
0.7150266445418483
0.7645729681394395
0.7368238760990475
0.738423614449863
0.76006790888537
0.7735755553266307
0.7850261470688225
0.8073723240829827
0.773175914910261
0.7354057052560458
0.7652326584656922
0.722395800679858
0.7510606739240114
0.8149410458521742
0.7719695199244917
0.7941333510328725
0.7690819842900098
0.8290647288300047
0.7489417555369688
0.7526819946490613
0.7745711454711065
0.5312317499073604
0.7804508147781608
0.8315450358962464
0.8183184952431991
0.7736031562942575
0.8078975225246049
0.743230543107816
0.8001952017700193
0.7957018046706906
0.6981369721263203
0.6610497961785606
0.550829489387125
0.7412192658936481
0.5897301711940814
0.5449177918571042
0.6182243667258106
0.7252670620381382
0.761335312467735
0.7983497334777816
0.7167944514827012
0.7604841442801987
0.7538952191787289
0.8688689023946702
0.8614708572043484
0.826109460911928
0.7840056735173833
0.7520656209963462
0.7783549240426493
0.7810755691604356
0.7949091459105243
0.7519852054361688
0.7440933615438129
0.7647626666402964
0.7750137918925786
0.8021761826332521
0.8103296989656329
0.8536912750729292
0.7868229630413779
0.7947012949354904
0.7514676615765197
0.789094097199972
0.7995043083753021
0.8074929654186254
0.7772002671884658
0.7697117219016696
0.8291343160047133
0.7614559068807474
0.7915327354182794
0.828017038301022
0.797675258228661
0.7071473451960198
0.6515091787340537
0.6104213085274293
0.5020188801890226
0.546923285200628
0.4142193646505791
0.5267344074698598
0.6292936282945792
0.6341617386341379
0.795668026914491
0.7611159263194621
0.7731275162182963
0.7185041295098454
0.8682801292420176
0.8812566115329423
0.7835851235296399
0.8364533732897693
0.8276037735094183
0.7937863018842859
0.7996647632258909
0.792995298290346
0.8269600207765221
0.773362220867473
0.810601805771598
0.8139938012869652
0.7569421112716561
0.8324664317214865
0.8072127798361973
0.8356480361076458
0.8345129198281244
0.7749193400169166
0.7943642043693692
0.7591708894440129
0.7766650560242994
0.755436583292752
0.7795363803282449
0.8432727332103185
0.7913237390317474
0.854301081952036
0.8254452638364731
0.8282716904441698
0.6210704367496088
0.7274325102150802
0.7627817212476734
0.79837726600575
0.7891660614256653
0.8356800300155243
0.8323801398181534
0.8143412825572244
0.779498387671931
0.7807871722813533
0.751041374301116
0.7590304005853804
0.7939930963954994
0.7642204876840857
0.7392915208695454
0.7971447021334361
0.8351567651200077
0.7850155573906628
0.7980338128614329
0.773632791750943
0.791390206871387
0.7872370260102746
0.7775376626505554
0.8199138717565052
0.741257781278587
0.7807761675839084
0.7575827106677309
0.6870920173703017
0.7638598377515095
0.7564004842941879
0.7763247444242662
0.8301694778230008
0.8802599417746353
0.7847218372978584
0.7667445551401869
0.7522893835863803
0.7657265828288446
0.7948612220289932
0.7822572698048288
0.7361777121311681
0.7837516821191234
0.8192803546537472
0.7714558310305469
0.7954206854918238
0.7702749901490301
0.7653598257799951
0.7807386903543323
0.7437412926878249
0.8374147940260876
0.752632604736201
0.7513110403397024
0.7771519874370668
0.7945294931383036
0.7670006071127996
0.7454079792957227
0.7715579068648598
0.8531198520253004
0.8758493477936844
0.8470128137332011
0.838009850818905
0.8237470464073736
0.7475764663649263
0.7996344140195059
0.8022764545826574
0.8002896080929165
0.7878312785567304
0.8438410106940113
0.8031661097606033
0.842274289297713
0.8079839626377158
0.7868229630413779
0.7941343586778226
0.7605259072890784
0.7745703142738801
0.7655067693265589
0.7654745907647797
0.8530284521887758
0.7804159436303294
0.832788691883583
0.8535447854045494
0.7711010219926923
0.7452803892163868
0.7302223420151625
0.7724685717938141
0.7419016165698775
0.8021228669769527
0.8026436720423376
0.7497586186529358
0.7220734784760299
0.7612325346418933
0.6929266245711387
0.7705339538558528
0.7607066175511988
0.7768208986231083
0.8502819889456719
0.8150738325406938
0.7496779438804105
0.7683329173750293
0.7591249453902779
0.7591846776863076
0.7646723154075312
0.7729367606181818
0.7520747222768095
0.7980931509365565
0.8253628075106295
0.7802199327581448
0.8020975388137918
0.6927844867292561
0.7455198996087583
0.7897242846524912
0.8095675103966101
0.7422054545396399
0.7556462425510186
0.8472879554924426
0.71584411492149
0.7029894701326879
0.7865502479269066
0.8134774946274593
0.7673868356268956
0.8366890289985416
0.7793889595206701
0.7777514271855146
0.7608628785578949
0.8113552739580142
0.7295451260496525
0.7277310955217595
0.7759192303429636
0.7673030866853126
0.7951838632786535
0.8193488417822339
0.7747792773424581
0.7862735413606815
0.735411279062001
0.6927844867292561
0.8157704158931258
0.7669704723484432
0.8351728311397502
0.728192429058245
0.7488618512567381
0.7805566887467894
0.7009040262892386
0.7640358607886617
0.7950940860159166
0.7505831787902234
0.8267987645644587
0.8871993365977429
0.782387086393975
0.7635415147583922
0.7392915834930994
0.7465216307091638
0.7740557511740142
0.7718305206963856
0.7778233500103086
0.7812292131094526
0.8350754115833297
0.8133408805222446
0.802044288522171
0.7554999870984029
0.7210864173315308
0.7702749901490301
0.8065257867379843
0.7396466291478467
0.8414738220576594
0.7780700277761133
0.780865873454199
0.7747503115533263
0.76083183437236
0.7672399068123884
0.7442820778502747
0.7729418993808319
0.8396706995380832
0.8707508495928765
0.7925552990219685
0.8295952672003711
0.8339795772594818
0.7699069070895384
0.7720770248811164
0.7634883997247366
0.7948377243837845
0.7547305599774736
0.8243323428089963
0.7702831676740051
0.8453116598094123
0.8752552373593335
0.79709958566094
0.7465413213695921
0.763385821926636
0.7625205741919224
0.7632825464465434
0.8503101503771674
0.7679221194755667
0.7434516411770763
0.7325531759325423
0.7651472315167522
0.7131418925848316
0.7653598257799951
0.7887940476705592
0.7533421311328405
0.7856931356570079
0.7849655317683868
0.734799656520009
0.7496130280218836
0.7671898260737372
0.74650748459664
0.7550033149345348
0.71927829073049
0.7867510141779399
0.8554279662733246
0.8161734903037302
0.7684913619642457
0.7932458326834343
0.7890558562040688
0.7415981006745327
0.7175228204087059
0.7376822212616753
0.7504279286090845
0.8118143299826532
0.8203611090439393
0.7616062503150575
0.7465795493325068
0.7304631637194956
0.7456635048257109
0.7987354675290157
0.7540625090149171
0.8257487693068992
0.8013081179251289
0.7403074597813916
0.7513412098460901
0.763308911156975
0.7494066070772373
0.7547785947631667
0.7671012415028866
0.8250557903182709
0.8822088086699545
0.8102697072395212
0.7415622998969819
0.7590428272861394
0.3625714149024637
0.7668113474829351
0.7638060001257065
0.8128643784940739
0.8076187140522108
0.8424622148984254
0.7562745473555951
0.8068439278213572
0.766165721341151
0.7003439839168517
0.8100521007797412
0.7647115709177291
0.808524661499076
0.7801560874461579
0.7430160325691041
0.7313525908469964
0.7110863149951311
0.7081213217694267
0.774139321463328
0.7094996120648314
0.7782902803409314
0.8583819865108291
0.8453288282032984
0.7500652270808789
0.8170104071604932
0.8253146233318719
0.7666349115652484
0.7836374881386609
0.830557761059642
0.778510705293575
0.7865591988410959
0.7692846320530274
0.8048681712754804
0.8187149188618926
0.8749373443003318
0.7876009757538217
0.7619433006091252
0.7476896630918395
0.7082226091841018
0.7002042019886575
0.8059670163161143
0.7427128811449122
0.8067258172784646
0.8347955150841174
0.7756779978810148
0.7975481615118585
0.7724924229712066
0.7702749901490301
0.7591957237985751
0.7759514864795847
0.8239021596628983
0.7948589015719726
0.7237736268070698
0.7253950435422566
0.6709029694244164
0.7618046560749644
0.8363085125583487
0.7541370794355902
0.8109161778245095
0.8765075102388472
0.7729841878612292
0.7564790986553652
0.8615966056370873
0.7584425406555536
0.7666572181060008
0.7786547467271824
0.75167022321893
0.79297793816072
0.829984968384292
0.7652617866452538
0.7161516167456644
0.7702749901490301
0.8120106341379721
0.7988881749427327
0.6345264007546628
0.8231927613512033
0.7647361540599171
0.8030932753844686
0.7847581718947582
0.7688605082625015
0.7785284573583783
0.7799376282921695
0.8052908510629977
0.7524916754785831
0.8291351655348744
0.820952591568327
0.772996094947472
0.7683217249569458
0.7703269396859566
0.7620096008360551
0.8137957687040253
0.701344968409948
0.8115293621008773
0.815471164237097
0.7521353156711492
0.766944855775593
0.725073316835051
0.8268659709336839
0.7711003585316435
0.75170969595424
0.7654625122398917
0.7527373211098317
0.6678418410097055
0.7135056413647629
0.7041805441178659
0.7656191288711496
0.7472956415658278
0.7329016658428306
0.8601722048018055
0.838028793608671
0.793197989316537
0.8367125645495789
0.6448506131726286
0.7625159412562923
0.7862620293720323
0.8255639806894208
0.7799347968141076
0.6253475636842942
0.8229792054611599
0.8409644195192151
0.7789341772774624
0.7800885265808738
0.7664769652771546
0.7386105388864008
0.7549426566731117
0.7030444463666634
0.7742723196802106
0.7096395183223254
0.7905612815686756
0.8354210935531076
0.8288731094997341
0.7877663562114263
0.7587810447195502
0.8153434799781568
0.8430771968950139
0.747344276347367
0.794461236427075
0.8187671087897015
0.7720691272853735
0.7584368564330605
0.7425701093980345
0.5030906736093431
0.7800918890135844
0.73615706399236
0.7991044817813987
0.7863694278858064
0.7867724495280115
0.7641109827522186
0.7330449117658491
0.7606207059733407
0.7652876834052565
0.7763295160021739
0.8074469612694264
0.8263769152848393
0.8330714035344987
0.7649440680343728
0.7737637431981217
0.7248642332176329
0.7847000264162415
0.7684893102556974
0.8001357181708587
0.8290084065608082
0.7549024273751976
0.7383542901672646
0.7502908546868465
0.7076211197171536
0.7928726724796572
0.784777887381754
0.7900404359241142
0.8716293407707635
0.8422531424260342
0.7633902166468652
0.6932080427106208
0.7580551507515157
0.7826017205645929
0.7908340704888469
0.7241293939848004
0.8147282236669099
0.83259089810329
0.7592489611942677
0.8140010343473274
0.7489592850631783
0.8092073868384394
0.77911600778934
0.8167750918647388
0.7639496547526398
0.7491365474125508
0.7038921874231333
0.7984839712439191
0.7924050838602136
0.8226307724325663
0.7845638619767115
0.8347904879624509
0.8059926033500983
0.8353070460596125
0.8363509749947359
0.8070989775740685
0.7724383962031289
0.7650096234080653
0.7981592447753272
0.7942061373977577
0.8294261382721058
0.7742313231025817
0.8480840322987079
0.8032244529305048
0.7782941144656816
0.7561630539672807
0.7480588769080917
0.7375513254150786
0.7670541986456948
0.7814103479406539
0.7497103343787656
0.816314022544442
0.8293934937491314
0.7648042940381002
0.8146140887225252
0.7677733348413933
0.7583888602824191
0.786302260204116
0.778516101621941
0.7749188138316723
0.7604177874305711
0.7377352682977861
0.7659464398208142
0.784489723483696
0.7875842297738199
0.8237343935119167
0.7508122145329207
0.8159594329896727
0.8739846416987334
0.851030792215271
0.7721181893126158
0.720074724203437
0.7618472052837688
0.7667095264069694
0.7926977003553232
0.7953694452884125
0.7789984661497209
0.8015675441648142
0.8221795439736497
0.7565478968437342
0.6899913080814899
0.7702749901490301
0.7041634866315566
0.8575009116084078
0.8142617591745447
0.8272684885620548
0.822454494711105
0.716600530953055
0.7483029357218912
0.5956629699493167
0.7707070575039361
0.7855951592868315
0.7703843705057001
0.8673500492823364
0.8515379907242664
0.760442062960452
0.7187563944822476
0.7428988690972455
0.7002042019886575
0.7630137845341498
0.7904735374447515
0.7608213566809267
0.8335782530389549
0.8587843012254478
0.809199573671596
0.7729299355642472
0.8060770715000979
0.8244732432411044
0.7520065111515163
0.837521796177584
0.7581297922430055
0.6475261834939259
0.7001578941912007
0.7692193773971512
0.7589409850029014
0.8531413897596609
0.7358552746465322
0.823010793723177
0.880473349029928
0.844151636249132
0.8269409390522772
