0.6551572322511687
0.5844532308302688
0.36285802653953786
0.4344007736129009
0.6450813338625949
0.8605546924753288
0.6588064140663833
0.8045080944113918
0.7920156796427271
0.8309216166655551
0.8173856618495015
0.7942070617756337
0.7457156118656152
0.657204299048132
0.5935608826878832
0.39330409150217577
0.6316643569844446
0.6124371734257167
0.6471969680562016
0.6325982757343862
0.7891437046651505
0.6700579463438805
0.6686065362313106
0.37978680138893706
0.38691470785872667
0.26954716787048166
0.14020054892102501
0.4051895148230351
0.4264588196902491
0.25201109943530403
0.19868215992288746
0.2748945658591135
0.3206786541852441
0.2488351695222583
0.2001008409168602
0.1486027959458441
0.22935254783671552
0.2898688222964758
0.23522330233513203
0.2833896604518333
0.4101620319615773
0.591484498364457
0.7095918588753938
0.7282669915338795
0.798506630564444
0.775917561894521
0.7077342145014227
0.6416128108773065
0.7934733676124692
0.6751260082335229
0.5370435710885827
0.6368390076632893
0.3892589217100045
0.16780633419194368
0.24603101858877652
0.2974312385903126
0.3060010292830792
0.23910228303162143
0.20184358295378568
0.403607171187941
0.3916812435502998
0.3787586378017962
0.21115992421497753
0.22630249366707628
0.2936751957380846
0.2799916213954841
0.23467651550131235
0.27419518079373373
0.45699327876767065
0.4294720357913437
0.6242740352928196
0.6768659956181219
0.7696600728837164
0.7756753615441359
0.8841644739945684
0.6340542549248426
0.7970427302711215
0.6886169939428392
0.5724964672660636
0.5983784309902529
0.4008427820031937
0.32810947905839255
0.19592501186620226
0.2432194037644785
0.31800745611962294
0.21444897347573236
0.12769754603637476
0.20929759153743435
0.29088846538068774
0.3105498044473676
0.38932705812958873
0.20407877582409262
0.38195160880134005
0.41568892246828476
0.27489858125764477
0.23964464471518243
0.35623594360925154
0.46717670675855233
0.5028244217287188
0.7427517093080954
0.7243629432142241
0.8058905488326944
0.7827311985176492
0.7136460947662769
0.6735437268389153
0.7729541888309344
0.6521770917248397
0.6517154175635497
0.5046337321937969
0.3753436154664457
0.22297104131425605
0.2579455408748563
0.2315209938685199
0.2200435974095832
0.2439878044319983
0.19873940133264198
0.24567865384219378
0.3027350776202102
0.32548619787658273
0.22177698366968918
0.28827850877291694
0.26794892800308073
0.3144085598435773
0.2633130974258834
0.2340924322578877
0.3315872272405369
0.4867961470141177
0.654497496960175
0.7468576783460725
0.776964441294687
0.7765233248319048
0.7542937088701845
0.6176457952271247
0.6858857041213011
0.7653966226132545
0.8651199016621117
0.6376545821776175
0.6807086507996583
0.5151844936074348
0.2334392773066145
0.2752243295837588
0.29186841598985414
0.27188749483974345
0.1913250733168624
0.2424889307150896
0.3269572693598043
0.18764802181457851
0.13265036890189125
0.22131532707328333
0.16443383778819978
0.1790538421493099
0.18414742167982223
0.3472360376634194
0.3382303290974856
0.3627793834833085
0.6818930184340714
0.6504224225778572
0.7815276390646189
0.6701929270271549
0.5533874345870149
0.5171754593396836
0.4255685747536899
0.3657923698421985
0.5871904079510933
0.6553873980956318
0.6194406498689486
0.6863033662644348
0.7478933398053905
0.8067371423412857
0.7014424012067565
0.838545863888574
0.8105455983986991
0.6459624467696011
0.6587556232279933
0.4424079179057068
0.3834016585126276
0.5214807221838066
0.6243586444818255
0.6543519027416126
0.6321318804494592
0.6815420244444561
0.6696854015751376
0.7636546223951699
0.6124290170011535
0.6684918251151544
0.5201670205648121
0.4433110294789024
0.23986152083913986
0.2628748523494497
0.2371989141490414
0.2891962715272912
0.21957796127441662
0.21468648359113757
0.2991629462067139
0.272828800873001
0.33288597689027116
0.4646960066358792
0.6467488058016437
0.6075074344069479
0.7692355149519219
0.8016016358545796
0.760494589308457
0.6341712088185666
0.6754411297639547
0.7733540719089901
0.5745825054862004
0.6535710625131305
0.49313263109556865
0.3386965308253902
0.22847473775219143
0.26301538962548965
0.28901401037130187
0.2984282932165188
0.32090483085865806
0.18406271468618704
0.2013856053685169
0.26256280084882894
0.28793609295558
0.5616777987820014
0.584899204873267
0.7082855418971534
0.7949847195453256
0.797606373256303
0.7584414122152761
0.7167493746894613
0.6421731032998795
0.7943240867120629
0.6798848446879151
0.5381568797776123
0.6318849674705712
0.3939235920315756
0.1847961302024261
0.26666185037473417
0.3131470355226766
0.13234115816757297
0.2077543903288915
0.27741411501400326
0.3422628235577434
0.40205040600501485
0.4954710710535542
0.5812519841742535
0.6711251168210722
0.7273691142706802
0.5970971424705624
0.7111991474897912
0.6785638972544521
0.7752888838443245
0.5347143826096721
0.6542399270264311
0.7485295462306988
0.36402161952035017
0.40803918585980964
0.6224547055397762
0.6342416895523761
0.6405719123187228
0.7320225213582677
0.7831557168341385
0.7909973809308992
0.7004195225734858
0.8038220122150134
0.6336339995517493
0.6575748455508446
0.5958148566450348
0.3856252991920772
0.3933467293257767
0.6232777598772263
0.6511160973266675
0.6344727798981825
0.5599648827432852
0.659614708128496
0.5945317621913521
0.4157445220469142
0.37065727788249836
0.632612616274835
0.6557019276070558
0.6177690022006135
0.6728677992992919
0.6670445668214124
0.864757209932596
0.3877270550338487
0.24786861966299842
0.24950518203659203
0.2694209039654365
0.48165878341779006
0.24660824702967823
0.3081759406283273
0.4325921775961287
0.613527384859312
0.718999025207864
0.6430556499611222
0.8048254946703999
0.7695601499574903
0.5921640090150925
0.875829699553383
0.6524375963808781
0.5271795701635404
0.38355541051829356
0.4155432042128448
0.6183389996176253
0.6461247701589943
0.643095972946968
0.7888417209773003
0.6692640610086734
0.5210468004656924
0.5485860420166053
0.38427215055516084
0.28313823093984497
0.2777624675252072
0.2765617929656983
0.3739276357084751
0.27587024227649143
0.2761601330244436
0.3492853484425881
0.5452434290143913
0.5467419832735527
0.6634081433094754
0.7925284569550832
0.6961422416375294
0.5778258440348545
0.6549162908047209
0.5213659636807848
0.6002772812907673
0.4278186326302274
0.6380141443340368
0.6320503578796588
0.6382678084312917
0.6664610261668131
0.6568337525454193
0.5882620172229681
0.4115681081615221
0.38196688176442245
0.5930319050063411
0.6561331074201233
0.6209300692797006
0.6853068801598754
0.7690182070551063
0.5616398229528158
0.6432308713276843
0.3794256418796141
0.33273776522506365
0.1795941159932581
0.30637174518012983
0.3761197284199626
0.3214182078375209
0.44476946522192845
0.32614593043160367
0.45447950230299966
0.8246186665029966
0.7322121714455705
0.7672906542518599
0.8068224727147469
0.7497063238918805
0.6623272208589733
0.6108622065116691
0.39889142977335945
0.3843185633479365
0.4836820505140787
0.6551572322511687
0.6258137492779783
0.738237448897926
0.5600749558150536
0.643545961888605
0.5441677308437167
0.5932305162069222
0.3476930960086297
0.6312860027798024
0.6378402078145666
0.5778455152747601
0.791700868663863
0.6627650789446671
0.5220399049632825
0.5599302590978038
0.38559629998888467
0.27523776495355307
0.26829583713251415
0.2731327899368635
0.3691451838430805
0.3425638861775217
0.24070665091357918
0.2558177193517038
0.41881127440793614
0.6055083765692818
0.7149486005307492
0.643535213409984
0.7997398097011856
0.6560024150408371
0.5507454110596324
0.597627078400265
0.5071966252061113
0.3819367269051694
0.4708873508042697
0.6524375963808781
0.604790539753425
0.5899065964234916
0.8090632525903565
0.7977470461774823
0.8181090025561165
0.7923560805294362
0.802639568390492
0.7290538592501838
0.7016630303876881
0.619635545574505
0.7426865123161099
0.5622475741655717
0.6415051784016869
0.4457233244869168
0.38024404860748356
0.6926149617134796
0.6438344228460459
0.6030110327696702
0.6838937078503677
0.7741741649072413
0.5675353500274828
0.6523034562414669
0.47078041220992844
0.3405914722873185
0.25651092171362455
0.29545093447689025
0.3582279457088228
0.30654497528324215
0.24454124026524635
0.3396958778289496
0.4790778973370306
0.4672237527809358
0.7066447803765876
0.7738054405947352
0.7731682441280878
0.5888782691347547
0.6524375963808781
0.4017751398662963
0.38327329746867916
0.6603738538813287
0.6207297036453638
0.647411579597408
0.5806353957202601
0.6673364510095083
0.813970359002932
0.8259698354006791
0.8108429341948805
0.7809233347575192
0.7957370043515156
0.63694232918963
0.5717525043224501
0.758302160421903
0.6131101408710384
0.8768399994466448
0.6414657015430554
0.8124773639079063
0.8023763465949756
0.8083536743153538
0.7596672253433812
0.8049480551284773
0.5849803168710033
0.5801163248084752
0.7418575489173516
0.5633108118335038
0.6443693972415662
0.45834728149828224
0.3742637229603665
0.42898896916129503
0.4670551327922544
0.633142106888284
0.6554156909784996
0.7901651080392869
0.6544035915192921
0.5216516655526078
0.5421520306247779
0.3823968267226487
0.2770087681797918
0.273668595243379
0.3398723774604371
0.3513313980215902
0.1666186810746677
0.47934401106938085
0.3990751423444804
0.5893522200749715
0.7060206977718236
0.6434911000918878
0.7997167204809359
0.6798461319909941
0.5596767347480219
0.6445671005341298
0.43110727484726574
0.5932305162069222
0.4235550954638703
0.6496063558061723
0.6455135965622477
0.6421367920443687
0.6249258867574045
0.6534988340210057
0.5555090763180495
0.38548152029110744
0.3301289807064333
0.6450013097146866
0.6497311220766518
0.6624905552266369
0.794656250546952
0.6871261538566285
0.6230642204145183
0.5845463443643809
0.34043134220517485
0.29100726314959346
0.27173234698847737
0.30871315075975886
0.27422239142951527
0.3610699695980746
0.7313408858476521
0.6752398580978971
0.6332323175761035
0.7872998924933201
0.8029970927673794
0.7588734551866277
0.5926354738575189
0.652968215200942
0.49739099368984474
0.38272120622285316
0.39136593098332595
0.5036103440566002
0.47839271262517996
0.6142671863002963
0.7486021189481054
0.6710440086848931
0.542275645058896
0.5513102019350956
0.3898223039718557
0.26712990927648084
0.2428835571708447
0.3905512162955213
0.17212055350924932
0.4391531415680352
0.5332919594617956
0.6680363913115375
0.7686301831093466
0.7193262279446269
0.8125461209893046
0.7810751714444015
0.7775807265128825
0.6015959796763058
0.6542399270264311
0.4754257806079052
0.3833301579015786
0.4211900945397696
0.7820884732190584
0.6017517864523136
0.616230963117378
0.409017531772138
0.6342756986480245
0.532383437848629
0.4994180064783922
0.45685920967494686
0.3645431681662112
0.46629651894049945
0.510779484544073
0.5335001757827348
0.5513909394713803
0.4189367518982109
0.41780187188811335
0.6938011411898914
0.5665347054032926
0.6106458845884188
0.6784838328437931
0.5627485510885815
0.635392859663354
0.7931852249119031
0.7844413686452674
0.8238508760732421
0.6924784366523514
0.8035008010988313
0.6460566384008231
0.5628581862033464
0.6280043328152816
0.6826024563515444
0.5708455068044261
0.6376715364594471
0.8078177851698163
0.7640769508437834
0.8189855932560429
0.8166192836226805
0.7442689870334916
0.563650275766502
0.5701275023919405
0.5898105675909182
0.6894401276027855
0.7776537588134428
0.7900621550145047
0.818539222025843
0.5178006419718191
0.6337886163257871
0.24222883146282176
0.28332612663403123
0.2749059015349208
0.36074963277006816
0.355694262600271
0.2975256892174475
0.3816035472344974
0.5880030012590827
0.7044281688503052
0.639831882919464
0.7975433723130672
0.6774270266849414
0.5595726679053605
0.6416978516259643
0.5428123967113985
0.371326331140501
0.6032370180093166
0.5057770645948891
0.6542267465154936
0.6267186740176016
0.7322648464834414
0.5610598574558832
0.6432320760083412
0.44467334600387237
0.3808987155212206
0.393806907802
0.6332107457991674
0.6468459726649068
0.6451729543422488
0.7915351910892521
0.6563387835025436
0.5142062926036004
0.6414471731060877
0.3890178003416447
0.28361635065688356
0.23892985901238895
0.3517429262614967
0.24257953880319127
0.298423526099975
0.41093126295054605
0.5656541235611237
0.7078710916459205
0.6450617007280895
0.6216311488596307
0.7905559811604809
0.7558640297204922
0.5893691854351849
0.6196206937244352
0.6881985866162974
0.7222466725917586
0.8159717926088575
0.7996812644533234
0.7904241460479358
0.7789181594980455
0.5781699818823607
0.691452620796638
0.6481395174842801
0.6149746066334436
0.6540151254819445
0.5381307790063534
0.3590972262226025
0.397765187911589
0.6392898369889347
0.8436927473232925
0.619648182573157
0.7525500124360088
0.7087988429498502
0.5774166439057583
0.5649263464405129
0.43385808028606637
0.19901621867074287
0.25253906759391415
0.3244801568475301
0.3632696473788458
0.26739695938030567
0.24443847811466818
0.5503170743191981
0.5705592533352954
0.7033974916670276
0.6438398216822211
0.7960734548522963
0.7032594551954472
0.554711554711619
0.635843328314542
0.42353253733499796
0.382500953004398
0.48049278242928123
0.6524375963808781
0.6119525751781234
0.7962505384305938
0.5966473965425353
0.8346499204031604
0.5067076214201277
0.38186273222060757
0.4370123446970514
0.6306076064800998
0.6494930489025691
0.6476117511938837
0.791037349679752
0.8121922690104512
0.5294301819852238
0.5568123178231827
0.4568324280606928
0.2777676191720121
0.39077138637033487
0.2822071914023738
0.2821009904351353
0.30044340376350004
0.26964525050000804
0.521913701443245
0.4844951951002298
0.47594393791813
0.7474615403194074
0.7708610861347421
0.7858639275717519
0.5938903010148401
0.8349992712473255
0.542756498401047
0.3811520899384034
0.38278306605401236
0.4613781071956336
0.6524375963808781
0.6248132181363681
0.7341582797857439
0.567645247122722
0.6243734665381454
0.8094656684889975
0.6964498497176811
0.8136252510655315
0.8276142343769495
0.7920596332478581
0.7693850637770001
0.7063215040101143
0.567039639481551
0.7479908363814742
0.5869992330601103
0.6524375963808781
0.4466129489436049
0.40306548496196987
0.4251192463104786
0.5278876988096101
0.856347271840023
0.6327814692830939
0.7690732236305222
0.5779655330349501
0.4599039712819471
0.47204334609062004
0.339863333051192
0.26038964691023414
0.4120681151498003
0.4287455600134248
0.27483290089858425
0.27754489593219556
0.37493592540441
0.5476446839418508
0.687993621708182
0.7035772299446629
0.7386922855283333
0.7605255986683236
0.5864386847932763
0.7180734406691097
0.7715911572371347
0.5308226134403434
0.6452661118667388
0.34999366875874827
0.37773518602020784
0.39975341701333084
0.6503036198401698
0.48999342540215207
0.6501358118221289
0.7543436076420227
0.6619043436555888
0.5263767513191174
0.5567145397085195
0.3832008059391817
0.2835177830554191
0.2805933056818926
0.3705183944488246
0.29016855964860777
0.4057204176134757
0.5846938211987001
0.7038790840267201
0.640573891275378
0.7978244312600306
0.7868070459897667
0.7277637830193242
0.8511529355831169
0.7807965020240841
0.7892413417289699
0.7856324287287414
0.8064689482693308
0.7661004496894358
0.557560800056081
0.6420634081602249
0.43099170873680526
0.3780022216401956
0.4346026612063029
0.6449594909195671
0.6369476710739935
0.7531378692816948
0.6292068344562793
0.6524375963808781
0.6089682275911875
0.6066688577968731
0.3065102805557583
0.4566490935485518
0.6524375963808781
0.6155393124986179
0.6139591689572661
0.7658944640227544
0.5581288009375396
0.6384394294216039
0.294884739767163
0.41768775677890957
0.2583217115894608
0.3100140423584128
0.26871161530229903
0.3474403685493222
0.3623458849574764
0.6631822243242875
0.751961443965787
0.738355626806893
0.6794709593650455
0.7794657366257176
0.8100523697260391
0.7059089245752455
0.6611471208587681
0.603795833905229
0.3740126657428185
0.3665689628347992
0.49478125454487226
0.6605828285298075
0.6217857501347746
0.6719703669536125
0.839184137488872
0.44065411788428754
0.39591950638788725
0.38675440216127077
0.49189194716551266
0.6546608753971536
0.6862146639262086
0.6847050101786766
0.7325316068904074
0.5836387770580221
0.5862798392126105
0.5731308295981808
0.3158820760930235
0.2568682696645716
0.42459150164060533
0.269826023814551
0.34575622432588987
0.5023237356043889
0.6652598493481453
0.7558660553495771
0.7813047654796713
0.7656502574777072
0.5796420766982685
0.5780359270252491
0.6654151568686679
0.8059490413895203
0.791963236849806
0.7345046201403094
0.7157558502362087
0.8131815353677625
0.8045400764362323
0.7684857325017576
0.6039639339309975
0.6551572322511687
0.5109629068013979
0.3829911844190649
0.43230816518237947
0.6332353156039361
0.4934561754214142
0.6566153582747166
0.7252202237193033
0.6132066443035694
0.6748753337431614
0.5350722786909663
0.3608929915182103
0.2720948922904096
0.2925295338935717
0.27012618124786714
0.28997650903945715
0.39308123121052707
0.4606499376299139
0.8640468576954521
0.8115553067386477
0.7505682787691785
0.7893618157488471
0.8003215569969813
0.7019196718360402
0.5610467064455452
0.6400334813601727
0.45698903676885066
0.6020597825031525
0.477486031806764
0.6531786893863033
0.5811995845503679
0.6275215164147412
0.8098680843876385
0.7840507323596669
0.7659218635307087
0.7377402716060228
0.8091949939546242
0.7184257315653387
0.5734840405194853
0.6205739013575757
0.7593124984228288
0.5468744601654065
0.6070093251047753
0.510446581132436
0.4042001986290397
0.4646922276410187
0.6524375963808781
0.6216242756507726
0.7711850517987895
0.7709628231929344
0.5646767784342821
0.5348267008272253
0.46923770979649476
0.31560783865630815
0.16253282394950297
0.29856326705227815
0.4854908548038357
0.19676657306452608
0.4332228514509167
0.6082341205118196
0.6312613442539307
0.6899977395293988
0.7707606771960543
0.6899344267274249
0.8045244995855072
0.6908663535938241
0.6674596702447734
0.6231820818986492
0.44248040983152914
0.3890257807571256
0.49483341920297086
0.6546608753971536
0.6263817921190679
0.8883988940182023
0.5593765328927789
0.6365104671264035
0.4344573981869901
0.3828735068685208
0.45718435236432553
0.6519323718319595
0.6283358521965974
0.6785824092507359
0.7385624282386584
0.6372152418266147
0.6397383272232012
0.5061508077280665
0.3546917303396161
0.2708338235384042
0.2964427795952947
0.27258279992760803
0.29453514151107024
0.38665229685799696
0.7889396071958258
0.7069792249189131
0.6535866170167948
0.6667237004844984
0.6789029957597392
0.7984633207380587
0.7274563869295385
0.571028945512147
0.6500891487363605
0.4805482089801805
0.38101639307176455
0.4473804487480218
0.544118135376756
0.6346799732348981
0.753968451944721
0.5306774119928308
0.6534988340210057
0.5511866906196013
0.4960118349757593
0.385191903682063
0.61381529672679
0.8365676781018513
0.875523429593305
0.7985048447214114
0.7673412667507384
0.5629318170029135
0.6480357723880497
0.5883467580712407
0.3356387220041877
0.2697181602643813
0.30685667048521137
0.26284925226779426
0.507060632723036
0.44481738561999273
0.5032714111275922
0.73366243666801
0.7662963620305813
0.7963202564920934
0.6074597474718978
0.5837977590958793
0.65579266066908
0.8080970045907605
0.7339263336029501
0.8093156411811614
0.782621119813356
0.8078002838991111
0.6842819885580043
0.5528246959926097
0.8164074558543167
0.4143642958075835
0.37341028409956656
0.39689319574717724
0.6103435091034047
0.5540941211606056
0.7069343993351512
0.8102705002862794
0.8195861832006237
0.7937428795640574
0.7842670973241843
0.6732757090447766
0.5639572963176195
0.5803383252079359
0.6490506741585805
0.6542652604236876
0.5779015337824666
0.3942242001137965
0.5009098096351164
0.6258637574151228
0.5546505232144089
0.6243235757644667
0.7693383903722453
0.6790061087450086
0.8652191742139486
0.5713732289960756
0.3682536558543275
0.3779439594832697
0.26637085074159944
0.24207977289558041
0.24624731080824921
0.2889169232103612
0.5473893858866284
0.5720260719494843
0.6707042962009109
0.6253070465938703
0.7919751272263017
0.7601113139116942
0.802710985050143
0.6003580676350416
0.6575750927450288
0.5624116734972249
0.3786952900106629
0.38306517910362664
0.4825198525944689
0.654290328894441
0.5924043470313943
0.6262047912561388
0.8098680843876385
0.7834067710170936
0.8237951113642691
0.7338252923601185
0.7852365372644258
0.8464831435601674
0.57609146117903
0.6266632291968364
0.5935696922415094
0.6496778463714201
0.5333833182281035
0.3612335628621624
0.6624190529890014
0.6372839693550324
0.6666506300430132
0.7417279352065704
0.7963857044138148
0.6911523100828486
0.866213439385931
0.5883851111542014
0.6000959174177903
0.2921737031333888
0.21001279642023057
0.3565248265531335
0.27767244175398537
0.277382764640157
0.246242024501627
0.38078138592375643
0.6838572963669732
0.6488837602542203
0.7873309345954402
0.7718402410524545
0.8061190235136486
0.5906168683146497
0.6534988340210057
0.4775257467789873
0.48957964538885945
0.3243323879832712
0.6080105774184771
0.6573307267386015
0.593589705885794
0.7126585421151003
0.5538656076436973
0.5278114150810764
0.33586017084579295
0.3791155964090263
0.4174046160273482
0.6358971227820585
0.4952099362503343
0.7456064480634061
0.7811773188949458
0.6078001880639791
0.6619793816020657
0.5109372510385328
0.3525897981565318
0.2643819477220907
0.23830763462239873
0.2445944618862395
0.2473993465444402
0.3402922245737953
0.4795051314921696
0.6541531512412638
0.6485669797101715
0.5993090107044492
0.8040004795459584
0.747938832379338
0.6556093179348985
0.8344304516455945
0.8063395022066233
0.8287611903731142
0.7525853566519382
0.579351748480116
0.6524375963808781
0.512612870642348
0.38327329746867916
0.4426453130731416
0.6473947245875764
0.6350061621392505
0.7805060296564492
0.5748020223538434
0.6491725020408188
0.4860194713142998
0.40447605021004135
0.45942012043679237
0.6506970195441794
0.6267805249675603
