0.32658994668447044
0.6327201449470246
0.2500804415272803
0.574347253280217
0.34137535694144355
0.5057629170007627
0.5668482979707624
0.3385851660754123
0.4966842907002016
0.7714679002544049
0.5987882347787525
0.4271822139767284
0.6276233992025384
0.48579849987967394
0.7378491477200559
0.476821886438237
0.5051269945405389
0.6568731954359553
0.6190804271849355
0.5097210621128867
0.1781871985994869
0.5700283927621759
0.5553969220950797
0.6261208695272572
0.5490458836163563
0.7664549342962669
0.5507819391634385
0.41220864002628177
0.43540711502627083
0.6279961576488511
0.40878408010063866
0.5254684494661581
0.7029692402272647
0.7140695414671141
0.38936977231407305
0.5320748374997115
0.543659284981003
0.6302577452120461
0.4010311379682012
0.5385807650322831
0.5458705194768421
0.6676894098318782
0.5875596736909613
0.7138102068229741
0.6121548541917906
0.5098494925758423
0.3882795974499114
0.5084057632646548
0.423949312876914
0.3130373946726276
0.4899547059357172
0.7355446602717994
0.6069884976992259
0.768853531571166
0.6910248298640721
0.7400114937316961
0.738658051993626
0.8036085451505883
0.7787739291792896
0.8135367219228727
0.6739575027300826
0.7601450323286649
0.7185629552667874
0.5693979525600306
0.8674294790303253
0.22977009398045847
0.7699669355441771
0.7795656896558982
0.717393847680925
0.4655774933496067
0.6189223185297174
0.5151804944370709
0.7546847741310978
0.553669667353269
0.7048450875975238
0.41508581796437233
0.6046985321076559
0.5885836360933028
0.6954016490646245
0.7241607716141263
0.292584635814262
0.7520621605467781
0.561151057398076
0.16625790757173362
0.25921243382064735
0.21641700601047575
0.25930946972239977
0.44503608491132746
0.2676538049436706
0.182015881058931
0.5228197628829431
0.30211960106545044
0.45970682524981915
0.33248663614701657
0.41175825688342577
0.3790111910075452
0.5103158441974185
0.339168959862851
0.4382920977814236
0.6386621107442587
0.5245476017671707
0.5136685213755898
0.2122395074744528
0.6460630747738209
0.5774785014192743
0.5849434634785966
0.53954930898734
0.4343070875104361
0.6711901142393004
0.634890890600804
0.6047625634030813
0.6329391504990696
0.7626773488837318
0.6247402675335364
0.5167578647429572
0.27245794891271496
0.6585070439276132
0.3567456022649015
0.7151066106905986
0.28562355039166926
0.6328560620340365
0.2454158575844553
0.46563508706080114
0.6356230064744076
0.7348826603849453
0.44880387713348613
0.479395649853981
0.7268935736079553
0.683057550835419
0.4827037075280613
0.7779221567232311
0.38893371104305985
0.5792574024311464
0.27765194217254724
0.6075420753764947
0.42862600289819164
0.28251971459497977
0.2962185250610246
0.3470668463446057
0.6756083662286417
0.6211325177538806
0.6549944661215017
0.5874689934593943
0.6452507283335475
0.5922576058680924
0.6906453495456943
0.7381619822834873
0.5480071430066329
0.5887473652139588
0.5583589664345603
0.6631332740407804
0.6755174331396426
0.647467215042873
0.8105096648756082
0.18722952603030232
0.4577350082981049
0.6752612650797274
0.5860875605553406
0.640071527742485
0.506330234300534
0.5723124484287492
0.7394965558716696
0.5750996425138372
0.7140569292971499
0.5955362516561701
0.42375941530700856
0.6633790066600139
0.7828594966594173
0.741945341875421
0.7255580331069338
0.6221597045430507
0.6887423703622803
0.6307133323658634
0.7848950746245583
0.7092630178625832
0.7169168844084407
0.5741876223019833
0.6352548771974164
0.6801784617866947
0.7420742847307211
0.7341028798339273
0.7213172299386039
0.6847481886527675
0.747476330479669
0.7754440655609112
0.73973734692977
0.8090128133356597
0.4293026034972798
0.6526199001958429
0.6329114409262521
0.5768861747121108
0.6546996011723566
0.6081462533748229
0.6010327085439731
0.6958967658861229
0.7587489062996604
0.7768067801490045
0.7005981580656712
0.6517666656394873
0.41777818571844355
0.5760159165996002
0.6346207617617111
0.7416943715526577
0.6972571179114487
0.6884816507889028
0.747876584049972
0.6292634213711302
0.7275317165828841
0.7128349578796702
0.6250881202263389
0.6056987632427607
0.7495897255041956
0.6104814462067318
0.7519683845591607
0.7694401636751202
0.691679349911425
0.7445917357895362
0.7352648542117227
0.5762698437763235
0.7165654520866157
0.5882873606893068
0.7360043087777121
0.8064715464716227
0.7631757876245717
0.5550299871484339
0.5032949717992837
0.5255243655511497
0.6234019994807336
0.7255907378220647
0.7052096743967532
0.7450891676494329
0.7238316102980202
0.46394421520127127
0.710637785980321
0.7870826132254097
0.577108934579761
0.7942726743054844
0.588106635108022
0.737286285807867
0.8079263581193744
0.567079819935356
0.6938101641557161
0.4784247669381705
0.8386647507588691
0.5590627582628546
0.7246205259099017
0.863040803167556
0.7377207498249928
0.3490811963338457
0.7723309799568397
0.738185732265109
0.7294378023557067
0.7439695810695924
0.49017136325716487
0.7029647191841905
0.6963037340160969
0.6040013993722144
0.6806096554190578
0.5959850306489236
0.8240096480810347
0.4157298644911976
0.7378778505092352
0.7357739818124887
0.7693990705807007
0.5727188257039991
0.7244014467469423
0.659373018344458
0.5717148020978232
0.5007356813481363
0.2774389590230438
0.5931034895702288
0.7136138711497506
0.6601459444202926
0.5409574613328825
0.7043933026131716
0.7616551118391223
0.6406527742862314
0.6450635212720489
0.7957626310066028
0.574104546372564
0.3899523093548977
0.7363219617715182
0.7054636036145219
0.7721668131162318
0.8320658635494381
0.7168873271961417
0.68744160386204
0.7890343416359363
0.6482608773698044
0.7608825669188518
0.81997583818199
0.7327467409849665
0.6639319828550688
0.794622775585572
0.7300564754040408
0.6271211823505088
0.8401789520741141
0.6800683438851329
0.45325649827941494
0.6450006609665101
0.787487870732527
0.6953286522521966
0.5752824309432882
0.8128972178276308
0.6207571525819892
0.6910529241135177
0.6915797953722415
0.7425721140461431
0.7310516658660591
0.8394922186248311
0.7584226361840238
0.7939512954516514
0.7148512671117636
0.7260818967417764
0.5594728252194711
0.5704761154747184
0.5543306581558197
0.7351764481744718
0.7559715695050602
0.7850239856354437
0.7669589334710953
0.6992196088977819
0.49440689997896137
0.63247154162152
0.7746959474349145
0.3298270796183375
0.7144359747831094
0.7083061925744141
0.41739320098073796
0.7932837266552671
0.5091239039084949
0.5389752466464379
0.7906677274514559
0.6778950488642294
0.5444875203417849
0.8086218532983015
0.714314522743948
0.6803982352926015
0.6864153544125188
0.816473107671196
0.7423015583886498
0.7289813237557441
0.46356926837703816
0.6322113503823232
0.8342405103161674
0.5685300817873095
0.7098816856716956
0.6352174983846129
0.8155178603968952
0.5042951663971363
0.6703279117867079
0.6501963463668136
0.8079865878360789
0.7506311030303889
0.7580248463187064
0.8126067371859337
0.8190826699658686
0.17083047115977068
0.8065434936962274
0.7520015232678392
0.7532114155171424
0.7229446224877846
0.7213551458822167
0.8164406519977
0.8223584232259045
0.8039250496775119
0.8804887746315485
0.7819932867132654
0.6853652883956335
0.7287955104087106
0.6159315378162942
0.6945693436854605
0.7618469758702011
0.60540864514673
0.7424109019229796
0.8221297170050987
0.73506543159607
0.8055660527022911
0.7983150585787229
0.7929033343853247
0.5698102909101326
0.7941608365993411
0.6266272031170822
0.7299246366048999
0.587142663448444
0.6994875754749508
0.27791127931650317
0.4848135409531422
0.5967747763971023
0.5505855193040401
0.63279313640035
0.6225008272038904
0.7187257064087545
0.7813865367230264
0.772961805001219
0.7119391789102173
0.6680949317834335
0.7189655786923693
0.7699007621869796
0.7575786893544353
0.8077348812874147
0.7529709360907981
0.8457664434735492
0.6983419563057138
0.8410520922157793
0.7735487827189093
0.7115491319027184
0.7783951480993568
0.7877504683212103
0.5931949741539055
0.7643717103196812
0.8100907800872608
0.7496436910459893
0.6525309657356257
0.719781652208588
0.6530137221778616
0.683990939593163
0.7383964666098035
0.7101219146647463
0.7521832527252944
0.7874750544261694
0.6182872947975072
0.7526063117797777
0.7694834549424635
0.799834519229097
0.6462607200457174
0.7222666848246301
0.6126274610202218
0.6375048686593613
0.7210203550852067
0.7013825194558116
0.8027928030559336
0.6776810640310336
0.8393806451436078
0.7816401391508967
0.3664427184971698
0.7585953527300684
0.8030602839010332
0.8414916069950942
0.7080986336076128
0.6874907972776626
0.5214539587925918
0.7372440713463853
0.7418525082974576
0.6754126783495285
0.6251163464427798
0.633574734973732
0.695102644336296
0.7317878916763361
0.7380048567568696
0.5592698910049904
0.7298851657955754
0.8252509416038553
0.6496845373771023
0.793406073167139
0.7413392111111713
0.623922512481664
0.7314747332705812
0.7950991374479743
0.7888475433628201
0.745921763309438
0.639964604296597
0.791300567427797
0.7869419077540658
0.7610736209408766
0.7916970039332005
0.7639622174038873
0.7318519175819895
0.7034968746306164
0.8159307089759532
0.8007660007550073
0.655330861507525
0.6047155208322761
0.7852663309308322
0.5143481521332715
0.7544263857881097
0.7168617324693701
0.7480404760835728
0.37080634700497817
0.7930891669561511
0.836218614869139
0.7674263879144553
0.8272869212581437
0.6865555539733508
0.2684012570449479
0.7057738221840657
0.8290436297974361
0.7694193589919162
0.6734005163473862
0.8134666039644942
0.59179960133965
0.5743922201795404
0.6929098893124086
0.8562349165641501
0.8178557572852134
0.7450590501666469
0.6866450386425322
0.6743119783340628
0.7676859112262879
0.7948171790038452
0.5217808149311778
0.6680066167546159
0.6950876026260595
0.6926830013549177
0.8107448202799306
0.10770369280451414
0.5989404803821506
0.733028080497017
0.7679297389179403
0.782628402590199
0.7349131791076441
0.6284777587766152
0.7446531377640412
0.8523347034092573
0.7492612091045386
0.6090315357945226
0.7646108904080472
0.7630683025988836
0.20049534510347017
0.5248988418656907
0.7934868687504697
0.3428669870649499
0.6454701369507616
0.13473600731563096
0.762954867956009
0.6566361308264053
0.7522732092131216
0.7470780770923424
0.7502972262725938
0.7690140163199624
0.6930329274351824
0.7385572281505725
0.7815055609370226
0.8451653693817869
0.8053362703494698
0.6191978403222612
0.684314968221729
0.5598452269583036
0.7594056725002021
0.7297666179428756
0.8006444240707979
0.7187683721090976
0.799210994813558
0.8323568760419766
0.6068889166277973
0.555413617626524
0.6735642568245016
0.8017184151262322
0.7862132310163523
0.738351938634039
0.7635629828077647
0.7093219705585845
0.5798423684836237
0.75624061640071
0.6977506122810798
0.8038590992130833
0.6165551906504437
0.6789748672705903
0.7223792361420844
0.6324044058460552
0.6208983184645985
0.4218350801301749
0.5247474186966928
0.7599734565258561
0.7359399961303104
0.5978806667865658
0.803086714512638
0.7682640944087518
0.6672617874982789
0.7631749448905734
0.7577864364872948
0.7214265496108281
0.30973587466900465
0.77133948601662
0.7485945592462098
0.7136191591417829
0.3346142384621793
0.6251546220279437
0.7170732437967129
0.710356717057294
0.3601869931949341
0.7615621984043096
0.4456054992174678
0.34821459299995966
0.7380671533675731
0.7903152724994688
0.8040760647005574
0.519736199646597
0.6968762991541783
0.6951783229064981
0.7389760768274855
0.7042396107992224
0.6966925702569575
0.7687591173219798
0.6496183556593479
0.7824062483544139
0.7286349340939718
0.49394257946034315
0.7445932597640269
0.7290056815504756
0.7536241237540784
0.7314089394098845
0.8408738181050838
0.7666591906397283
0.7529628371529791
0.6562957518005126
0.7633665050903901
0.7567669900024332
0.6535885637617233
0.7870791787160207
0.6380088497487236
0.7313712860926483
0.7359377954731526
0.34341681505418153
0.7212091265086698
0.7952784007026921
0.7396114607624596
0.8374945528406842
0.7388902388265356
0.6042811816452847
0.6241805958843237
0.7892229998072103
0.7476985284946971
0.8268500506646221
0.7896297536146735
0.7240327489976448
0.7816784158695174
0.4708640005516566
0.5042178003130597
0.748828146917525
0.749009031289886
0.6965720430266623
0.7767806838957998
0.6073035956145436
0.6917358595612484
0.6710659698977106
0.7843535813702215
0.7626352163623317
0.7793608836154335
0.7577180435923349
0.7447792536544271
0.7010400108823828
0.7960335674920518
0.7591602913895704
0.5989639517234144
0.7711189107096625
0.4890197365711175
0.7758510992255515
0.6851899669375886
0.7650618496608671
0.7517151371206152
0.8198092031585853
0.7682425806684199
0.7399350722513688
0.545244797616917
0.7595982816789231
0.6905387753038716
0.8075992799101305
0.7721555391620544
0.7665113731857461
0.7393396401271243
0.7587288925286042
0.7577968481229598
0.6440411545142016
0.830445147663924
0.783326407236702
0.7237532828169937
0.8632684116671591
0.7589335468110172
0.7872237911655909
0.821732215535252
0.666258385051993
0.7762087715459536
0.5249739840882325
0.69209791588833
0.7881625574266192
0.7995117176995677
0.756922331393038
0.7676504451994685
0.7966599974432524
0.5760206862305196
0.6107902177778406
0.7422640624432407
0.6387488697145239
0.7324108116183051
0.8296411562751963
0.793016887586474
0.7431678322556715
0.6884982978925989
0.7487769853061059
0.7727354184039098
0.8542751585261661
0.7736813803660518
0.7493501664116847
0.7443344522928477
0.7030387479038029
0.6906185541737121
0.7343884720838869
0.7332706551188063
0.8007126722993054
0.7529418878946668
0.6925323413679113
0.4509970545232951
0.7515357214006343
0.8002621190473808
0.7221510070613752
0.6266007125032693
0.7260663640358602
0.7516533958531875
0.6277921110198114
0.7601373544521306
0.7484781267087948
0.46685403485182614
0.7748417458192676
0.6175403413575846
0.7198843003869311
0.7516535269281631
0.6463466647801062
0.7328024793967525
0.7704704229729771
0.7245160766307079
0.7767023651507681
0.6520645340218555
0.7893434360377247
0.690155246960922
0.7230277196455916
0.6766111179850413
0.8491965618696787
0.7059731747465539
0.6007934698004596
0.743684263005043
0.6669830373812381
0.7154323533686315
0.7107145634019054
0.7188890674199702
0.6971473514550471
0.7934162129834416
0.7857685806297345
0.4688793023175851
0.43510933037656585
0.7213000134302776
0.8077682736803965
0.7100312228887838
0.7712432987024979
0.750252090315924
0.7354329785333005
0.8337527145411717
0.7664683793603616
0.5713667417908992
0.7915694914976205
0.7854754679495115
0.7666478259523136
0.7237413303092421
0.7039764948920975
0.7470467491924302
0.7263647998240057
0.7743153395450435
0.8205993749069986
0.6397138688175172
0.8745508519835679
0.6097741666051949
0.8282242693849763
0.7663743887529229
0.5938335095835441
0.6698436148190239
0.6774236632325006
0.742022191864044
0.48373432174278863
0.7107901945223105
0.7233526250915426
0.6108188132356996
0.8380012230726089
0.49313607722540964
0.7309905532989011
0.6838415213616765
0.754875073005438
0.7658690614135131
0.7327014334598886
0.8273768686321317
0.8647860626126864
0.7513806028087268
0.7719349390883288
0.754449624857013
0.7878797225397021
0.7149435082962223
0.7637792527313597
0.7600516411075143
0.7685382613669779
0.7878607673867581
0.8138714640489113
0.7983842257630982
0.7106554891122872
0.668792236006966
0.7892563089095803
0.7802814719308445
0.492903740150631
0.7444244471246206
0.8154028815657516
0.7182645409274268
0.8041578995951475
0.844955788433073
0.820850451094402
0.8569340332716415
0.7359248294487736
0.8226838737454023
0.5749816250893777
0.8577122759427758
0.7505239154616241
0.8220135138877575
0.8162517638387274
0.4827674821838008
0.8172104943952191
0.791006964066932
0.8440029234496744
0.7467523365455905
0.6902475220992897
0.5989412291127085
0.7704203681754964
0.8253087366819996
0.6784158652991311
0.7321687631747138
0.8371603886354413
0.7976736325114744
0.7673279821239233
0.7376297076237206
0.7793294651254479
0.7750664882199597
0.7865588569304397
0.812418602293671
0.7418813064629578
0.7784248836288725
0.6909771181918123
0.6387582755454076
0.8041961836539653
0.7329404210809811
0.710392882883641
0.7573123529068638
0.8359729755315095
0.517731276813264
0.7575827441917096
0.7499439932761416
0.7145516882513345
0.5322084363531789
0.7833634662379236
0.7751208031622114
0.816929087021853
0.51462877474086
0.7258891280367239
0.7428411273407294
0.7857338512669932
0.5514164238042124
0.7437007651593427
0.748716609561519
0.7516743426082249
0.6289078644200408
0.8247710057297533
0.6197669730518327
0.7915628325866824
0.8084490957929144
0.8219895352403644
0.7686511260626134
0.8168539644265068
0.7259230408484746
0.7516290968330215
0.79653964876144
0.5899024443630436
0.7834302524736025
0.7306744330422187
0.7140169600742241
0.6425100427333227
0.7440674811517737
0.7987837254938708
0.7727604142742882
0.5248385001382142
0.8206619650102772
0.7521124156216686
0.713537079665235
0.77779870246534
0.7712648050305441
0.7458365575565796
0.7159457227881291
0.8262885325735355
0.7444810151520911
0.7472294599127555
0.6818949794060063
0.7850402677284732
0.6492956539902316
0.7636843250035562
0.8077243481354011
0.7915635600583931
0.6967703706810103
0.7465248814441829
0.618530522161031
0.4227791825259501
0.7632696677877105
0.6665904623203848
0.7540082047413559
0.6468216811410951
0.7640989855908721
0.8315770501034389
0.7549023249623232
0.8210054395246672
0.7993450623032546
0.8128244291915665
0.7588715224917264
0.62356333840371
0.7762179571225684
0.7883232976378406
0.6245586321514704
0.6363591708126386
0.5480793679620036
0.7511634844849202
0.690916112775927
0.7709656875601542
0.7387531734845418
0.6263497510836904
0.8401030685038257
0.7431678322556715
0.7657835948657216
0.7816905821291215
0.7579109875685422
0.7902640073843139
0.7441486712306107
0.6243263296209668
0.540039092788465
0.6615440224058208
0.7148611142246902
0.5308586129170925
0.7860599236787735
0.48431981838840066
0.749858911474582
0.7893647209239343
0.4904458915684986
0.809575776614471
0.38857418814086053
0.6973297991605573
0.5961063757769566
0.7455677004403078
0.8111542340062623
0.779728317669163
0.6029258583683827
0.7366551008802459
0.7783802933190962
0.7690296383472621
0.633519450057674
0.7161386956983822
0.5691154740171147
0.6926235357697714
0.7459651901996907
0.369470450278118
0.6835686416193782
0.7510853745574476
0.5560518389046532
0.2567085237264684
0.7558720807145188
0.7772807378931664
0.6782758231507962
0.7149203482616983
0.6336338588871999
0.7161947094087491
0.7731260271652971
0.8213283043699611
0.6935441297963989
0.5308433342299904
0.6528077610158011
0.6835689372597612
0.7611971311870198
0.6534884630383039
0.7680167090663943
0.6089758964461718
0.599224374719669
0.6821030732831467
0.738580649825456
0.6919118988367272
0.7602934109047191
0.5170458238659246
0.5677690855218132
0.7501141592559193
0.6359161184592703
0.7100367757984715
0.528542117301758
0.7123028253189432
0.745960444616289
0.7783411919605884
0.7821165207110006
0.7175320538434498
0.6498436019590315
0.5859391564511398
0.7258996232106243
0.7905885997515287
0.796451143216162
0.6038716210492798
0.7159942954437404
0.7362814814814814
0.6894340003768841
0.7315808856940978
0.6292904582325454
0.5785541730666487
0.7288287492126233
0.6366721036493236
0.7299944384724495
0.712061850052712
0.7523918396574929
0.6308455721840737
0.6436050013717078
0.5992171572535131
0.7661838983868323
0.7692465458616194
0.6940070904801587
0.7649912775602301
0.7379029064051097
0.6835232449781617
0.6880690542869553
0.6945555284134997
0.7866819038630549
0.8095818667348271
0.5825003206701725
0.6635681313838877
0.6853539209298287
0.6746100003590095
0.8168928346259596
0.7941509154095422
0.7759413973245753
0.636473602411388
0.6522490607866984
0.8241904576336591
0.5247470641181785
0.31624350130301576
0.730291918523519
0.6259411935874654
0.8282622481012097
0.7198560382762951
0.7740279855151887
0.6341809834636737
0.7230608558218791
0.7695631938501747
0.8408202725328437
0.7500760668120461
0.805962374513662
0.7188462032889062
0.7710103913208283
0.7887905329189642
0.7353656811413403
0.7258058894394692
0.7096957260607799
0.8291178440419361
0.7867789334815838
0.6877179410208413
0.7647630896933041
0.7544211054008622
0.8462113825626867
0.35732862080996464
0.7424476235481936
0.7651446215175569
0.7210793738223448
0.7318979409449591
0.8339520030038073
0.7820886291584412
0.7614708281456202
0.6063811006474977
0.7969379142732845
0.7752120187009683
0.7488024263499341
0.6814989869499893
0.8048093798704294
0.7497421617826738
0.7840644397501442
0.7615119973600493
0.6829076562183964
0.748110233707674
0.7596542721553271
0.7424685750810308
0.816192791715147
0.7225351658200904
0.7861355260838397
0.5517057836422482
0.8295445236226285
0.7968891959348199
0.8522997159779271
0.7458289634632806
0.5180753051712884
0.6831872375696681
0.7989915894640685
0.7646883839586457
0.7784448983680866
0.7350919236152714
0.7629451093063991
0.7355452799062651
0.5195647721955918
0.7987061963769027
0.6837819077474251
0.6120032065568338
0.6715081550117137
0.6439619280386403
0.7930579550700699
0.7671865112794235
0.7662161838338912
0.5149689509215338
0.7251846174238306
0.7389642758354996
0.7158846682290415
0.7668910695559752
0.5322132179885297
0.7742670907212138
0.4887973825852876
0.796303239908232
0.7475098998730653
0.8369595346979061
0.6084431746668791
0.5368566195471337
0.671455683386677
0.7716582912732776
0.7390658500070663
0.8038157064504792
0.615890998757058
0.7773579803314482
0.7732232431172811
0.5873825561790039
0.7824732444010861
0.666643253816747
0.43376311382507987
0.5565640419626255
0.7602486339656884
0.8083763518902846
0.7529367269066829
0.6955784258003113
0.8056444929186533
0.7160854904164795
0.838622544384004
0.7580399728032985
0.6492037051406417
0.705426064342647
0.741168144816677
0.5253171975677471
0.7353284548331849
0.4908012590807091
0.5549005372976159
0.8050315333889274
0.82085933130891
0.7418872027327018
0.8303083224620075
0.625887625501588
0.7790351422351323
0.7867642928198184
0.5928791081145772
0.7215317434958601
0.6878294796067043
0.4982765720746438
0.56179077887364
0.49992678137226787
0.2679914727569741
0.2589547672052972
0.5317385972078659
0.5499749203148714
0.5084199341581378
0.5366135997900341
0.30957872191464153
0.6281375097457835
0.41144854156160077
0.35102770332503064
0.2833813005102071
0.5019220346530233
0.3981998315142713
0.254875755571131
0.5285385567952846
0.6377354129437248
0.6513756481172281
0.270581529916516
0.6550817374019579
0.547439527633601
0.6004118754835283
0.5323762802847409
0.5440398180078861
0.5229492398493986
0.2532788737182125
0.4213477168269498
0.658343279886727
0.44528310242888947
0.7173092550687623
0.6248429366611132
0.4200657591087633
0.5935109171006238
0.48906240518350425
0.4074638052428911
0.6003839491508753
0.6485237546037781
0.6109417156248818
0.3049820163677971
0.7008243411054826
0.7280333281698383
0.42283115407527794
0.6306507422517253
0.7418041925213532
0.7552816924139794
0.7227329246096142
0.6563357598585924
0.5439795957144843
0.6749158078964388
0.6651065590463767
0.7149817501026118
0.667964602866359
0.7472978474602319
0.6280696531995605
0.6117118657056061
0.5124568280730928
0.7439457237851443
0.5215396115696368
0.5649532734926105
0.5921343529097256
0.7117800833654
0.6078723531309781
0.4483109431375914
0.4496801270275135
0.7386743016559204
0.8022617851402372
0.4517065681646761
0.7345035083351417
0.7631821583333648
0.7487363546858405
0.7679485645010214
0.604842394086213
0.7191260724245992
0.6887592297192898
0.4155785915685001
0.5143637664530676
0.6906356295042839
0.6959925872881031
0.7794395062722639
0.6178624163190772
0.31890676666918333
0.5114208676088898
0.7343670586295217
0.7528536556422358
0.7900494502883154
0.21657083991988355
0.428386494596397
0.8157770591311264
0.8070615459575998
0.7575235955651507
0.543089416396955
0.447419577978625
0.5901699778430244
0.7385998324814272
0.6547290547414711
0.6869649832402906
0.4946596913668111
0.664608373469722
0.7858827143553342
0.7252157022979183
0.7469143374550591
0.6721037519584938
0.6232846504951464
0.7370305087672634
0.652396430849885
0.6859985243992687
0.6384162555285158
0.4391311055815825
0.5716845770532853
0.4745793389063245
0.7723187300243259
0.6512808624296502
0.4724702063889612
0.7988906160014422
0.6698293448327606
0.6036739652065429
0.7402015163642234
0.6165522779315019
0.7577827285930613
0.6382369305547896
0.48765104469238935
0.36935327004843876
0.09710322088491584
0.25095914657393803
0.4099073814028385
0.216115890236649
0.16231186652702495
0.38211435450759546
0.4751819114995005
0.32001836071175616
0.6291775724356999
0.46477553525770365
0.7123474250701294
0.47328187688387574
0.4393663226549662
0.5813818533920074
0.532211490086664
0.3844973655892676
0.610631185995011
0.42161711162528037
0.19367088831644935
0.32525576520826843
0.4437532461295019
0.4346255899281673
0.1312242088372653
0.5394618887791534
0.5336497893777099
0.41422740315396894
0.7240150987662828
0.5438011671420105
0.4054007025700263
0.5488108888370176
0.3466827361324399
0.5363816869038179
0.525554156713169
0.6620525633743201
0.6222974944808616
0.18891651493292339
0.609529172850821
0.5302987813710446
0.44868044772618226
0.472449618492279
0.41393050944827
0.20351572262772752
0.527051832851366
0.5229460492516218
0.4741837017974402
0.1995057433632908
0.6610727468828853
0.1445550070407125
0.7506221199746017
0.7053393745475784
0.42771159225904154
0.6628098858239881
0.48607719664302984
0.6789249862824002
0.6901833761592207
0.5678924925685935
0.6693940189809777
0.5410856158434749
0.7220878051191945
0.44333467194048093
0.7966490286053133
0.6936573027442203
0.6430651230765673
0.7681394991346706
0.742919131025736
0.7813380690901301
0.6234529880609689
0.7517072756486101
0.5294103498532519
0.6601157461386602
0.80713433534971
0.6010792081536231
0.7319735328367658
0.811470024410826
0.7952896747691895
0.7325896639493823
0.7709715197193202
0.6316688667686162
0.7543487891349373
0.8427612492274966
0.8227786508333915
0.5225020974221788
0.6114876576843461
0.524109325176419
0.5312713362247066
0.6231635739986896
0.6605324523662471
0.741565114471753
0.6548951337554633
0.7930581244470918
0.4754400372701828
0.788273859194802
0.7383902064306794
0.7156754323050535
0.7826325446753188
0.5500515822359671
0.7428719434528168
0.6506169366943135
0.7404239521116652
0.6477224997364694
0.6438935546070611
0.5225924346970181
0.5489595441673657
0.7290038610296903
0.6726260465122245
0.772198535590228
0.7433019761410513
0.2293069278861886
0.7704790038089786
0.6846432195393912
0.5577959847517132
0.6956590369015742
0.765208247549364
0.7647809310052088
0.5435523400000574
0.7310546037827347
0.5156073198244527
0.7921062675555192
0.6846173398084184
0.6293860067093997
0.7466697667374982
0.7705378272835306
0.6547622167083602
0.7061971617559825
0.671377762165712
0.6607259422755954
0.7860279124130289
0.710516466576847
0.7888272417742642
0.7969796742869683
0.6911101469900609
0.6441696497535787
0.7309278678200164
0.5341620940921044
0.7157066703552938
0.5550747633203414
0.7084330011592754
0.3163537672437317
0.39307258128182604
0.6477364299196546
0.6851625933110392
0.7152328735163154
0.6186193513012148
0.7656958494688447
0.5462180446253627
0.7140799190465482
0.8507239483465415
0.6552250156866856
0.7316120238402094
0.5468530983757421
0.7877950067695582
0.635426280199863
0.6847028891631349
0.7524595973866088
0.6105769974184269
0.5345500104951528
0.7207442580361965
0.8664996854840064
0.7454842608243868
0.7742176776054595
0.6612765921311373
0.6648488449773076
0.783406482752879
0.7632025719369431
0.742835610389105
0.6715754918004181
0.4217406105535141
0.40296938255018594
0.7144038210085704
0.8003955504485996
0.8036536533920153
0.8164706383418979
0.6816307712613947
0.7508704951700881
0.8625376324935266
0.5430047924798327
0.7656253711483981
0.5801633273043663
0.6075631791699715
0.7589055392569988
0.8128670847059395
0.779330138501126
0.503514640718838
0.8294486963746529
0.8444796244578769
0.48432465809023806
0.7137226274579992
0.8188746358492313
0.786625108456104
0.7006777365679371
0.5749258861233493
0.8009369086584082
0.69717505281863
0.7128325675587783
0.7057585972410331
0.7193832079114452
0.7153458735733028
0.7753546822346183
0.6357377999348617
0.7063899493714034
0.6563394758990594
0.6318767282441752
0.8274448170105895
0.7819870966295859
0.6856022711383257
0.7030336115653815
0.7902871358989394
0.681746526974299
0.5805801066297203
0.8313300385691701
0.7338693444088369
0.7301841176256417
0.7830033507245137
0.6184008815713635
0.575218995749911
0.778304960990982
0.5968144260478152
0.8088880024236166
0.8332318729654864
0.7173201937941505
0.729638045816244
0.5858328891655331
0.6399292784272638
0.6579592672138928
0.5556659320898987
0.68216361332914
0.42924876684689683
0.4188542180453096
0.412916025726568
0.6393364698924134
0.8063839137117196
0.6455886745008208
0.6343735601257862
0.6587070809051189
0.648858791781311
0.7102020477630737
0.7928811798295838
0.6793717006084727
0.7551283401464143
0.789509573539015
0.741522266299173
0.7423798285695656
0.7082406701326986
0.2882955866783114
0.6361445032295571
0.7892306353567813
0.5490633937332499
0.2879467987417556
0.837149494058612
0.7521096514477363
0.745230016285685
0.7363498119636147
0.5358939334713297
0.8035299211419943
0.5415019058185159
0.7828552943140852
0.8264943593645095
0.7916742230831184
0.7526981528848482
0.421969032679908
0.8052297016510803
0.8184858880881783
0.8269126188549949
0.6600099599403958
0.8855642778804327
0.4770940301023148
0.6505914007864206
0.8049131061591359
0.685615014139734
0.7394489873544771
0.8026364596705149
0.6628602541200166
0.6544139213830298
0.6306015216097484
0.7907294256142531
0.7659951102490221
0.5602239401975064
0.7947973502532719
0.7457887487709481
0.7952390966776681
0.5362143332294521
0.7524760316151867
0.6658431329160962
0.6846140120817007
0.6493746876804413
0.7492767894168284
0.5415318891051291
0.7096077629646821
0.22116514963076842
0.4666259616624302
0.7771326612165754
0.6405773350855061
0.2687039776050998
0.7823220165451165
0.7279820036038538
0.7077730304973939
0.7469282340803151
0.5979981042280386
0.7604611017599991
0.6200101239228989
0.6585702293942098
0.5235472863775571
0.6477838012646021
0.734774819654505
0.627871256902508
0.6129728452513405
0.7245839951240005
0.5322578564117008
0.33183138997834566
0.6589474224574898
0.7412236680495092
0.3574817050739271
0.4792912529174362
0.7990123315222778
0.6652015670560477
0.7251945739934443
0.7346710278106915
0.6952767122439686
0.7048307356298897
0.6132371328604738
0.7349919775158726
0.7083995754730326
0.6831967492578533
0.505049121422283
0.7434580190227839
0.5182249309816274
0.7724745300234992
0.5638578270348994
0.597034842640619
0.7230794456024541
0.7726778983666606
0.7256697077803114
0.6861352183520669
0.5205326111136304
0.8150910780931736
0.6802899361764964
0.835391252452903
0.7671242339769165
0.5990107915532363
0.6096219545707521
0.6634498609875044
0.7162659867503619
0.6540910886097089
0.7295680167693274
0.7218846926009421
0.801954482580205
0.7891172180220868
0.6642209385883837
0.7360507858806773
0.7724906872836642
0.7258331707460435
0.7734119790769742
0.5572053274788707
0.6965459109532486
0.5708405719562966
0.7206907201300671
0.8025518768628258
0.6442761732824758
0.5767364041007687
0.7542379818561292
0.6101092356927268
0.7575641577991548
0.5625560059566775
0.7644569575109638
0.7354438858059141
0.70809029552393
0.7076296752255969
0.7286168308050935
0.7543658202134975
0.6897351908741918
0.763924468999969
0.7283274309136644
0.6204802223931078
0.3792500986839851
0.5592766486310594
0.6971110609176744
0.7375900706860743
0.775035165893116
0.8055572853986022
0.5893817634633701
0.6462381087069979
0.6801754659468048
0.7630701641379205
0.7437073026002965
0.692213510126983
0.6142321039693297
0.7409661499163082
0.7482510203877365
0.8006976678033615
0.7123716227079315
0.8107455254685882
0.6235005704742099
0.5778273736448886
0.7829073773740812
0.6897496683344643
0.7111771648975157
0.8155148399722367
0.8220515492574769
0.6011088551324741
0.8138378093577743
0.7575022147453667
0.6835989376218489
0.6928911598535913
0.7178565348221321
0.7374621278284543
0.6051661216149532
0.800616587529657
0.7712937131467696
0.7388771072022358
0.5129658888644584
0.8051052889795873
0.8177739978853097
0.7614935554908763
0.7796385812798843
0.8572444393975666
0.759767724738798
0.5906201437093999
0.7945196998868781
0.8117409699148308
0.759627595633159
0.7511113075856567
0.699845036504462
0.7127119221127401
0.7707468041035903
0.7193142933016838
0.8010005171286844
0.766341560141717
0.800541391240853
0.7972705481001426
0.7188280480009499
0.7171181855964879
0.784112849251202
0.8141957958335145
0.7680724733577182
0.7968285891237413
0.7514575941845603
0.7768894459526048
0.7330411688817178
0.6278936040937374
0.828450167305724
0.7480110817296435
0.7181512353733059
0.7948687474286069
0.5246285860464229
0.7333199917412155
0.7863599514110448
0.7926329881555207
0.6274533726655009
0.66559630952944
0.7523151798604536
0.7362806660278141
0.6087594295079711
0.789017649020611
0.6970864311664229
0.8084666068754243
0.7613979062179407
0.8180374897813592
0.7381327850510832
0.7608342804147423
0.7711850495412413
0.760628525443543
0.451415896019642
0.775204123716327
0.5784589225928297
0.7519344720306822
0.6702426117736024
0.778767569399854
0.8034170017543795
0.7798891622360716
0.8480369414131643
0.8260585412496485
0.827797324641398
0.7792575861817335
0.4501092217988467
0.7459271791549372
0.5645794562449132
0.4099415062432585
0.44310040560769254
0.8099464527028466
0.8337207650424862
0.7368708341142489
0.7530023678115642
0.7595512218183391
0.5290548275445238
0.8467667103167733
0.7879138981471495
0.522396240250144
0.8130740413180224
0.7304395595038676
0.5224051364702704
0.8182154890612254
0.32205694548301933
0.7778599216784925
0.6545434434049555
0.7983671659945988
0.6975942606696536
0.542388997762165
0.5199774594704869
0.8687197262617778
0.5845851408465949
0.8231496752446579
0.2920891479800982
0.5881752610672674
0.8069867031624977
0.6775902857071565
0.6934751869935255
0.5439985062413181
0.726333388064962
0.38675269783673977
0.7510410345285708
0.7418549788818024
0.7677823172946283
0.5703888430254086
0.7480891675907638
0.7706672638172323
0.7630461662248476
0.7206425401988966
0.6689129319898807
0.4954032412784588
0.7984552439028502
0.5208038501745601
0.7959094705751307
0.77614965639743
0.48241496144020796
0.6839546159110662
0.8147860901486024
0.5311347803395959
0.7316042580989647
0.3954537385432622
0.6365328336099212
0.7698607005337286
0.7712055971252176
0.7881566263020546
0.6280715239642158
0.6430596816608849
0.60361153374077
0.7825689305395943
0.7257970024993057
0.6288108734224693
0.7531764067500482
0.4973988477768815
0.7543573895779268
0.7636796963508367
0.7597804161632931
0.8394093640202464
0.8047970462704283
0.7762469397765637
0.789627101340755
0.8524681420482351
0.8148827940142904
0.6996933513059557
0.7558359744783789
0.7491815047075773
0.6557530737293752
0.7869590406745991
0.7248119503513195
0.7119256684214875
0.7417637729172906
0.8449820841585531
0.5015036487946404
0.5848650708154749
0.8563477370997612
0.821897112457378
0.5390801403125361
0.7829306973533872
0.7857789073924125
0.8203145401933988
0.7313715808052309
0.77055456932159
0.8232090900375497
0.8438920869814716
0.6035560927822455
0.8029718664314893
0.7933874851919883
0.7994025088351425
0.8148451951060182
0.6248113294291887
0.7039837739188826
0.8045580607970271
0.7232487444541872
0.6256868925006378
0.8016254258998912
0.7197291913952293
0.8038595240453144
0.8428244460264364
0.6470654286361898
0.8196259287059436
0.596260150650856
0.7985305325833869
0.8526386759175097
0.4528677302338819
0.7165192370842852
0.5829931515885601
0.6154870928184775
0.5352443235033917
0.8276864175458623
0.7821245483674004
0.8319835439151698
0.8455673482498005
0.8119177936936481
0.81778840357855
0.8088646250544314
0.4604806822511229
0.8606403040235767
0.7398396901047438
0.6412759324737405
0.7003682208632201
0.6125553901680657
0.8243709960307922
0.5698885546778026
0.6560096641294745
0.6673246866112994
0.8059584550129851
0.5774176054533333
0.5598774564872897
0.6746546549473134
0.7745201600875922
0.7980544304062087
0.8139637338798815
0.7062574012837969
0.6516471777666506
0.5696037735098526
0.7802796812994316
0.8003408450717319
0.7610639094612809
0.8104422988982304
0.712210948144965
0.7164648684727685
0.784164275798782
0.6804721353849369
0.7935329141972568
0.7391408883559353
0.784313503178604
0.6694282565178171
0.5736262985564005
0.7503548329205292
0.6946161039095259
0.6349903578698828
0.7049778555403803
0.778937350119757
0.6237145509232991
0.8309894737387734
0.6726422379490754
0.6254264819432562
0.6664753768484849
0.6523034254240035
0.6380435792533982
0.6465894727646344
0.7673803747130955
0.6494052031432535
0.673197509578565
0.5982197209507555
0.6472126951117977
0.7126465587297471
0.8178176381045321
0.7073048630974864
0.8039129218162028
0.6706579685681979
0.7537460567501784
0.7923687659325854
0.7820712709142927
0.7574493831824314
0.6908964859174379
0.8153105670579335
0.7150032361330284
0.8060018325175571
0.7979754324588968
0.7534385748719652
0.7579067752492376
0.7151131865485593
0.7345602654969771
0.7754102431578357
0.7557275358497719
0.5902452984955986
0.6561496627111282
0.8592087167734921
0.5205334286641685
0.5735291461987709
0.7810784072344912
0.7793527507098698
0.8587531426814731
0.5905823713994909
0.7345965507425862
0.6393102454784113
0.6880470365601556
0.7879713468747993
0.7732400270559503
0.8630356768444956
0.5731260090688277
0.8080173369398612
0.8284886987053544
0.8381817960716862
0.8159809834940736
0.7083105852108443
0.8345534841185358
0.6322948257086829
0.7321898790864317
0.6381455653768898
0.7700444819985244
0.5853507034304346
0.8245918626207837
0.6592147901085929
0.41903454743545593
0.3781585912223512
0.7950703491118718
0.667480962338902
0.8150338847266912
0.6553915209665648
0.7767764167868079
0.7929571471928547
0.7886493663266326
0.7611763711922898
0.7308264049583328
0.7506232887378477
0.7831575893748959
0.7265743157996757
0.8112416973766383
0.7147163702534408
0.7592300057946245
0.656959034965507
0.7542981934487668
0.7033275894103548
0.7836685678921047
0.7608230035947185
0.6102746391441171
0.7371246323308381
0.556044605683219
0.5067550665945034
0.8316814042602246
0.7576192425869257
0.8322106335035993
0.7560990853083561
0.7300323621824603
0.6747428120753247
0.5030392269757068
0.6569118319669
0.7609858233626683
0.8318083130226732
0.8150076334384387
0.7044605769635873
0.7429822387813053
0.6886119285490869
0.7527546399198151
0.783989883400752
0.5706436743161953
0.5748202423183235
0.873769695610268
0.8028474519423938
0.6786076428112934
0.7713574348180277
0.4935043667005859
0.7294065558847265
0.5214511272437826
0.5778495288777538
0.8022556014167794
0.7297313961547235
0.5681955562727345
0.4701964309955829
0.58891613873391
0.8042954653259272
0.7141033416804041
0.7871558611149757
0.7755351871764727
0.831838946978777
0.8032176303904974
0.853724256968981
0.7398693008718789
0.8126610834464257
0.6794122710928023
0.7097591801757607
0.823430784420024
0.7397456176524321
0.750813119350837
0.7531010910161429
0.5738847109830041
0.7650079107058064
0.677864939136664
0.8400763327736316
0.7422866746650156
0.6449888742235805
0.7982098559151813
0.8177808510514469
0.7185240871672057
0.557979491237841
0.6566623910314047
0.7800785660049219
0.609134684076845
0.7626954223730548
0.5802510567222556
0.7861332402891172
0.5362932391902298
0.6388632529894861
0.7087444399710706
0.5614533022424495
0.6399964692759463
0.7124974631517891
0.7873922388383238
0.6335851181156383
0.7088356980773942
0.7704823187764882
0.7348938940415857
0.6613135130260899
0.70107812557297
0.7512829836459689
0.7863517302485507
0.8179438502237041
0.6071402897645665
0.6307597904528081
0.8444586200552047
0.7021811448074031
0.7376682506785337
0.8265402758978445
0.7282661611447436
0.7237399936993468
0.6173309497988696
0.7689163926687007
0.6355579990307569
0.7427758752251329
0.5528039586215538
0.7198129333585501
0.6621750987137324
0.7676449306985895
0.6800006089762631
0.7308194573780813
0.7446290372127303
0.7993085084025973
0.666117494811348
0.7416408108418057
0.828888133936274
0.8859375104207748
0.8292097234222134
0.6037219049263828
0.6809980762876626
0.795882550847699
0.7822318946046977
0.6554418752549205
0.654052961531822
0.6783089754681377
0.6487852381816265
0.8344834750569184
0.8062522462658126
0.7354179402510536
0.33744728409750313
0.32374045720284655
0.7097232120555758
0.6220159289997347
0.7941900225652893
0.7791145089322891
0.519859358811106
0.6068600510507499
0.6884982801254484
0.7806687872630941
0.5110140089591771
0.8463309138756919
0.7972769655541363
0.8472088515565845
0.6849761868408731
0.7571216937878187
0.7290559503839965
0.7795804863570798
0.7533249436843126
0.6369955500516485
0.6688682488251394
0.7150709458332882
0.7058429383104259
0.774082319458837
0.7462057582111761
0.6848149103809312
0.7665337540451944
0.7004571881013189
0.7672392308941579
0.7168954345377707
0.7660537850675502
0.7456875470804906
0.6498117735305494
0.8028294254505794
0.7146214694078991
0.730853848347345
0.760803397478907
0.23353299055079124
0.5385931337316553
0.7410942968185371
0.7208305226816846
0.6319584987286849
0.5983067822802327
0.5601023131627653
0.2521270452541255
0.6032970648874434
0.6442281802637924
0.7306391081173628
0.7757834994173334
0.5266389240609322
0.673609019367469
0.7129781679312304
0.7412585750857724
0.6170728268928206
0.556834664179558
0.7451671760283873
0.7147351464258207
0.675650613511809
0.6975989163734999
0.7123097308668052
0.8225283040869611
0.7585596237751179
0.543556334436926
0.6409604586242316
0.6511999739092722
0.7615316500355099
0.6167400958405855
0.7209196349411043
0.7811774975546513
0.7094205652254257
0.6286726938525439
0.7625350350196409
0.7700033031697535
0.7369901130794183
0.5760232381916354
0.26832829854444146
0.5762314382931112
0.6552425998699989
0.7069125934878536
0.7426111382166267
0.6682900745647199
0.7391453047966919
0.6818477702987569
0.7198526839487749
0.7449656365288675
0.7860110243081749
0.6833475961802726
0.7542321570782972
0.6307063795444929
0.7248504131622859
0.5846260511244868
0.4609789104718656
0.6930132581845052
0.693239919507376
0.6975172729124521
0.734538795558676
0.6747365854717609
0.7218148249673189
0.7151339274487349
0.7809588038575451
0.6960651311485268
0.7371316605615779
0.7900585047635902
0.8043608728002134
0.6608507346348361
0.6432928223971756
0.6838265902599483
0.6776728290373311
0.6203521461011706
0.6983206534914848
0.7125288753424667
0.7742780973911443
0.5318232267177123
0.7645161454528026
0.7382741583972701
0.7148562383048379
0.8310094421431077
0.6424825391678552
0.6271030235565243
0.7218683499855749
0.684097200658211
0.6208505565861802
0.6126532461783443
0.6216082233661124
0.750462851657461
0.6869476215165047
0.7253369271620997
0.6537937824006791
0.6888626023374519
0.44159694347205813
0.7484783541319624
0.5935066874966822
0.44781162437401123
0.5745179795218417
0.6961564035871399
0.6570875650325605
0.6852019097474666
0.7332394147385568
0.5839222283727803
0.8082613616094834
0.6418087095084924
0.6015652353614271
0.6711825749515836
0.7393221261731303
0.687692927293569
0.751713556527911
0.7001579311628844
0.7588780100732322
0.6456073143955844
0.5243882958422494
0.5118464339271853
0.6662667156213216
0.7651784938170789
0.7334864313429625
0.8062560464734638
0.6361274228900302
0.7625059963564536
0.6831767522856234
0.6902933301767429
0.743542144810326
0.758593991014433
0.7565968435845898
0.784800072672014
0.65544745059896
0.7993807662528347
0.7288598813984984
0.6214562432406247
0.7347969596911966
0.7292892682253737
0.7183427522433823
0.760836632733742
0.7569093878411972
0.7648919859922602
0.524752236384583
0.5401028828383686
0.7665136006333939
0.7684398827408763
0.6729613085012395
0.8067133462231945
0.7072050846915325
0.6212081564392516
0.7032895315107264
0.8331985573555889
0.665970509592061
0.5636004308357827
0.7895087366828369
0.7657637553067511
0.7653645830074671
0.5531872856391886
0.7152027074418854
0.6421000882309501
0.5997014788868273
0.5897445027250157
0.6570667828417892
0.7288936490715655
0.8280288040162166
0.47710410057507135
0.8286312694160332
0.6931499183101738
0.7364046035642104
0.8467150012950981
0.4621757078877586
0.7089417994497024
0.7195170901389176
0.7964484611036269
0.7566132015656325
0.4694072288710844
0.7978773010782192
0.7327232886981123
0.7655957002680984
0.774915845958141
0.6946170194567582
0.6658458003411037
0.7893318006890273
0.8276545608491479
0.7574292437854385
0.6518867807393397
0.7121543652472078
0.6440462483142089
0.6721520893287718
0.7561599063161352
0.7554254352578503
0.83678309856863
0.7844229720406781
0.7781309347623719
0.7673085924540686
0.7075419618829635
0.542015335872237
0.5968078828929195
0.7279001570331399
0.8108112762980216
0.7090200687915563
0.7012431578031583
0.8087790370255332
0.8114629508186524
0.8300520149608224
0.7981045610197419
0.8149431810203889
0.7154728326399019
0.4740584009925977
0.7868677823256371
0.8123545774624504
0.3360493455313155
0.6857900569427098
0.7946462295138487
0.784687694535825
0.7401251994854381
0.572162806327032
0.742507526912844
0.752959274793674
0.6668876143841441
0.7522740559756437
0.6998119627885305
0.872218102303579
0.5150712089347889
0.48950040316181026
0.7663675760280141
0.7860856663930369
0.8205268346498424
0.7165921603193774
0.3333431721192957
0.8244762820388957
0.8109593385136844
0.727564297876852
0.855186672759041
0.8497935225897129
0.760038130326121
0.8239228249721486
0.7894635466596411
0.6869089642854057
0.8551762585933466
0.8356011723782578
0.7874345759866077
0.7500508445312096
0.3470625651797095
0.7417749925146454
0.8177802471417499
0.38619413925620627
0.6314052120593922
0.6696966999626832
0.7980103574210174
0.7511205824551677
0.6771676871856401
0.7990881300571546
0.520253861197498
0.6628276519387866
0.7261991150862767
0.8202744994525077
0.7253061310338151
0.7901075063975853
0.8334421952866689
0.7466205070845953
0.738314159773042
0.8196335892929989
0.7956291097205505
0.7692798719313256
0.8047594233507149
0.7741858466570156
0.7352916154545439
0.6875879976968622
0.7933186411292726
0.8481310220370655
0.7167596562620304
0.7533854485938849
0.7852744566759894
0.7723891170332345
0.36204493809044197
0.5926617555447948
0.8419166701146223
0.8324478094591881
0.23092497820651506
0.7197012921357775
0.7412393745625354
0.7160270272326591
0.7392211878305526
0.8141946206798526
0.6728009140477604
0.5314762507434798
0.8701624227036082
0.7092822109721522
0.6938817729137997
0.7824933472547566
0.7615765884281045
0.811962054517676
0.6307634328322539
0.7904381738292381
0.7859882140092559
0.788785929407508
0.7937040407031215
0.7402238706572328
0.7506434817717783
0.7856520163460449
0.4734874173901678
0.778552732450497
0.74830454943069
0.367256283637243
0.8334098958526478
0.7498068343417336
0.7384669048211552
0.7898402482948645
0.7964508430589693
0.7545010547485305
0.6981838522128194
0.7762946908375271
0.8019089756728937
0.7706409114024302
0.6796466042131037
0.4703264923461682
0.8065493504704245
0.7314585997226238
0.5514613790903321
0.8006762259912739
0.2700891665641749
0.7801754860902497
0.6927311138290793
0.8465948272101324
0.783143017310607
0.488967039422555
0.5160245455624185
0.6025572916878964
0.7506047917781773
0.7393658124668226
0.7883993147186807
0.7337367260762778
0.6825729158027376
0.7715308780103676
0.7035930905635213
0.6506105787561102
0.4337508408169695
0.643611333614687
0.7567371664407122
0.793118005498552
0.69803004526548
0.6439629633462696
0.7745940617403815
0.7790482649417314
0.7135455867052438
0.7881094996840418
0.639086847268922
0.6918593775098921
0.7417406138732587
0.7815615431714263
0.7487827757886746
0.5817235429463449
0.728024094144267
0.7167694192797207
0.7744656496474639
0.7101513439610659
0.6941153300352491
0.7916518117008142
0.693661779855413
0.6062562754471909
0.8100065713611191
0.8179532891736859
0.8229264195763831
0.5889981369952215
0.6651625487197568
0.8372313273616845
0.6790338485722528
0.6823276568506574
0.8405095193835056
0.7080241863242809
0.7602816574041674
0.7563263452135272
0.4567573816327467
0.7430767041367028
0.7966659581261802
0.769307379294915
0.7611575215128065
0.7050219512302422
0.6890233912706413
0.6154452548361229
0.41366414894045817
0.3628027895683734
0.605616919185605
0.7785337827092036
0.7425997168075469
0.8089328953433107
0.7016254326948973
0.7646404368649802
0.6315279680165768
0.7780544867345032
0.6389146667707738
0.769663878869341
0.8510918247092636
0.7004760313751623
0.829407210663319
0.7951585766342727
0.7691934614890485
0.7322724172253197
0.7524334698388512
0.8170508497606283
0.8117041596702999
0.7629989256525562
0.754886459899984
0.766927985287364
0.6726861907807631
0.7644539184358224
0.8170057787404719
0.8192404484350433
0.7635788225977653
0.7554292692352662
0.8142757167335677
0.5730645733276528
0.5931029001675662
0.8522575639635588
0.6391549271233594
0.7553073366862282
0.6056187969924809
0.503528768610134
0.7461200541724015
0.7602217740384192
0.8272979181746477
0.6099496600672709
0.7327756143634971
0.8477404198115492
0.7966795121793179
0.6567531588885582
0.5718339425905559
0.673485237800787
0.7187633980371494
0.7937458281110821
0.7392367266270371
0.7920763941661795
0.5385113551602132
0.7787554819644804
0.7051460243335527
0.6743624238140726
0.8155684688400053
0.7785696983900047
0.8102708549168525
0.7744071843373354
0.8223786611524218
0.6501414621434449
0.6832555802397648
0.6179651886145039
0.8235210877596592
0.7772664564062254
0.7466764637872499
0.7970361850875549
0.48809075155122483
0.7888955102389664
0.6871406810983691
0.7974638453272229
0.7872935917767903
0.7927665455610418
0.821696006678974
0.7745065041450425
0.7728905958714182
0.7818304218856966
0.7532753241590135
0.504969765120257
0.7457356145721838
0.8431611468942869
0.8118631755580812
0.4101121241072392
0.7583307298089378
0.7199947638253935
0.7613732099960662
0.5859375497574932
0.8053184526309353
0.778213281340678
0.7094289076817204
0.8411875456107023
0.8296170094169549
0.741827920990961
0.7080077985819483
0.7306982830591272
0.5950816590086276
0.7829926518347815
0.7944330882000559
0.7278262462040711
0.8523307500110718
0.7486344766160932
0.7410033420906902
0.7185716875837698
0.7015558800345063
0.7865305346511575
0.7003176578265464
0.8124342094871007
0.7510643813871337
0.6980474344351528
0.6145854223465799
0.7776914673862101
0.8520344094586896
0.7143505575480902
0.7233465881493235
0.7817511362089772
0.807917245367867
0.8405152054640886
0.8047006541979943
0.7420632709274408
0.7841218469051161
0.793251538537429
0.8282070675325842
0.7389948433723543
0.774007762743615
0.7742193476617498
0.8335292564155214
0.7542948362605566
0.7423983563312229
0.7092823897300968
0.7800441477661443
0.7510305893460921
0.7178949943738181
0.7013033249583784
0.8408690709578215
0.772324573327737
0.8180204714038001
0.5491539783013579
0.0904807369982089
0.7858287058833321
0.06702883343475917
0.6524644950242497
0.8054682758417756
0.7262472948545968
0.8150242929013567
0.7434452120509926
0.7733673601215039
0.8119819006770312
0.7696183006629479
0.7556044346781214
0.628534577232042
0.7945556219045931
0.7678504605836367
0.7647438157468593
0.8186169794150477
0.7309481493052723
0.7038926091575312
0.8517234347675346
0.7744992193619982
0.7871479994737323
0.732910013195766
0.8312684161418578
0.7679203857496703
0.7110735009151035
0.8378839800207183
0.7948832560272063
0.7092610631512326
0.6692653708345755
0.7602503139853475
0.7614158880533616
0.7283069545863192
0.7675906654616993
0.7975551747881268
0.7923551409574295
0.746312407603976
0.5106338353949996
0.753250870383973
0.7824628706684557
0.7721156140331498
0.7325863528545389
0.8149628960760203
0.8038865490150043
0.7752579266045079
0.782865398559637
0.7856834184579375
0.8391078632602789
0.8373728017711985
0.7517984312321804
0.8204759178235161
0.7617767873029624
0.7574495542134791
0.7576089615672196
0.7647993501361288
0.7319387456279784
0.7847886957747288
0.777250353069566
0.7505489440691627
0.6694751690038963
0.7184322007770412
0.6588721466039952
0.7448336144642772
0.7601943571583553
0.8147409397409617
0.7963389426896906
0.789289602190815
0.8414337619275272
0.8347639628151241
0.7694133205293283
0.7248630711854837
0.5985867669659105
0.7465642594841186
0.7517726955611495
0.7614451937295338
0.6302631275978083
0.8694080824665394
0.3644861646479534
0.7898490180244785
0.8187064652094417
0.7673951301290224
0.8325675326876825
0.6994579306762877
0.7070703479254324
0.7860423837315967
0.8032299252808616
0.8347639628151241
0.7835021599342669
0.7976158161569187
0.7863761625562341
0.7953559890042123
0.8275852998864633
0.7668346369018524
0.8020828654403203
0.6655595003098617
0.6223693892260892
0.8013111005373937
0.6464467464295965
0.7717527941240211
0.8100063674459643
0.7933465350481463
0.710898420410376
0.7842001560082994
0.6320355948000268
0.7872668732849069
0.8567942159270302
0.6612974430849496
0.7804719653870756
0.6901265073724311
0.7665127060942729
0.8030638664884652
0.7922808878903509
0.7783531884387435
0.7218768449301776
0.8028032713064184
0.4267137886329575
0.7971948079437822
0.8562542947282807
0.7326003824241731
0.767021548618479
0.4597508302712145
0.7855336647821167
0.591560973615826
0.8028902989612717
0.702413316350418
0.7617642922263973
0.638176524889444
0.32932000769725966
0.5990677709178054
0.7213579902346632
0.7269462971541746
0.6108605347673138
0.8109223024819766
0.36779344214638143
0.7289669455311747
0.7582906761230488
0.752020682259932
0.8417854441893639
0.8180537418030884
0.7744794366563689
0.7540197002107589
0.7533170856901394
0.7374838391771402
0.821073443177324
0.7019249101151711
0.7033816062844742
0.7302070067492764
0.7348096736217856
0.7363484283578849
0.7597175821336143
0.7825354510642595
0.7587115431353324
0.7370131218826075
0.7433433073432835
0.767954723172664
0.7123692370879111
0.7365631558888053
0.7939998786398448
0.7747172694015998
0.7086693222082586
0.7341713836414705
0.7177847562319988
0.5170079001934087
0.7232397817991736
0.8185810818998849
0.6468324620468034
0.764240086227896
0.8302127882578353
0.6657649104964177
0.7923980424194434
0.6938014633867712
0.8074242649190616
0.8324783442896647
0.7505112907048129
0.5246442094011341
0.8088536426767675
0.8035656107371179
0.7562040441179725
0.8035124969648741
0.8447427675325103
0.8921656790154637
0.7677530522061206
0.8300711840086111
0.726997501282487
0.7597480870699974
0.8321908544007727
0.567886694820237
0.7738772066829442
0.6532839590730818
0.7545010362118064
0.807604263280215
0.8319094937064989
0.786096270704629
0.8234129149560963
0.6589876252051503
0.7613299969458809
0.8138203171283276
0.6732428733807042
0.749552737165891
0.8538186243490942
0.758999233680206
0.7616370945315698
0.7107361832961648
0.7287657144099239
0.7857615056214848
0.7533650667682035
0.5807767583536994
0.7704103702762747
0.811921759021385
0.6868688826283922
0.8154057383749246
0.7841423894630551
0.7426242237171171
0.7989241405719182
0.7430195882562383
0.8591547586119853
0.7677970082927427
0.8260756550146264
0.7706060078591956
0.5286418317240977
0.7495080238596311
0.7298948757931149
0.6163481826833151
0.7947803198952045
0.6735741516712621
0.6520835082422282
0.6988493127102671
0.7120391689081478
0.7776748344252445
0.7183363790898808
0.7617082330844522
0.7124191163779093
0.7721555391620543
0.7900614985162373
0.761552816035833
0.7822938908633141
0.7633048601604571
0.7559464050189305
0.855444524276226
0.8580805722108249
0.7692126811409397
0.7656986036139452
0.7660002706006113
0.7022537097190593
0.7310235664605552
0.7348671545864178
0.8348944836525821
0.8023789804493091
0.7892083723050912
0.8056473332892787
0.8038375699211083
0.5153731403385403
0.8382610961056467
0.7690490429270888
0.7469869674096237
0.7317735670719024
0.6722803521763171
0.8037344717574332
0.8159614843072697
0.7350801557473807
0.559020543636461
0.7492714334805722
0.6605927395906376
0.7696723835392129
0.8053168600407931
0.746046160892319
0.6277261320392875
0.8153877692501535
0.7878447322513786
0.7596690831199308
0.7754892568008616
0.721865637529871
0.8307222440374986
0.7682888593146856
0.5977987153106032
0.7299078707627522
0.820636044880317
0.8022389614845118
0.7521265520818011
0.6407806062705287
0.7109020366395393
0.7700699443747403
0.752731871174066
0.743975968241141
0.7538787813401617
0.8109282251037248
0.7317208521545931
0.7654037426129056
0.7942256290625455
0.7622126825471005
0.7781287770882457
0.8370695764486941
0.7438818043257136
0.6620751558280746
0.7269049994900821
0.7936153484078473
0.7863660846929785
0.7930200864867705
0.7918154618455671
0.7543069946989273
0.7249450018566667
0.6820478859856776
0.6726970168244318
0.19132398688685992
0.8324622342352302
0.7590316874850425
0.7494905461532894
0.769621710753243
0.8010426145635238
0.81959905084598
0.7174954623858202
0.7822130911668491
0.7543542041767526
0.8126462512359841
0.7654535800912474
0.753383685607389
0.7867808226831086
0.6144947389661589
0.7752325777779432
0.7467812964580083
0.6296540330965584
0.8622991182684518
0.6419289840058826
0.8375647487937087
0.8033170039318546
0.8425419563590445
0.7957422308432578
0.2828999911634072
0.6881041208325038
0.5483497165518076
0.8106638292082701
0.7691069316916245
0.6743313610660322
0.7624410651841689
0.7791320464652226
0.6988545290521537
0.6133854119149738
0.8469342900020852
0.7871402371868517
0.819284605356757
0.7257499425578057
0.7337575846982383
0.74549139867842
0.8090896463589636
0.7480764222017241
0.7647736565060147
0.7938002344555936
0.549614147600393
0.7943711471635327
0.758656520445018
0.7794876507973949
0.8317040307952845
0.8111024489345862
0.6245592619089098
0.7241415667802933
0.5676516188291704
0.7531505019177501
0.7770829962682653
0.7713874556121751
0.6979124744773455
0.5798100536314111
0.7739539989241563
0.7987057945653633
0.7601370425007873
0.7902338424701623
0.8430703057046799
0.7490352764597535
0.7726860679009985
0.7606068815462865
0.8258433129418381
0.5760900948123219
0.806530934382932
0.7634744741639047
0.783580250645536
0.8677380960832043
0.8073085214711442
0.7976513231988478
0.8152203022789043
0.7408721305120244
0.8380430380081649
0.7942194199669976
0.759814732812281
0.8287196603825115
0.8041490774945911
0.8212201919380351
0.6885640860183431
0.7733089568255194
0.7967593980604071
0.8123232791367566
0.8051301339615727
0.54880427508101
0.6817861597700761
0.8483886253772126
0.7797158908962516
0.7784055636550583
0.6436433352598915
0.6939827997622767
0.8229443489175249
0.80282575424178
0.7678679828303777
0.7379443363854292
0.7315379372723241
0.7685400189343761
0.7536249084231181
0.7419617554325825
0.7823970672416608
0.767701357290409
0.7567257288843292
0.7675444391397123
0.8541166466729251
0.8349837588513229
0.6301754625322215
0.7363222265258595
0.6964261673015224
0.7709144871019113
0.7910949891072262
0.4927593932849588
0.8069232613998609
0.7632760998697254
0.7804459243232
0.7690146136425772
0.7369631439416824
0.79244482152991
0.8342985344687258
0.7642930343572205
0.21312861429038407
0.8159325768280096
0.5946321727815339
0.7922811208280386
0.7741513039590896
0.7611078139069564
0.7315139867265478
0.6471553352790343
0.5044595524621213
0.8488699272948462
0.7786121507734552
0.7859508822618101
0.7753443260433971
0.6883817973684924
0.7632379693112634
0.8352444682463326
0.7275813968809897
0.7512555188212129
0.8054014132504238
0.8307242379455613
0.7603571472172965
0.81739371375118
0.7690759381391659
0.8054903826506394
0.7904828310887297
0.7408739367303372
0.7415033424591384
0.7202751500476474
0.8193088219285563
0.7056082002334269
0.7505609926323084
0.6612737189573988
0.7898000928647062
0.8456377508837134
0.750365311009367
0.8270561686244747
0.7718698387008684
0.7172215162706137
0.7017004729788704
0.7996270514574099
0.7151205547261361
0.7461040099527917
0.6651158005433677
0.6155571470497119
0.7477119245120707
0.7946527384893314
0.699499979499806
0.642361633448506
0.7557662193471987
0.6125564345959027
0.7990960886798882
0.6733851695482699
0.7363754357435881
0.784536294163514
0.7856195775547262
0.7317215653117576
0.8068305672029031
0.7487852464710986
0.7646902664877322
0.7958431243382735
0.6371071692033632
0.7526063635828599
0.7792783812696767
0.7904225058798825
0.7778533568516235
0.8518464679476869
0.725956327146803
0.6660812672608444
0.749991438304229
0.6579482243336081
0.7581434160262657
0.7037518814241861
0.6605005284671144
0.7878781057498355
0.6268686484548597
0.772208139597576
0.7768176648254665
0.80410360393562
0.4828138623641224
0.7423932252361127
0.7617747262848369
0.8098055997905128
0.7508528285819251
0.7718062567693458
0.7682819722609355
0.7954199636099365
0.7367171900406985
0.861941640935612
0.8314448883782252
0.7238551552253341
0.7662929302215786
0.7671753092299254
0.8198458259289307
0.7787334520065774
0.8134914026475726
0.8342968166926624
0.8375121388211901
0.8290531934388706
0.7473039297589905
0.7906414196407664
0.7432875478371045
0.785749915312527
0.7825826848212242
0.864779913119207
0.8067291116546653
0.7633198452630103
0.7683677283395062
0.785606145287949
0.7127750653790188
0.4823651777760612
0.7683022624668219
0.8302381425189388
0.7991679998423049
0.8076383163104296
0.796173929384501
0.750094163975427
0.7982216682667894
0.7657595793445386
0.7812217351749504
0.7848729502818115
0.7683877571349761
0.6699725467781273
0.7551880751352545
0.7597621291413336
0.708700911744652
0.8394745363654255
0.7547753377210826
0.573223069066928
0.6314099130563154
0.7175341780428883
0.74540218076736
0.8004005109038752
0.8348711707999041
0.7480923381472466
0.7115707439803637
0.7860709050161298
0.7944715042961432
0.7997579439412992
0.8136474289829526
0.7424458896489409
0.7630579181474935
0.8107568378264612
0.7762392278547706
0.6182382457081907
0.80951018728053
0.8227182011323362
0.6398885234319546
0.6883228999021408
0.6621296454466021
0.7539820985296192
0.8205636619815897
0.790716130871818
0.7943515252717946
0.7407595043668678
0.7744011336454172
0.7731662110149189
0.811637334216734
0.7539773937494322
0.6475747480480716
0.7964776115832468
0.758643381573245
0.7686147124981959
0.7938209898688171
0.8282331292441113
0.7649892236716724
0.7549099291946013
0.7899988575225376
0.8235288104301647
0.7840563977318804
0.7858169826766787
0.8055407037358687
0.6650511127621196
0.564321880970643
0.7825625311059933
0.4470103453371349
0.32473578961058364
0.7549378876080766
0.8279567034861941
0.676734784287193
0.762335573935494
0.22665607521397868
0.8390320656385394
0.5779687939004732
0.7851476606190522
0.6179167430344181
0.5748827145542912
0.6819178805064187
0.7426100068214619
0.8243304748008139
0.7938232008532785
0.8085229104551621
0.3031199506391953
0.7441807069717683
0.8481285791062697
0.6022967588445717
0.4702418751089538
0.758959042058843
0.37537167866078774
0.7638196743338732
0.696669346841783
0.3094592845409177
0.7299164843088597
0.5826376667178758
0.5940923358445719
0.41865004386009347
0.5752903153851756
0.7489883014673445
0.7187232245614859
0.756018608623517
0.7319076083461798
0.7422893360937789
0.610684794355218
0.7478383264783881
0.47182525946980336
0.7103888192486814
0.7158781780690471
0.7436369097427776
0.6848557008422509
0.8072656550164156
0.7797239925714697
0.7126924794790562
0.7408331511128925
0.6759638269914114
0.6666528124980438
0.7382517366437175
0.7353688880096023
0.6538650940666821
0.7944287982626836
0.6354713051079723
0.7707866804900116
0.730335177139445
0.7032397744724497
0.7249495066028808
0.6711928118825895
0.7541114664922725
0.6207540593962113
0.7376242691381044
0.6913481474295502
0.7351321047369725
0.8087544721941992
0.7366219711352248
0.7513480245226914
0.7454236183420925
0.6833233712077914
0.7138450329576785
0.8089552893386722
0.7416150535349145
0.7530489921866587
0.8000557930153946
0.35411489373470073
0.7046305840504907
0.6997128246191084
0.6941893438568161
0.5647268937293318
0.647561710860782
0.7459535390266783
0.622047232978256
0.799937238865141
0.6200367033048892
0.6220168748005591
0.5239049530101394
0.7805404312053112
0.7334384820023433
0.7337683171071636
0.6814043328246818
0.7362869469928068
0.6472348100933367
0.7499091675297208
0.5148373008268649
0.7550374866805456
0.6297845797024142
0.7556891447298584
0.6811823886642407
0.7069319244267871
0.7866259379984198
0.8240775500829757
0.8088994355533308
0.8081411928656231
0.7992203467639613
0.6822346474474357
0.5009349227699236
0.6260498772131174
0.5662873385128608
0.7681334847880827
0.7119906714116272
0.7115504722059742
0.7940459710388784
0.7345903292463832
0.7722161876197425
0.7929814177189256
0.7506152190355221
0.6890231068334991
0.6757629487995972
0.7600885240351422
0.669435710832974
0.7611176365698088
0.8205320699414024
0.7764353391647654
0.4669599440053273
0.6990276858639429
0.765395975869033
0.7712246543915251
0.6454241412819077
0.803496193461711
0.6191764033162347
0.7318695483953394
0.8504021876529777
0.6947964919019934
0.8235328675071742
0.6766062518842199
0.7794392422661397
0.7348899782135073
0.7883915956420666
0.74107590303764
0.8206417146816412
0.7182713391582516
0.8269968240553296
0.8048561073585786
0.800450985107307
0.7781170065660009
0.6990787725089106
0.7520358318967346
0.687632506943582
0.7635542142899933
0.8180033313180181
0.7446065122671084
0.5355438202831535
0.789085292959524
0.7024358441065566
0.6805022710078645
0.7344474648626695
0.8225794792831459
0.757077673754748
0.7410283500334378
0.7818824940037132
0.8045718522384244
0.7898302434937918
0.7918085527450052
0.72122855930754
0.6246397371728443
0.8023082675662768
0.7286328096308863
0.6951630643448528
0.7854630645822808
0.656263827368378
0.7414323189181937
0.8093541702234178
0.7864126181909525
0.8064114941104272
0.652087922594257
0.8326650949238596
0.7831760728406338
0.7972773663320261
0.685529278436763
0.7848255757345564
0.6988399973872603
0.7486553831913838
0.8017013915793311
0.8449504386586194
0.8108308515584741
0.7777602465675123
0.5807799014705572
0.6984350420918543
0.7259368863153621
0.782947655723771
0.7434141972539063
0.7188037971565534
0.7369448904185014
0.7237884479634793
0.76469857225477
0.7255610362464272
0.7456332447244262
0.755241650296446
0.6878605068497304
0.7049849504489407
0.7781941064308537
0.7574658133530623
0.7357778891428798
0.7681305272023105
0.7152965813064779
0.7257929296449913
0.7561068793136653
0.777784753363109
0.6995525936818784
0.7201501686189848
0.7423049571461923
0.7775335761400447
0.8153044866097282
0.7543821332168918
0.7470023955035557
0.7457492314119789
0.7391927710414601
0.7795135861855121
0.7441713907519343
0.6851927563903764
0.7578738086121166
0.6954273213070341
0.6260745763096746
0.7926161657640013
0.7247557320711921
0.7887304558440382
0.7524552220007515
0.7753006816966105
0.7548286996376247
0.6223754904028674
0.7406155247980615
0.6248082092288544
0.6948112147247069
0.5649424068654768
0.7478769264882373
0.7693898323313482
0.6851762930472722
0.7708296147045253
0.7779652016596214
0.7379949980576278
0.8066025023715824
0.7931769737329448
0.7348675288057983
0.7946261732535634
0.7132803450060368
0.7219791524224116
0.7504788318631163
0.7583359853835434
0.7469090400466277
0.7837847482669068
0.7501003262809225
0.8056051593821505
0.7419126650749805
0.7386452568827248
0.8450303543164479
0.7972698582902638
0.861138803786704
0.7671513783099242
0.6210610353116117
0.7263785431732317
0.7420282059050539
0.5990229666279554
0.7296870579958502
0.7699371317055963
0.6177641324632817
0.6038250032861493
0.7827128060445634
0.7647112421253226
0.75999444295248
0.6114564569823963
0.789896077583274
0.7175438463404791
0.8064482577340002
0.7916120597041403
0.8076525586994353
0.8133591666495492
0.7795229480462276
0.6963903335874481
0.7378796724354051
0.7151478145214877
0.7736104210456201
0.6957810620767897
0.823021696895398
0.7353425692207191
0.8151048251773393
0.8226445706121577
0.7906572021534555
0.7989957064319851
0.7932144038310441
0.6965654879544557
0.6813103706994836
0.5987010904669448
0.814346447605642
0.75773306423915
0.7533918310569397
0.7475109803838024
0.7274381184868989
0.7868443789978745
0.8407757883691683
0.7694765828483391
0.8346644750060986
0.829134881789548
0.8206450021889586
0.7565037259713243
0.7313800816331851
0.8399313336483627
0.5725638365917746
0.8088863266993598
0.7558969519465286
0.7897767018657521
0.6854660045928267
0.7640877842311145
0.7422840517870309
0.6372706701331274
0.7316940535762706
0.7119316559988975
0.8467519394924257
0.7692278288536046
0.8110937629195328
0.8242994288730617
0.8212168002237061
0.6927101366772942
0.6668943319346087
0.8308416549057084
0.6516361323266634
0.7878032552866263
0.756852849311828
0.7448328804786878
0.7900756292716905
0.7976724871888777
0.7661141398811392
0.7370696983244686
0.7732383978399529
0.8333254504125728
0.7587871969774709
0.8110863106810859
0.6520564254931834
0.7006857073815871
0.7246417507582676
0.7463073916685455
0.7537034473334885
0.5718083007540803
0.5170815948847012
0.7109197300038642
0.8007606146648237
0.8287027587679364
0.7185200075110397
0.8124463132832461
0.7886744504632743
0.6423004911878433
0.8175927843226263
0.7648175937132683
0.8550776994523023
0.8275852998864633
0.7925827670849459
0.7712962509372884
0.8446223198968933
0.7155495428899851
0.7117215161668932
0.7861039308852454
0.8248664286290576
0.8217690965693984
0.7437974557088932
0.6173117199549036
0.789706923231672
0.791791703879095
0.7351550758658147
0.7878622209837909
0.796166643952573
0.8518960136483298
0.7591789726306284
0.7632462651748015
0.7772136995413487
0.6485487054391595
0.7939882249906894
0.42025040948908426
0.6308523519928126
0.7508350646581874
0.36984730593982107
0.7992553393722395
0.7361788829724882
0.7714022144019436
0.6638386305644495
0.7243565115820887
0.7715025364392925
0.7538592367296729
0.631394986500121
0.8097756505970523
0.7084926078125071
0.8198573519725297
0.8004166406105188
0.720477958635913
0.7479949561810452
0.7848361300041382
0.7406330515728066
0.7394992410131875
0.790488531435108
0.7026942035460467
0.7980616864824934
0.7176610200148437
0.7229295913621957
0.7280651407090811
0.6900866473061589
0.7434285354576677
0.7470524512274346
0.7358886187547587
0.7622079906121486
0.7603847189572496
0.7773603252010204
0.7907317524126934
0.3487454647672571
0.8047200626586162
0.8163230710297971
0.8219992694921694
0.6594639618442928
0.7516674437801018
0.6862695697292119
0.7425097554372334
0.63830535016054
0.7479270049721497
0.741025672568948
0.7869789886884423
0.7461727851672789
0.6691567226497038
0.8371691402695737
0.7521295530751196
0.7710472179828843
0.7414795870328031
0.7288553639379977
0.7685339546912213
0.7930756444075047
0.5878153601517988
0.7254387932579902
0.7390327974448815
0.7959422975319151
0.5494925032652359
0.7790405502280459
0.6187746296252767
0.8339521298115546
0.4210908812758246
0.5847202086713544
0.8081604765913329
0.8373069052310684
0.7816853668387738
0.6659142569027587
0.7319702787428727
0.7838941391632936
0.8292876497238949
0.7808925994818767
0.7187799829009507
0.8378415540611002
0.6458665262160216
0.8006630843026765
0.8168464819885912
0.7404214070350201
0.24554040882068023
0.7749371257590834
0.7729941467218137
0.7876292790531516
0.7749801590439244
0.8162712138549594
0.8488102281056554
0.8300243046069695
0.7042968173890055
0.7499977604688121
0.30119846886010004
0.6184612489835903
0.2500890423766609
0.5195895538699022
0.7189291402015984
0.735425032177221
0.6813385614873994
0.7298635463552556
0.8295662690308991
0.8692291036667195
0.23650993576882154
0.8119316015216893
0.6127296547206469
0.5517940935933622
0.7677892698378757
0.7348817141096583
0.32724297163835414
0.8645020021962675
0.6787884141891075
0.7980434222639968
0.756213021744764
0.7423117076978534
0.7927490343862352
0.6795186538690103
0.7456046360596678
0.7526588914201827
0.6238357535805155
0.6648711153089144
0.7865397381920145
0.673816046874008
0.48748316536782194
0.7655735904587562
0.817146823586286
0.6617193357333232
0.7961882670804488
0.8056908670082018
0.8239610988203085
0.6805788956947759
0.8531166082432488
0.7712064219529806
0.7540014117316359
0.6694121618072687
0.7645998765947152
0.8170155793243059
0.8393980844416046
0.7549781040604148
0.7443054514648475
0.6867675997796031
0.800245697303234
0.7837783105899164
0.7964592595259997
0.7596656489781454
0.8174010108688502
0.8634300882535213
0.7450991621020658
0.724307173337176
0.7980563185554719
0.6427998974591467
0.7475060955364947
0.7687219929849082
0.7362683067766495
0.7633225411531442
0.7497148323257075
0.7899403661133843
0.771098076482888
0.7618625153630485
0.7655313515977756
0.7419275362165857
0.8050281374650841
0.7764384536055549
0.7365073710154624
0.693294641722777
0.8001615123159166
0.6646630133620296
0.7418440622951921
0.7892157192094913
0.8128111247920536
0.7053376105537253
0.7555400432874291
0.7916974087424105
0.6148610582343713
0.6151628163590326
0.6002937871413604
0.8019610678734428
0.7422651370481672
0.8215495061540738
0.7325977820675039
0.810290976605976
0.7886720285488797
0.8047024329838997
0.37978485879323737
0.7695671988235011
0.7930151226511575
0.7921915033426846
0.7588306207053331
0.7119314806987249
0.8418972545088973
0.8549226269360788
0.8349808673040434
0.4481140078693662
